9.503105590062111974e-01 8.699186991869918284e-01 1.000000000000000000e+00 9.304347826086956097e-01 9.627906976744186052e-01
9.503105590062111974e-01 8.699186991869918284e-01 1.000000000000000000e+00 9.304347826086956097e-01 9.627906976744186052e-01
9.503105590062111974e-01 8.699186991869918284e-01 1.000000000000000000e+00 9.304347826086956097e-01 9.627906976744186052e-01
7.928802588996763934e-01 8.208955223880597396e-01 5.140186915887849928e-01 6.321839080459770166e-01 7.273063754973627670e-01
9.503105590062111974e-01 8.699186991869918284e-01 1.000000000000000000e+00 9.304347826086956097e-01 9.627906976744186052e-01
9.503105590062111974e-01 8.699186991869918284e-01 1.000000000000000000e+00 9.304347826086956097e-01 9.627906976744186052e-01
9.503105590062111974e-01 8.699186991869918284e-01 1.000000000000000000e+00 9.304347826086956097e-01 9.627906976744186052e-01
6.644295302013423221e-01 6.206896551724138122e-01 1.682242990654205517e-01 2.647058823529411797e-01 5.553163380143856243e-01
6.870748299319727748e-01 7.272727272727272929e-01 2.242990654205607448e-01 3.428571428571428603e-01 5.880853615872857487e-01
9.503105590062111974e-01 8.699186991869918284e-01 1.000000000000000000e+00 9.304347826086956097e-01 9.627906976744186052e-01
9.503105590062111974e-01 8.699186991869918284e-01 1.000000000000000000e+00 9.304347826086956097e-01 9.627906976744186052e-01
9.503105590062111974e-01 8.699186991869918284e-01 1.000000000000000000e+00 9.304347826086956097e-01 9.627906976744186052e-01
9.592476489028213260e-01 8.916666666666667185e-01 1.000000000000000000e+00 9.427312775330397576e-01 9.693396226415094130e-01
9.503105590062111974e-01 8.699186991869918284e-01 1.000000000000000000e+00 9.304347826086956097e-01 9.627906976744186052e-01
9.503105590062111974e-01 8.699186991869918284e-01 1.000000000000000000e+00 9.304347826086956097e-01 9.627906976744186052e-01
9.503105590062111974e-01 8.699186991869918284e-01 1.000000000000000000e+00 9.304347826086956097e-01 9.627906976744186052e-01
9.622641509433962348e-01 8.991596638655462437e-01 1.000000000000000000e+00 9.469026548672566657e-01 9.715639810426539569e-01
9.532710280373831724e-01 8.770491803278688270e-01 1.000000000000000000e+00 9.344978165938864212e-01 9.649532710280374070e-01
9.532710280373831724e-01 8.770491803278688270e-01 1.000000000000000000e+00 9.344978165938864212e-01 9.649532710280374070e-01
9.090909090909090606e-01 9.072164948453608213e-01 8.224299065420560551e-01 8.627450980392157298e-01 8.888268935695354811e-01
9.503105590062111974e-01 8.699186991869918284e-01 1.000000000000000000e+00 9.304347826086956097e-01 9.627906976744186052e-01
7.413249211356467416e-01 7.551020408163264808e-01 3.457943925233644689e-01 4.743589743589743390e-01 6.443257676902536257e-01
9.503105590062111974e-01 8.699186991869918284e-01 1.000000000000000000e+00 9.304347826086956097e-01 9.627906976744186052e-01
9.503105590062111974e-01 8.699186991869918284e-01 1.000000000000000000e+00 9.304347826086956097e-01 9.627906976744186052e-01
9.503105590062111974e-01 8.699186991869918284e-01 1.000000000000000000e+00 9.304347826086956097e-01 9.627906976744186052e-01
9.503105590062111974e-01 8.699186991869918284e-01 1.000000000000000000e+00 9.304347826086956097e-01 9.627906976744186052e-01
9.622641509433962348e-01 8.991596638655462437e-01 1.000000000000000000e+00 9.469026548672566657e-01 9.715639810426539569e-01
9.503105590062111974e-01 8.699186991869918284e-01 1.000000000000000000e+00 9.304347826086956097e-01 9.627906976744186052e-01
9.552715654952076418e-01 9.189189189189189699e-01 9.532710280373831724e-01 9.357798165137614088e-01 9.547908538245167831e-01
9.503105590062111974e-01 8.699186991869918284e-01 1.000000000000000000e+00 9.304347826086956097e-01 9.627906976744186052e-01
9.556962025316455556e-01 8.842975206611570771e-01 1.000000000000000000e+00 9.385964912280702066e-01 9.665071770334927592e-01
9.503105590062111974e-01 8.699186991869918284e-01 1.000000000000000000e+00 9.304347826086956097e-01 9.627906976744186052e-01
9.562500000000000444e-01 8.842975206611570771e-01 1.000000000000000000e+00 9.385964912280702066e-01 9.671361502347417538e-01
9.503105590062111974e-01 8.699186991869918284e-01 1.000000000000000000e+00 9.304347826086956097e-01 9.627906976744186052e-01
9.503105590062111974e-01 8.699186991869918284e-01 1.000000000000000000e+00 9.304347826086956097e-01 9.627906976744186052e-01
9.503105590062111974e-01 8.699186991869918284e-01 1.000000000000000000e+00 9.304347826086956097e-01 9.627906976744186052e-01
9.619047619047619291e-01 8.991596638655462437e-01 1.000000000000000000e+00 9.469026548672566657e-01 9.711538461538461453e-01
