5.681818181818182323e-01 3.157894736842105088e-01 5.607476635514018620e-02 9.523809523809524669e-02 4.866361092922197873e-01
9.503105590062111974e-01 8.699186991869918284e-01 1.000000000000000000e+00 9.304347826086956097e-01 9.627906976744186052e-01
6.993464052287581278e-01 6.829268292682927344e-01 2.616822429906541791e-01 3.783783783783783994e-01 5.981778049124125696e-01
9.503105590062111974e-01 8.699186991869918284e-01 1.000000000000000000e+00 9.304347826086956097e-01 9.627906976744186052e-01
8.311688311688312236e-01 8.571428571428570953e-01 6.168224299065420135e-01 7.173913043478259421e-01 7.810480308736690302e-01
7.866242038216560983e-01 7.941176470588234837e-01 5.046728971962616273e-01 6.171428571428571042e-01 7.185200234773578831e-01
6.677631578947368363e-01 6.250000000000000000e-01 1.401869158878504551e-01 2.290076335877862523e-01 5.472508183500165435e-01
6.175438596491228394e-01 4.444444444444444198e-01 7.476635514018691031e-02 1.280000000000000027e-01 5.092932899296439553e-01
9.503105590062111974e-01 8.699186991869918284e-01 1.000000000000000000e+00 9.304347826086956097e-01 9.627906976744186052e-01
8.436482084690554162e-01 8.641975308641974829e-01 6.542056074766354756e-01 7.446808510638297518e-01 7.996028037383177134e-01
9.171974522292993814e-01 8.857142857142856762e-01 8.691588785046728827e-01 8.773584905660376521e-01 9.055939320059595010e-01
9.503105590062111974e-01 8.699186991869918284e-01 1.000000000000000000e+00 9.304347826086956097e-01 9.627906976744186052e-01
9.621451104100946505e-01 8.991596638655462437e-01 1.000000000000000000e+00 9.469026548672566657e-01 9.714285714285714191e-01
9.621451104100946505e-01 8.991596638655462437e-01 1.000000000000000000e+00 9.469026548672566657e-01 9.714285714285714191e-01
9.503105590062111974e-01 8.699186991869918284e-01 1.000000000000000000e+00 9.304347826086956097e-01 9.627906976744186052e-01
7.212543554006968227e-01 8.461538461538461453e-01 3.084112149532710068e-01 4.520547945205478646e-01 6.375389408099687572e-01
5.597014925373133831e-01 1.333333333333333315e-01 1.869158878504672758e-02 3.278688524590163411e-02 4.689731235850699287e-01
5.278969957081545150e-01 4.210526315789473450e-01 7.476635514018691031e-02 1.269841269841269771e-01 4.937323839192997998e-01
5.919732441471572404e-01 0.000000000000000000e+00 0.000000000000000000e+00 0.000000000000000000e+00 4.609375000000000000e-01
9.562500000000000444e-01 8.842975206611570771e-01 1.000000000000000000e+00 9.385964912280702066e-01 9.671361502347417538e-01
9.503105590062111974e-01 8.699186991869918284e-01 1.000000000000000000e+00 9.304347826086956097e-01 9.627906976744186052e-01
6.074074074074073959e-01 5.238095238095238360e-01 1.028037383177570069e-01 1.718749999999999722e-01 5.207270225331115387e-01
6.905537459283387358e-01 6.666666666666666297e-01 2.242990654205607448e-01 3.356643356643356224e-01 5.821495327102803596e-01
9.532710280373831724e-01 8.770491803278688270e-01 1.000000000000000000e+00 9.344978165938864212e-01 9.649532710280374070e-01
9.621451104100946505e-01 8.991596638655462437e-01 1.000000000000000000e+00 9.469026548672566657e-01 9.714285714285714191e-01
9.503105590062111974e-01 8.699186991869918284e-01 1.000000000000000000e+00 9.304347826086956097e-01 9.627906976744186052e-01
6.610169491525423879e-01 6.296296296296296502e-01 1.588785046728971861e-01 2.537313432835821003e-01 5.528435076555975325e-01
5.856164383561643927e-01 0.000000000000000000e+00 0.000000000000000000e+00 0.000000000000000000e+00 4.621621621621621601e-01
5.698924731182796188e-01 0.000000000000000000e+00 0.000000000000000000e+00 0.000000000000000000e+00 4.622093023255813837e-01
4.841628959276018107e-01 0.000000000000000000e+00 0.000000000000000000e+00 0.000000000000000000e+00 4.692982456140351033e-01
5.970149253731342753e-01 4.736842105263157632e-01 8.411214953271027583e-02 1.428571428571428492e-01 5.110001741452370183e-01
9.583333333333333703e-01 8.983050847457627608e-01 9.906542056074766345e-01 9.422222222222221832e-01 9.660588101208114065e-01
9.562500000000000444e-01 8.842975206611570771e-01 1.000000000000000000e+00 9.385964912280702066e-01 9.671361502347417538e-01
7.548387096774193949e-01 8.163265306122449161e-01 3.738317757009345654e-01 5.128205128205127750e-01 6.647484001657382180e-01
9.503105590062111974e-01 8.699186991869918284e-01 1.000000000000000000e+00 9.304347826086956097e-01 9.627906976744186052e-01
5.641025641025640969e-01 0.000000000000000000e+00 0.000000000000000000e+00 0.000000000000000000e+00 4.638554216867469826e-01
7.310126582278481111e-01 7.291666666666666297e-01 3.271028037383177378e-01 4.516129032258063836e-01 6.324509234002593239e-01
