5.893536121673004224e-01 4.736842105263157632e-01 8.411214953271027583e-02 1.428571428571428492e-01 5.100047927150730409e-01
9.554140127388535131e-01 8.842975206611570771e-01 1.000000000000000000e+00 9.385964912280702066e-01 9.661835748792271250e-01
9.532710280373831724e-01 8.770491803278688270e-01 1.000000000000000000e+00 9.344978165938864212e-01 9.649532710280374070e-01
9.503105590062111974e-01 8.699186991869918284e-01 1.000000000000000000e+00 9.304347826086956097e-01 9.627906976744186052e-01
9.532710280373831724e-01 8.770491803278688270e-01 1.000000000000000000e+00 9.344978165938864212e-01 9.649532710280374070e-01
7.307692307692307265e-01 7.446808510638297518e-01 3.271028037383177378e-01 4.545454545454544748e-01 6.342831091862319859e-01
9.503105590062111974e-01 8.699186991869918284e-01 1.000000000000000000e+00 9.304347826086956097e-01 9.627906976744186052e-01
7.189542483660130712e-01 7.441860465116278966e-01 2.990654205607476412e-01 4.266666666666666385e-01 6.218945193255999149e-01
5.789473684210526550e-01 3.333333333333333148e-01 4.672897196261682068e-02 8.196721311475409222e-02 4.919179451008052206e-01
9.503105590062111974e-01 8.699186991869918284e-01 1.000000000000000000e+00 9.304347826086956097e-01 9.627906976744186052e-01
9.503105590062111974e-01 8.699186991869918284e-01 1.000000000000000000e+00 9.304347826086956097e-01 9.627906976744186052e-01
9.532710280373831724e-01 8.770491803278688270e-01 1.000000000000000000e+00 9.344978165938864212e-01 9.649532710280374070e-01
9.591194968553459210e-01 8.916666666666667185e-01 1.000000000000000000e+00 9.427312775330397576e-01 9.691943127962086013e-01
9.503105590062111974e-01 8.699186991869918284e-01 1.000000000000000000e+00 9.304347826086956097e-01 9.627906976744186052e-01
9.503105590062111974e-01 8.699186991869918284e-01 1.000000000000000000e+00 9.304347826086956097e-01 9.627906976744186052e-01
9.503105590062111974e-01 8.699186991869918284e-01 1.000000000000000000e+00 9.304347826086956097e-01 9.627906976744186052e-01
9.503105590062111974e-01 8.699186991869918284e-01 1.000000000000000000e+00 9.304347826086956097e-01 9.627906976744186052e-01
9.532710280373831724e-01 8.770491803278688270e-01 1.000000000000000000e+00 9.344978165938864212e-01 9.649532710280374070e-01
6.435643564356435808e-01 4.705882352941176405e-01 7.476635514018691031e-02 1.290322580645160977e-01 5.144239938966240766e-01
5.770609318996415826e-01 1.764705882352941291e-01 2.803738317757009310e-02 4.838709677419354704e-02 4.733210171701803248e-01
9.562500000000000444e-01 8.842975206611570771e-01 1.000000000000000000e+00 9.385964912280702066e-01 9.671361502347417538e-01
8.089171974522293418e-01 8.309859154929577496e-01 5.514018691588784549e-01 6.629213483146066954e-01 7.467154273330623981e-01
6.114864864864865135e-01 2.142857142857142738e-01 2.803738317757009310e-02 4.958677685950412667e-02 4.849181624882559216e-01
7.106109324758842494e-01 6.976744186046511809e-01 2.803738317757009102e-01 3.999999999999999667e-01 6.083241707898112693e-01
9.503105590062111974e-01 8.699186991869918284e-01 1.000000000000000000e+00 9.304347826086956097e-01 9.627906976744186052e-01
9.503105590062111974e-01 8.699186991869918284e-01 1.000000000000000000e+00 9.304347826086956097e-01 9.627906976744186052e-01
5.724637681159420177e-01 0.000000000000000000e+00 0.000000000000000000e+00 0.000000000000000000e+00 4.674556213017751483e-01
5.945017182130584166e-01 0.000000000000000000e+00 0.000000000000000000e+00 0.000000000000000000e+00 4.701086956521738913e-01
5.252918287937743402e-01 0.000000000000000000e+00 0.000000000000000000e+00 0.000000000000000000e+00 4.500000000000000111e-01
6.635220125786163159e-01 5.000000000000000000e-01 1.214953271028037379e-01 1.954887218045112673e-01 5.299419763476104217e-01
8.924050632911392222e-01 8.613861386138613740e-01 8.130841121495326895e-01 8.365384615384615641e-01 8.730492331082592150e-01
9.503105590062111974e-01 8.699186991869918284e-01 1.000000000000000000e+00 9.304347826086956097e-01 9.627906976744186052e-01
5.848375451263537750e-01 0.000000000000000000e+00 0.000000000000000000e+00 0.000000000000000000e+00 4.764705882352940902e-01
7.051282051282051766e-01 7.027027027027027417e-01 2.429906542056074759e-01 3.611111111111111605e-01 5.946660588101208011e-01
9.503105590062111974e-01 8.699186991869918284e-01 1.000000000000000000e+00 9.304347826086956097e-01 9.627906976744186052e-01
9.503105590062111974e-01 8.699186991869918284e-01 1.000000000000000000e+00 9.304347826086956097e-01 9.627906976744186052e-01
9.562500000000000444e-01 8.842975206611570771e-01 1.000000000000000000e+00 9.385964912280702066e-01 9.671361502347417538e-01
