5.331230283911672085e-01 0.000000000000000000e+00 0.000000000000000000e+00 0.000000000000000000e+00 4.023809523809523947e-01
8.710691823899371355e-01 7.229729729729730270e-01 1.000000000000000000e+00 8.392156862745098200e-01 9.028436018957346487e-01
5.279503105590062084e-01 0.000000000000000000e+00 0.000000000000000000e+00 0.000000000000000000e+00 3.953488372093023062e-01
5.676567656765676428e-01 7.142857142857142461e-02 1.869158878504672758e-02 2.962962962962962382e-02 4.430192637802784494e-01
5.279503105590062084e-01 0.000000000000000000e+00 0.000000000000000000e+00 0.000000000000000000e+00 3.953488372093023062e-01
6.387096774193548043e-01 4.603174603174602919e-01 2.710280373831775447e-01 3.411764705882353033e-01 5.517701763270567161e-01
8.738170347003154648e-01 7.278911564625850650e-01 1.000000000000000000e+00 8.425196850393700254e-01 9.047619047619047672e-01
5.279503105590062084e-01 0.000000000000000000e+00 0.000000000000000000e+00 0.000000000000000000e+00 3.953488372093023062e-01
8.993506493506493449e-01 7.753623188405797118e-01 1.000000000000000000e+00 8.734693877551020780e-01 9.228855721393035560e-01
5.803278688524590168e-01 2.000000000000000111e-01 6.542056074766354479e-02 9.859154929577462756e-02 4.620032096667610055e-01
8.710691823899371355e-01 7.229729729729730270e-01 1.000000000000000000e+00 8.392156862745098200e-01 9.028436018957346487e-01
5.709570957095709831e-01 1.034482758620689641e-01 2.803738317757009310e-02 4.411764705882353227e-02 4.476921609765401322e-01
5.880503144654087855e-01 2.931034482758620441e-01 1.588785046728971861e-01 2.060606060606060552e-01 4.822828542321831446e-01
5.279503105590062084e-01 0.000000000000000000e+00 0.000000000000000000e+00 0.000000000000000000e+00 3.953488372093023062e-01
8.765822784810126667e-01 7.328767123287671659e-01 1.000000000000000000e+00 8.458498023715415037e-01 9.066985645933014482e-01
5.741935483870967971e-01 2.093023255813953598e-01 8.411214953271027583e-02 1.200000000000000094e-01 4.583122324018231164e-01
5.279503105590062084e-01 0.000000000000000000e+00 0.000000000000000000e+00 0.000000000000000000e+00 3.953488372093023062e-01
5.279503105590062084e-01 0.000000000000000000e+00 0.000000000000000000e+00 0.000000000000000000e+00 3.953488372093023062e-01
5.279503105590062084e-01 0.000000000000000000e+00 0.000000000000000000e+00 0.000000000000000000e+00 3.953488372093023062e-01
9.022801302931595657e-01 7.810218978102190235e-01 1.000000000000000000e+00 8.770491803278688270e-01 9.249999999999999334e-01
8.498402555910543610e-01 7.272727272727272929e-01 8.971962616822429792e-01 8.033472803347281310e-01 8.612194900644224438e-01
5.279503105590062084e-01 0.000000000000000000e+00 0.000000000000000000e+00 0.000000000000000000e+00 3.953488372093023062e-01
5.279503105590062084e-01 0.000000000000000000e+00 0.000000000000000000e+00 0.000000000000000000e+00 3.953488372093023062e-01
8.710691823899371355e-01 7.229729729729730270e-01 1.000000000000000000e+00 8.392156862745098200e-01 9.028436018957346487e-01
5.279503105590062084e-01 0.000000000000000000e+00 0.000000000000000000e+00 0.000000000000000000e+00 3.953488372093023062e-01
8.765822784810126667e-01 7.328767123287671659e-01 1.000000000000000000e+00 8.458498023715415037e-01 9.066985645933014482e-01
5.279503105590062084e-01 0.000000000000000000e+00 0.000000000000000000e+00 0.000000000000000000e+00 3.953488372093023062e-01
5.279503105590062084e-01 0.000000000000000000e+00 0.000000000000000000e+00 0.000000000000000000e+00 3.953488372093023062e-01
5.279503105590062084e-01 0.000000000000000000e+00 0.000000000000000000e+00 0.000000000000000000e+00 3.953488372093023062e-01
5.279503105590062084e-01 0.000000000000000000e+00 0.000000000000000000e+00 0.000000000000000000e+00 3.953488372093023062e-01
5.279503105590062084e-01 0.000000000000000000e+00 0.000000000000000000e+00 0.000000000000000000e+00 3.953488372093023062e-01
5.483870967741935054e-01 2.857142857142857054e-02 9.345794392523363789e-03 1.408450704225351971e-02 4.209290548317295988e-01
8.710691823899371355e-01 7.229729729729730270e-01 1.000000000000000000e+00 8.392156862745098200e-01 9.028436018957346487e-01
5.431309904153354129e-01 0.000000000000000000e+00 0.000000000000000000e+00 0.000000000000000000e+00 4.126213592233009542e-01
6.096774193548386567e-01 3.703703703703703498e-01 1.869158878504672827e-01 2.484472049689440687e-01 5.097141015607016268e-01
5.279503105590062084e-01 0.000000000000000000e+00 0.000000000000000000e+00 0.000000000000000000e+00 3.953488372093023062e-01
5.279503105590062084e-01 0.000000000000000000e+00 0.000000000000000000e+00 0.000000000000000000e+00 3.953488372093023062e-01
