8.793650793650793496e-01 7.379310344827586521e-01 1.000000000000000000e+00 8.492063492063492980e-01 9.086538461538461453e-01
6.270096463022507560e-01 4.237288135593220151e-01 2.336448598130841103e-01 3.012048192771084043e-01 5.334890965732086432e-01
5.367412140575079649e-01 2.500000000000000139e-02 9.345794392523363789e-03 1.360544217687074606e-02 4.100127030215043322e-01
5.279503105590062084e-01 0.000000000000000000e+00 0.000000000000000000e+00 0.000000000000000000e+00 3.953488372093023062e-01
5.279503105590062084e-01 0.000000000000000000e+00 0.000000000000000000e+00 0.000000000000000000e+00 3.953488372093023062e-01
8.793650793650793496e-01 7.379310344827586521e-01 1.000000000000000000e+00 8.492063492063492980e-01 9.086538461538461453e-01
6.096774193548386567e-01 3.703703703703703498e-01 1.869158878504672827e-01 2.484472049689440687e-01 5.097141015607016268e-01
5.279503105590062084e-01 0.000000000000000000e+00 0.000000000000000000e+00 0.000000000000000000e+00 3.953488372093023062e-01
7.823343848580441851e-01 6.610169491525423879e-01 7.289719626168223998e-01 6.933333333333333570e-01 7.692478860703160226e-01
8.710691823899371355e-01 7.229729729729730270e-01 1.000000000000000000e+00 8.392156862745098200e-01 9.028436018957346487e-01
5.279503105590062084e-01 0.000000000000000000e+00 0.000000000000000000e+00 0.000000000000000000e+00 3.953488372093023062e-01
6.293929712460063497e-01 4.347826086956521618e-01 2.803738317757009102e-01 3.409090909090908839e-01 5.455267217130932433e-01
8.602484472049689579e-01 7.039473684210526550e-01 1.000000000000000000e+00 8.262548262548262690e-01 8.953488372093022507e-01
8.710691823899371355e-01 7.229729729729730270e-01 1.000000000000000000e+00 8.392156862745098200e-01 9.028436018957346487e-01
5.279503105590062084e-01 0.000000000000000000e+00 0.000000000000000000e+00 0.000000000000000000e+00 3.953488372093023062e-01
8.629283489096573057e-01 7.086092715231787631e-01 1.000000000000000000e+00 8.294573643410853014e-01 8.971962616822429792e-01
8.386075949367088889e-01 7.058823529411765163e-01 8.971962616822429792e-01 7.901234567901234129e-01 8.529043509368153808e-01
5.279503105590062084e-01 0.000000000000000000e+00 0.000000000000000000e+00 0.000000000000000000e+00 3.953488372093023062e-01
7.284345047923322936e-01 6.099999999999999867e-01 5.700934579439251859e-01 5.893719806763283442e-01 6.903865347972053534e-01
5.279503105590062084e-01 0.000000000000000000e+00 0.000000000000000000e+00 0.000000000000000000e+00 3.953488372093023062e-01
8.993506493506493449e-01 7.753623188405797118e-01 1.000000000000000000e+00 8.734693877551020780e-01 9.228855721393035560e-01
5.606557377049180557e-01 3.448275862068965469e-02 9.345794392523363789e-03 1.470588235294117453e-02 4.339658264891909090e-01
5.279503105590062084e-01 0.000000000000000000e+00 0.000000000000000000e+00 0.000000000000000000e+00 3.953488372093023062e-01
8.710691823899371355e-01 7.229729729729730270e-01 1.000000000000000000e+00 8.392156862745098200e-01 9.028436018957346487e-01
8.710691823899371355e-01 7.229729729729730270e-01 1.000000000000000000e+00 8.392156862745098200e-01 9.028436018957346487e-01
5.279503105590062084e-01 0.000000000000000000e+00 0.000000000000000000e+00 0.000000000000000000e+00 3.953488372093023062e-01
5.279503105590062084e-01 0.000000000000000000e+00 0.000000000000000000e+00 0.000000000000000000e+00 3.953488372093023062e-01
5.279503105590062084e-01 0.000000000000000000e+00 0.000000000000000000e+00 0.000000000000000000e+00 3.953488372093023062e-01
5.279503105590062084e-01 0.000000000000000000e+00 0.000000000000000000e+00 0.000000000000000000e+00 3.953488372093023062e-01
8.964401294498381967e-01 7.697841726618704916e-01 1.000000000000000000e+00 8.699186991869918284e-01 9.207920792079207217e-01
5.279503105590062084e-01 0.000000000000000000e+00 0.000000000000000000e+00 0.000000000000000000e+00 3.953488372093023062e-01
5.279503105590062084e-01 0.000000000000000000e+00 0.000000000000000000e+00 0.000000000000000000e+00 3.953488372093023062e-01
5.691318327974276281e-01 2.244897959183673464e-01 1.028037383177570069e-01 1.410256410256410242e-01 4.582646142569176684e-01
8.738170347003154648e-01 7.278911564625850650e-01 1.000000000000000000e+00 8.425196850393700254e-01 9.047619047619047672e-01
8.849840255591053806e-01 7.482517482517482277e-01 1.000000000000000000e+00 8.559999999999999831e-01 9.126213592233008987e-01
8.710691823899371355e-01 7.229729729729730270e-01 1.000000000000000000e+00 8.392156862745098200e-01 9.028436018957346487e-01
8.710691823899371355e-01 7.229729729729730270e-01 1.000000000000000000e+00 8.392156862745098200e-01 9.028436018957346487e-01
