5.279503105590062084e-01 0.000000000000000000e+00 0.000000000000000000e+00 0.000000000000000000e+00 3.953488372093023062e-01
5.279503105590062084e-01 0.000000000000000000e+00 0.000000000000000000e+00 0.000000000000000000e+00 3.953488372093023062e-01
5.279503105590062084e-01 0.000000000000000000e+00 0.000000000000000000e+00 0.000000000000000000e+00 3.953488372093023062e-01
8.647798742138365080e-01 7.191780821917808098e-01 9.813084112149532690e-01 8.300395256916995868e-01 8.934978075032112832e-01
8.387096774193548709e-01 7.317073170731707155e-01 8.411214953271027861e-01 7.826086956521738358e-01 8.392799594862114798e-01
8.765822784810126667e-01 7.328767123287671659e-01 1.000000000000000000e+00 8.458498023715415037e-01 9.066985645933014482e-01
8.993506493506493449e-01 7.753623188405797118e-01 1.000000000000000000e+00 8.734693877551020780e-01 9.228855721393035560e-01
6.161290322580644796e-01 3.888888888888888951e-01 1.962616822429906482e-01 2.608695652173912971e-01 5.168500529441553137e-01
5.279503105590062084e-01 0.000000000000000000e+00 0.000000000000000000e+00 0.000000000000000000e+00 3.953488372093023062e-01
8.765822784810126667e-01 7.328767123287671659e-01 1.000000000000000000e+00 8.458498023715415037e-01 9.066985645933014482e-01
5.279503105590062084e-01 0.000000000000000000e+00 0.000000000000000000e+00 0.000000000000000000e+00 3.953488372093023062e-01
8.793650793650793496e-01 7.379310344827586521e-01 1.000000000000000000e+00 8.492063492063492980e-01 9.086538461538461453e-01
5.279503105590062084e-01 0.000000000000000000e+00 0.000000000000000000e+00 0.000000000000000000e+00 3.953488372093023062e-01
5.279503105590062084e-01 0.000000000000000000e+00 0.000000000000000000e+00 0.000000000000000000e+00 3.953488372093023062e-01
8.710691823899371355e-01 7.229729729729730270e-01 1.000000000000000000e+00 8.392156862745098200e-01 9.028436018957346487e-01
8.710691823899371355e-01 7.229729729729730270e-01 1.000000000000000000e+00 8.392156862745098200e-01 9.028436018957346487e-01
8.710691823899371355e-01 7.229729729729730270e-01 1.000000000000000000e+00 8.392156862745098200e-01 9.028436018957346487e-01
8.738170347003154648e-01 7.278911564625850650e-01 1.000000000000000000e+00 8.425196850393700254e-01 9.047619047619047672e-01
5.345911949685534514e-01 0.000000000000000000e+00 0.000000000000000000e+00 0.000000000000000000e+00 4.028436018957345932e-01
5.279503105590062084e-01 0.000000000000000000e+00 0.000000000000000000e+00 0.000000000000000000e+00 3.953488372093023062e-01
5.512820512820513219e-01 7.692307692307692735e-02 2.803738317757009310e-02 4.109589041095890877e-02 4.262138135400045380e-01
8.710691823899371355e-01 7.229729729729730270e-01 1.000000000000000000e+00 8.392156862745098200e-01 9.028436018957346487e-01
5.279503105590062084e-01 0.000000000000000000e+00 0.000000000000000000e+00 0.000000000000000000e+00 3.953488372093023062e-01
5.279503105590062084e-01 0.000000000000000000e+00 0.000000000000000000e+00 0.000000000000000000e+00 3.953488372093023062e-01
5.279503105590062084e-01 0.000000000000000000e+00 0.000000000000000000e+00 0.000000000000000000e+00 3.953488372093023062e-01
8.710691823899371355e-01 7.229729729729730270e-01 1.000000000000000000e+00 8.392156862745098200e-01 9.028436018957346487e-01
5.548387096774193283e-01 8.108108108108108558e-02 2.803738317757009310e-02 4.166666666666666435e-02 4.302748492242529643e-01
5.331230283911672085e-01 0.000000000000000000e+00 0.000000000000000000e+00 0.000000000000000000e+00 4.023809523809523947e-01
5.434083601286173737e-01 0.000000000000000000e+00 0.000000000000000000e+00 0.000000000000000000e+00 4.142156862745097756e-01
5.483870967741935054e-01 2.857142857142857054e-02 9.345794392523363789e-03 1.408450704225351971e-02 4.209290548317295988e-01
5.448717948717948234e-01 0.000000000000000000e+00 0.000000000000000000e+00 0.000000000000000000e+00 4.146341463414633943e-01
9.202657807308970428e-01 8.167938931297710203e-01 1.000000000000000000e+00 8.991596638655461327e-01 9.381443298969072142e-01
5.279503105590062084e-01 0.000000000000000000e+00 0.000000000000000000e+00 0.000000000000000000e+00 3.953488372093023062e-01
7.948717948717948234e-01 6.869565217391304657e-01 7.383177570093457653e-01 7.117117117117117697e-01 7.813540004558924279e-01
8.629283489096573057e-01 7.086092715231787631e-01 1.000000000000000000e+00 8.294573643410853014e-01 8.971962616822429792e-01
8.710691823899371355e-01 7.229729729729730270e-01 1.000000000000000000e+00 8.392156862745098200e-01 9.028436018957346487e-01
7.241379310344827624e-01 5.922330097087378231e-01 5.700934579439251859e-01 5.809523809523808868e-01 6.859901251983776538e-01
