9.230769230769231282e-01 8.167938931297710203e-01 1.000000000000000000e+00 8.991596638655461327e-01 9.414634146341464005e-01
5.986622073578595771e-01 1.176470588235294101e-01 1.869158878504672758e-02 3.225806451612902442e-02 4.702832943925233655e-01
5.846645367412141026e-01 1.034482758620689641e-01 2.803738317757009310e-02 4.411764705882353227e-02 4.509118954722801664e-01
5.621118012422360311e-01 0.000000000000000000e+00 0.000000000000000000e+00 0.000000000000000000e+00 4.209302325581395499e-01
5.673981191222570164e-01 3.030303030303030387e-02 9.345794392523363789e-03 1.428571428571428353e-02 4.292011990830540968e-01
9.442622950819672401e-01 8.629032258064516236e-01 1.000000000000000000e+00 9.264069264069264564e-01 9.570707070707070718e-01
5.923566878980891515e-01 2.162162162162162282e-01 7.476635514018691031e-02 1.111111111111110911e-01 4.673348683913495227e-01
5.621118012422360311e-01 0.000000000000000000e+00 0.000000000000000000e+00 0.000000000000000000e+00 4.209302325581395499e-01
6.312292358803986980e-01 4.090909090909091161e-01 8.411214953271027583e-02 1.395348837209302306e-01 5.085509201271798396e-01
9.142857142857142572e-01 7.985074626865671377e-01 1.000000000000000000e+00 8.879668049792530660e-01 9.350961538461538547e-01
5.621118012422360311e-01 0.000000000000000000e+00 0.000000000000000000e+00 0.000000000000000000e+00 4.209302325581395499e-01
6.277602523659305822e-01 3.829787234042553168e-01 1.682242990654205517e-01 2.337662337662337331e-01 5.150645304850912654e-01
8.944099378881987805e-01 7.588652482269503396e-01 1.000000000000000000e+00 8.629032258064516236e-01 9.209302325581395499e-01
8.944099378881987805e-01 7.588652482269503396e-01 1.000000000000000000e+00 8.629032258064516236e-01 9.209302325581395499e-01
5.621118012422360311e-01 0.000000000000000000e+00 0.000000000000000000e+00 0.000000000000000000e+00 4.209302325581395499e-01
9.381107491856677250e-01 8.492063492063491870e-01 1.000000000000000000e+00 9.184549356223175032e-01 9.525000000000000133e-01
8.529411764705882026e-01 8.100000000000000533e-01 7.570093457943924964e-01 7.826086956521739468e-01 8.307659794298596356e-01
5.621118012422360311e-01 0.000000000000000000e+00 0.000000000000000000e+00 0.000000000000000000e+00 4.209302325581395499e-01
8.392282958199357434e-01 7.714285714285714635e-01 7.570093457943924964e-01 7.641509433962263564e-01 8.196811434854315292e-01
5.946843853820598103e-01 5.882352941176470507e-02 9.345794392523363789e-03 1.612903225806451221e-02 4.634357837941997516e-01
9.085173501577287203e-01 7.867647058823529216e-01 1.000000000000000000e+00 8.806584362139917577e-01 9.309523809523809756e-01
5.784313725490196623e-01 7.692307692307692735e-02 1.869158878504672758e-02 3.007518796992481036e-02 4.490442868548349398e-01
5.621118012422360311e-01 0.000000000000000000e+00 0.000000000000000000e+00 0.000000000000000000e+00 4.209302325581395499e-01
9.056603773584905870e-01 7.810218978102190235e-01 1.000000000000000000e+00 8.770491803278688270e-01 9.289099526066350032e-01
8.944099378881987805e-01 7.588652482269503396e-01 1.000000000000000000e+00 8.629032258064516236e-01 9.209302325581395499e-01
5.621118012422360311e-01 0.000000000000000000e+00 0.000000000000000000e+00 0.000000000000000000e+00 4.209302325581395499e-01
5.673981191222570164e-01 3.030303030303030387e-02 9.345794392523363789e-03 1.428571428571428353e-02 4.292011990830540968e-01
5.621118012422360311e-01 0.000000000000000000e+00 0.000000000000000000e+00 0.000000000000000000e+00 4.209302325581395499e-01
5.621118012422360311e-01 0.000000000000000000e+00 0.000000000000000000e+00 0.000000000000000000e+00 4.209302325581395499e-01
9.056603773584905870e-01 7.810218978102190235e-01 1.000000000000000000e+00 8.770491803278688270e-01 9.289099526066350032e-01
5.621118012422360311e-01 0.000000000000000000e+00 0.000000000000000000e+00 0.000000000000000000e+00 4.209302325581395499e-01
5.673981191222570164e-01 0.000000000000000000e+00 0.000000000000000000e+00 0.000000000000000000e+00 4.268867924528301772e-01
5.801282051282051766e-01 3.846153846153846367e-02 9.345794392523363789e-03 1.503759398496240518e-02 4.436972874401640676e-01
9.085173501577287203e-01 7.867647058823529216e-01 1.000000000000000000e+00 8.806584362139917577e-01 9.309523809523809756e-01
9.056603773584905870e-01 7.810218978102190235e-01 1.000000000000000000e+00 8.770491803278688270e-01 9.289099526066350032e-01
9.085173501577287203e-01 7.867647058823529216e-01 1.000000000000000000e+00 8.806584362139917577e-01 9.309523809523809756e-01
8.944099378881987805e-01 7.588652482269503396e-01 1.000000000000000000e+00 8.629032258064516236e-01 9.209302325581395499e-01
