5.621118012422360311e-01 0.000000000000000000e+00 0.000000000000000000e+00 0.000000000000000000e+00 4.209302325581395499e-01
5.621118012422360311e-01 0.000000000000000000e+00 0.000000000000000000e+00 0.000000000000000000e+00 4.209302325581395499e-01
5.928338762214984126e-01 5.000000000000000278e-02 9.345794392523363789e-03 1.574803149606298844e-02 4.571728971962616406e-01
7.987220447284345548e-01 7.291666666666666297e-01 6.542056074766354756e-01 6.896551724137930384e-01 7.639960076218128560e-01
9.381107491856677250e-01 8.492063492063491870e-01 1.000000000000000000e+00 9.184549356223175032e-01 9.525000000000000133e-01
9.290322580645161699e-01 8.294573643410853014e-01 1.000000000000000000e+00 9.067796610169490679e-01 9.458128078817734652e-01
9.381107491856677250e-01 8.492063492063491870e-01 1.000000000000000000e+00 9.184549356223175032e-01 9.525000000000000133e-01
5.718849840255590955e-01 3.448275862068965469e-02 9.345794392523363789e-03 1.470588235294117453e-02 4.367117321477179681e-01
5.621118012422360311e-01 0.000000000000000000e+00 0.000000000000000000e+00 0.000000000000000000e+00 4.209302325581395499e-01
9.230769230769231282e-01 8.167938931297710203e-01 1.000000000000000000e+00 8.991596638655461327e-01 9.414634146341464005e-01
5.621118012422360311e-01 0.000000000000000000e+00 0.000000000000000000e+00 0.000000000000000000e+00 4.209302325581395499e-01
9.381107491856677250e-01 8.492063492063491870e-01 1.000000000000000000e+00 9.184549356223175032e-01 9.525000000000000133e-01
5.621118012422360311e-01 0.000000000000000000e+00 0.000000000000000000e+00 0.000000000000000000e+00 4.209302325581395499e-01
5.621118012422360311e-01 0.000000000000000000e+00 0.000000000000000000e+00 0.000000000000000000e+00 4.209302325581395499e-01
9.230769230769231282e-01 8.167938931297710203e-01 1.000000000000000000e+00 8.991596638655461327e-01 9.414634146341464005e-01
5.909090909090909394e-01 4.761904761904761640e-02 9.345794392523363789e-03 1.562499999999999827e-02 4.549216534151671043e-01
9.085173501577287203e-01 7.867647058823529216e-01 1.000000000000000000e+00 8.806584362139917577e-01 9.309523809523809756e-01
9.320388349514563409e-01 8.359375000000000000e-01 1.000000000000000000e+00 9.106382978723404076e-01 9.480198019801980847e-01
5.621118012422360311e-01 0.000000000000000000e+00 0.000000000000000000e+00 0.000000000000000000e+00 4.209302325581395499e-01
5.696202531645570000e-01 3.225806451612903136e-02 9.345794392523363789e-03 1.449275362318840250e-02 4.329025622680319763e-01
5.700636942675159080e-01 3.333333333333333287e-02 9.345794392523363789e-03 1.459854014598539924e-02 4.346245880175176879e-01
9.028213166144201107e-01 7.753623188405797118e-01 1.000000000000000000e+00 8.734693877551020780e-01 9.268867924528301216e-01
5.621118012422360311e-01 0.000000000000000000e+00 0.000000000000000000e+00 0.000000000000000000e+00 4.209302325581395499e-01
5.874587458745874624e-01 5.000000000000000278e-02 9.345794392523363789e-03 1.574803149606298844e-02 4.562035094411596159e-01
5.621118012422360311e-01 0.000000000000000000e+00 0.000000000000000000e+00 0.000000000000000000e+00 4.209302325581395499e-01
9.230769230769231282e-01 8.167938931297710203e-01 1.000000000000000000e+00 8.991596638655461327e-01 9.414634146341464005e-01
5.714285714285713969e-01 0.000000000000000000e+00 0.000000000000000000e+00 0.000000000000000000e+00 4.326923076923077094e-01
5.811688311688312236e-01 4.166666666666666435e-02 9.345794392523363789e-03 1.526717557251908164e-02 4.474589668480029037e-01
5.691823899371069029e-01 0.000000000000000000e+00 0.000000000000000000e+00 0.000000000000000000e+00 4.289099526066350587e-01
5.621118012422360311e-01 0.000000000000000000e+00 0.000000000000000000e+00 0.000000000000000000e+00 4.209302325581395499e-01
5.741324921135646520e-01 3.333333333333333287e-02 9.345794392523363789e-03 1.459854014598539924e-02 4.356252781486426584e-01
9.381107491856677250e-01 8.492063492063491870e-01 1.000000000000000000e+00 9.184549356223175032e-01 9.525000000000000133e-01
5.678233438485804641e-01 0.000000000000000000e+00 0.000000000000000000e+00 0.000000000000000000e+00 4.285714285714286031e-01
8.187702265372168720e-01 7.684210526315788936e-01 6.822429906542055722e-01 7.227722772277226371e-01 7.866660497825483933e-01
9.000000000000000222e-01 7.697841726618704916e-01 1.000000000000000000e+00 8.699186991869918284e-01 9.248826291079812467e-01
9.028213166144201107e-01 7.753623188405797118e-01 1.000000000000000000e+00 8.734693877551020780e-01 9.268867924528301216e-01
8.025078369905955800e-01 7.037037037037037202e-01 7.102803738317756688e-01 7.069767441860463908e-01 7.796684888026803595e-01
