5.727848101265823333e-01 0.000000000000000000e+00 0.000000000000000000e+00 0.000000000000000000e+00 4.330143540669856295e-01
9.230769230769231282e-01 8.167938931297710203e-01 1.000000000000000000e+00 8.991596638655461327e-01 9.414634146341464005e-01
6.721311475409835756e-01 5.853658536585365502e-01 2.242990654205607448e-01 3.243243243243243423e-01 5.692202397809874581e-01
5.769230769230768718e-01 3.703703703703703498e-02 9.345794392523363789e-03 1.492537313432835792e-02 4.412582630499202185e-01
5.621118012422360311e-01 0.000000000000000000e+00 0.000000000000000000e+00 0.000000000000000000e+00 4.209302325581395499e-01
5.980066445182724566e-01 1.499999999999999944e-01 2.803738317757009310e-02 4.724409448818897572e-02 4.702042585990942603e-01
5.759493670886075556e-01 3.448275862068965469e-02 9.345794392523363789e-03 1.470588235294117453e-02 4.376872512632472567e-01
5.705128205128204844e-01 0.000000000000000000e+00 0.000000000000000000e+00 0.000000000000000000e+00 4.341463414634146312e-01
9.411764705882352811e-01 8.559999999999999831e-01 1.000000000000000000e+00 9.224137931034482873e-01 9.547738693467336946e-01
5.849673202614379397e-01 8.333333333333332871e-02 1.869158878504672758e-02 3.053435114503816328e-02 4.540694124829756095e-01
9.260450160771703798e-01 8.230769230769230393e-01 1.000000000000000000e+00 9.029535864978902593e-01 9.436274509803921351e-01
9.183006535947711990e-01 8.474576271186440302e-01 9.345794392523364413e-01 8.888888888888888395e-01 9.220635889729019707e-01
8.658146964856230365e-01 7.826086956521739468e-01 8.411214953271027861e-01 8.108108108108107448e-01 8.598811360130659276e-01
5.830618892508143691e-01 4.347826086956521618e-02 9.345794392523363789e-03 1.538461538461538200e-02 4.496728971962616339e-01
9.056603773584905870e-01 7.810218978102190235e-01 1.000000000000000000e+00 8.770491803278688270e-01 9.289099526066350032e-01
6.056782334384858135e-01 2.750000000000000222e-01 1.028037383177570069e-01 1.496598639455782309e-01 4.823542501112594305e-01
5.621118012422360311e-01 0.000000000000000000e+00 0.000000000000000000e+00 0.000000000000000000e+00 4.209302325581395499e-01
5.691823899371069029e-01 0.000000000000000000e+00 0.000000000000000000e+00 0.000000000000000000e+00 4.289099526066350587e-01
5.705128205128204844e-01 0.000000000000000000e+00 0.000000000000000000e+00 0.000000000000000000e+00 4.341463414634146312e-01
9.381107491856677250e-01 8.492063492063491870e-01 1.000000000000000000e+00 9.184549356223175032e-01 9.525000000000000133e-01
8.694267515923567169e-01 7.796610169491525744e-01 8.598130841121495171e-01 8.177777777777778256e-01 8.671046096889249988e-01
5.621118012422360311e-01 0.000000000000000000e+00 0.000000000000000000e+00 0.000000000000000000e+00 4.209302325581395499e-01
5.621118012422360311e-01 0.000000000000000000e+00 0.000000000000000000e+00 0.000000000000000000e+00 4.209302325581395499e-01
9.260450160771703798e-01 8.230769230769230393e-01 1.000000000000000000e+00 9.029535864978902593e-01 9.436274509803921351e-01
5.830618892508143691e-01 4.347826086956521618e-02 9.345794392523363789e-03 1.538461538461538200e-02 4.496728971962616339e-01
9.056603773584905870e-01 7.810218978102190235e-01 1.000000000000000000e+00 8.770491803278688270e-01 9.289099526066350032e-01
5.691823899371069029e-01 0.000000000000000000e+00 0.000000000000000000e+00 0.000000000000000000e+00 4.289099526066350587e-01
5.621118012422360311e-01 0.000000000000000000e+00 0.000000000000000000e+00 0.000000000000000000e+00 4.209302325581395499e-01
5.621118012422360311e-01 0.000000000000000000e+00 0.000000000000000000e+00 0.000000000000000000e+00 4.209302325581395499e-01
5.894039735099337873e-01 5.263157894736841813e-02 9.345794392523363789e-03 1.587301587301587213e-02 4.585190510424154708e-01
5.718849840255590955e-01 3.448275862068965469e-02 9.345794392523363789e-03 1.470588235294117453e-02 4.367117321477179681e-01
5.782747603833865435e-01 3.703703703703703498e-02 9.345794392523363789e-03 1.492537313432835792e-02 4.415661010797568009e-01
9.028213166144201107e-01 7.753623188405797118e-01 1.000000000000000000e+00 8.734693877551020780e-01 9.268867924528301216e-01
6.169491525423729250e-01 1.250000000000000000e-01 9.345794392523363789e-03 1.739130434782608717e-02 4.860558759196658696e-01
5.828025477707006186e-01 1.000000000000000056e-01 2.803738317757009310e-02 4.379562043795620641e-02 4.488013002844371546e-01
5.621118012422360311e-01 0.000000000000000000e+00 0.000000000000000000e+00 0.000000000000000000e+00 4.209302325581395499e-01
5.691823899371069029e-01 0.000000000000000000e+00 0.000000000000000000e+00 0.000000000000000000e+00 4.289099526066350587e-01
