5.404255319148936199e-01 4.736842105263157632e-01 8.411214953271027583e-02 1.428571428571428492e-01 5.029935747663550893e-01
8.853503184713376051e-01 8.817204301075268758e-01 7.663551401869158619e-01 8.199999999999999512e-01 8.566075217842791245e-01
9.563862928348909609e-01 8.842975206611570771e-01 1.000000000000000000e+00 9.385964912280702066e-01 9.672897196261681652e-01
9.534161490683229490e-01 8.770491803278688270e-01 1.000000000000000000e+00 9.344978165938864212e-01 9.651162790697673799e-01
9.593749999999999778e-01 8.916666666666667185e-01 1.000000000000000000e+00 9.427312775330397576e-01 9.694835680751173745e-01
5.910652920962199408e-01 0.000000000000000000e+00 0.000000000000000000e+00 0.000000000000000000e+00 4.673913043478261087e-01
9.563862928348909609e-01 8.842975206611570771e-01 1.000000000000000000e+00 9.385964912280702066e-01 9.672897196261681652e-01
9.654088050314465486e-01 9.067796610169491789e-01 1.000000000000000000e+00 9.511111111111111294e-01 9.739336492890995345e-01
6.093189964157705862e-01 4.444444444444444198e-01 7.476635514018691031e-02 1.280000000000000027e-01 5.083134101282330564e-01
9.534161490683229490e-01 8.770491803278688270e-01 1.000000000000000000e+00 9.344978165938864212e-01 9.651162790697673799e-01
9.534161490683229490e-01 8.770491803278688270e-01 1.000000000000000000e+00 9.344978165938864212e-01 9.651162790697673799e-01
9.534161490683229490e-01 8.770491803278688270e-01 1.000000000000000000e+00 9.344978165938864212e-01 9.651162790697673799e-01
9.652996845425867445e-01 9.067796610169491789e-01 1.000000000000000000e+00 9.511111111111111294e-01 9.738095238095237915e-01
9.534161490683229490e-01 8.770491803278688270e-01 1.000000000000000000e+00 9.344978165938864212e-01 9.651162790697673799e-01
9.534161490683229490e-01 8.770491803278688270e-01 1.000000000000000000e+00 9.344978165938864212e-01 9.651162790697673799e-01
9.534161490683229490e-01 8.770491803278688270e-01 1.000000000000000000e+00 9.344978165938864212e-01 9.651162790697673799e-01
9.534161490683229490e-01 8.770491803278688270e-01 1.000000000000000000e+00 9.344978165938864212e-01 9.651162790697673799e-01
9.534161490683229490e-01 8.770491803278688270e-01 1.000000000000000000e+00 9.344978165938864212e-01 9.651162790697673799e-01
6.504854368932039277e-01 4.761904761904761640e-01 9.345794392523364136e-02 1.562500000000000000e-01 5.195012491903395757e-01
5.734265734265734382e-01 0.000000000000000000e+00 0.000000000000000000e+00 0.000000000000000000e+00 4.581005586592178935e-01
9.563862928348909609e-01 8.842975206611570771e-01 1.000000000000000000e+00 9.385964912280702066e-01 9.672897196261681652e-01
8.634920634920635329e-01 8.636363636363636465e-01 7.102803738317756688e-01 7.794871794871793824e-01 8.262940330697340352e-01
7.352941176470588758e-01 7.500000000000000000e-01 3.644859813084111999e-01 4.905660377358491142e-01 6.495796740712910244e-01
8.369905956112853040e-01 8.235294117647058432e-01 6.542056074766354756e-01 7.291666666666665186e-01 7.917254452477515692e-01
9.534161490683229490e-01 8.770491803278688270e-01 1.000000000000000000e+00 9.344978165938864212e-01 9.651162790697673799e-01
9.534161490683229490e-01 8.770491803278688270e-01 1.000000000000000000e+00 9.344978165938864212e-01 9.651162790697673799e-01
6.535947712418300748e-01 5.200000000000000178e-01 1.214953271028037379e-01 1.969696969696969890e-01 5.305969097825575798e-01
4.870689655172413812e-01 0.000000000000000000e+00 0.000000000000000000e+00 0.000000000000000000e+00 4.520000000000000129e-01
5.945945945945946276e-01 0.000000000000000000e+00 0.000000000000000000e+00 0.000000000000000000e+00 4.656084656084655826e-01
7.079365079365079749e-01 7.027027027027027417e-01 2.429906542056074759e-01 3.611111111111111605e-01 5.950530194104960424e-01
6.644951140065146200e-01 5.714285714285713969e-01 1.495327102803738206e-01 2.370370370370369906e-01 5.447663551401868975e-01
9.534161490683229490e-01 8.770491803278688270e-01 1.000000000000000000e+00 9.344978165938864212e-01 9.651162790697673799e-01
5.683453237410072134e-01 0.000000000000000000e+00 0.000000000000000000e+00 0.000000000000000000e+00 4.619883040935672813e-01
7.211538461538461453e-01 7.083333333333333703e-01 3.177570093457943723e-01 4.387096774193548487e-01 6.247321632094825494e-01
9.534161490683229490e-01 8.770491803278688270e-01 1.000000000000000000e+00 9.344978165938864212e-01 9.651162790697673799e-01
9.534161490683229490e-01 8.770491803278688270e-01 1.000000000000000000e+00 9.344978165938864212e-01 9.651162790697673799e-01
9.563862928348909609e-01 8.842975206611570771e-01 1.000000000000000000e+00 9.385964912280702066e-01 9.672897196261681652e-01
