5.043103448275861878e-01 2.999999999999999889e-01 5.607476635514018620e-02 9.448818897637795144e-02 4.720373831775701023e-01
9.480519480519480346e-01 9.252336448598130758e-01 9.252336448598130758e-01 9.252336448598130758e-01 9.427163249174687065e-01
7.451612903225806051e-01 7.692307692307692735e-01 3.738317757009345654e-01 5.031446540880503138e-01 6.573592376041619278e-01
9.563862928348909609e-01 8.842975206611570771e-01 1.000000000000000000e+00 9.385964912280702066e-01 9.672897196261681652e-01
9.409836065573770059e-01 8.938053097345132203e-01 9.439252336448598069e-01 9.181818181818180991e-01 9.416595865193996273e-01
9.534161490683229490e-01 8.770491803278688270e-01 1.000000000000000000e+00 9.344978165938864212e-01 9.651162790697673799e-01
8.750000000000000000e-01 8.709677419354838745e-01 7.570093457943924964e-01 8.100000000000000533e-01 8.480478201053180953e-01
6.510067114093959217e-01 5.652173913043477826e-01 1.214953271028037379e-01 2.000000000000000111e-01 5.345696530801976598e-01
9.534161490683229490e-01 8.770491803278688270e-01 1.000000000000000000e+00 9.344978165938864212e-01 9.651162790697673799e-01
9.623824451410658565e-01 8.991596638655462437e-01 1.000000000000000000e+00 9.469026548672566657e-01 9.716981132075471761e-01
9.654088050314465486e-01 9.067796610169491789e-01 1.000000000000000000e+00 9.511111111111111294e-01 9.739336492890995345e-01
9.534161490683229490e-01 8.770491803278688270e-01 1.000000000000000000e+00 9.344978165938864212e-01 9.651162790697673799e-01
7.366666666666666918e-01 7.800000000000000266e-01 3.644859813084111999e-01 4.968152866242038779e-01 6.537455813277807115e-01
9.297124600638977387e-01 9.126213592233010097e-01 8.785046728971962482e-01 8.952380952380953882e-01 9.174076762544233210e-01
9.534161490683229490e-01 8.770491803278688270e-01 1.000000000000000000e+00 9.344978165938864212e-01 9.651162790697673799e-01
6.167247386759582284e-01 3.636363636363636465e-01 3.738317757009345516e-02 6.779661016949151131e-02 4.992471443406023002e-01
6.254295532646048095e-01 4.500000000000000111e-01 8.411214953271027583e-02 1.417322834645669272e-01 5.121647704185290362e-01
6.394557823129252139e-01 5.217391304347825942e-01 1.121495327102803724e-01 1.846153846153845979e-01 5.266630016492578337e-01
7.101910828025477240e-01 6.999999999999999556e-01 2.616822429906541791e-01 3.809523809523809312e-01 6.018556142489502880e-01
9.563862928348909609e-01 8.842975206611570771e-01 1.000000000000000000e+00 9.385964912280702066e-01 9.672897196261681652e-01
8.181818181818182323e-01 8.356164383561643927e-01 5.700934579439251859e-01 6.777777777777778123e-01 7.567448421795097691e-01
6.022727272727272929e-01 5.500000000000000444e-01 1.028037383177570069e-01 1.732283464566929110e-01 5.227394487767128561e-01
7.051282051282051766e-01 6.744186046511627675e-01 2.710280373831775447e-01 3.866666666666666030e-01 6.013676772281740801e-01
9.593749999999999778e-01 8.916666666666667185e-01 1.000000000000000000e+00 9.427312775330397576e-01 9.694835680751173745e-01
9.297124600638977387e-01 9.126213592233010097e-01 8.785046728971962482e-01 8.952380952380953882e-01 9.174076762544233210e-01
9.534161490683229490e-01 8.770491803278688270e-01 1.000000000000000000e+00 9.344978165938864212e-01 9.651162790697673799e-01
6.153846153846154188e-01 4.285714285714285476e-01 8.411214953271027583e-02 1.406250000000000000e-01 5.085365216937294264e-01
5.254901960784313930e-01 0.000000000000000000e+00 0.000000000000000000e+00 0.000000000000000000e+00 4.527027027027026862e-01
7.058823529411765163e-01 6.888888888888888840e-01 2.897196261682242757e-01 4.078947368421052544e-01 6.096839336871271442e-01
6.030534351145038219e-01 6.153846153846154188e-01 7.476635514018691031e-02 1.333333333333333315e-01 5.212541453120289603e-01
6.245733788395904096e-01 4.400000000000000022e-01 1.028037383177570069e-01 1.666666666666666852e-01 5.137674605567279507e-01
6.862745098039215730e-01 6.341463414634146423e-01 2.429906542056074759e-01 3.513513513513513153e-01 5.838068848917484788e-01
9.623824451410658565e-01 8.991596638655462437e-01 1.000000000000000000e+00 9.469026548672566657e-01 9.716981132075471761e-01
9.592476489028213260e-01 8.916666666666667185e-01 1.000000000000000000e+00 9.427312775330397576e-01 9.693396226415094130e-01
9.534161490683229490e-01 8.770491803278688270e-01 1.000000000000000000e+00 9.344978165938864212e-01 9.651162790697673799e-01
6.088435374149659962e-01 2.500000000000000000e-01 3.738317757009345516e-02 6.504065040650405805e-02 4.866060272877205106e-01
9.561128526645767955e-01 8.842975206611570771e-01 1.000000000000000000e+00 9.385964912280702066e-01 9.669811320754717610e-01
