9.534161490683229490e-01 8.770491803278688270e-01 1.000000000000000000e+00 9.344978165938864212e-01 9.651162790697673799e-01
9.534161490683229490e-01 8.770491803278688270e-01 1.000000000000000000e+00 9.344978165938864212e-01 9.651162790697673799e-01
9.534161490683229490e-01 8.770491803278688270e-01 1.000000000000000000e+00 9.344978165938864212e-01 9.651162790697673799e-01
7.852564102564102422e-01 8.125000000000000000e-01 4.859813084112149517e-01 6.081871345029239428e-01 7.137223615226806483e-01
9.534161490683229490e-01 8.770491803278688270e-01 1.000000000000000000e+00 9.344978165938864212e-01 9.651162790697673799e-01
9.534161490683229490e-01 8.770491803278688270e-01 1.000000000000000000e+00 9.344978165938864212e-01 9.651162790697673799e-01
9.534161490683229490e-01 8.770491803278688270e-01 1.000000000000000000e+00 9.344978165938864212e-01 9.651162790697673799e-01
5.932203389830508211e-01 0.000000000000000000e+00 0.000000000000000000e+00 0.000000000000000000e+00 4.654255319148936088e-01
7.079037800687285609e-01 7.199999999999999734e-01 3.364485981308411033e-01 4.585987261146496352e-01 6.301808208045509563e-01
9.534161490683229490e-01 8.770491803278688270e-01 1.000000000000000000e+00 9.344978165938864212e-01 9.651162790697673799e-01
9.534161490683229490e-01 8.770491803278688270e-01 1.000000000000000000e+00 9.344978165938864212e-01 9.651162790697673799e-01
9.534161490683229490e-01 8.770491803278688270e-01 1.000000000000000000e+00 9.344978165938864212e-01 9.651162790697673799e-01
9.563862928348909609e-01 8.842975206611570771e-01 1.000000000000000000e+00 9.385964912280702066e-01 9.672897196261681652e-01
9.534161490683229490e-01 8.770491803278688270e-01 1.000000000000000000e+00 9.344978165938864212e-01 9.651162790697673799e-01
9.534161490683229490e-01 8.770491803278688270e-01 1.000000000000000000e+00 9.344978165938864212e-01 9.651162790697673799e-01
9.534161490683229490e-01 8.770491803278688270e-01 1.000000000000000000e+00 9.344978165938864212e-01 9.651162790697673799e-01
9.623824451410658565e-01 8.991596638655462437e-01 1.000000000000000000e+00 9.469026548672566657e-01 9.716981132075471761e-01
8.832807570977917466e-01 8.723404255319149314e-01 7.663551401869158619e-01 8.159203980099503095e-01 8.546061415220292945e-01
9.534161490683229490e-01 8.770491803278688270e-01 1.000000000000000000e+00 9.344978165938864212e-01 9.651162790697673799e-01
8.478964401294498687e-01 8.846153846153845812e-01 6.448598130841121101e-01 7.459459459459458763e-01 8.001526788192837580e-01
9.534161490683229490e-01 8.770491803278688270e-01 1.000000000000000000e+00 9.344978165938864212e-01 9.651162790697673799e-01
9.654088050314465486e-01 9.067796610169491789e-01 1.000000000000000000e+00 9.511111111111111294e-01 9.739336492890995345e-01
9.534161490683229490e-01 8.770491803278688270e-01 1.000000000000000000e+00 9.344978165938864212e-01 9.651162790697673799e-01
9.534161490683229490e-01 8.770491803278688270e-01 1.000000000000000000e+00 9.344978165938864212e-01 9.651162790697673799e-01
9.534161490683229490e-01 8.770491803278688270e-01 1.000000000000000000e+00 9.344978165938864212e-01 9.651162790697673799e-01
9.534161490683229490e-01 8.770491803278688270e-01 1.000000000000000000e+00 9.344978165938864212e-01 9.651162790697673799e-01
9.593749999999999778e-01 8.916666666666667185e-01 1.000000000000000000e+00 9.427312775330397576e-01 9.694835680751173745e-01
9.534161490683229490e-01 8.770491803278688270e-01 1.000000000000000000e+00 9.344978165938864212e-01 9.651162790697673799e-01
9.651898734177215555e-01 9.067796610169491789e-01 1.000000000000000000e+00 9.511111111111111294e-01 9.736842105263158187e-01
9.534161490683229490e-01 8.770491803278688270e-01 1.000000000000000000e+00 9.344978165938864212e-01 9.651162790697673799e-01
6.644518272425249394e-01 6.071428571428570953e-01 1.588785046728971861e-01 2.518518518518518268e-01 5.510887368725310154e-01
9.563862928348909609e-01 8.842975206611570771e-01 1.000000000000000000e+00 9.385964912280702066e-01 9.672897196261681652e-01
9.593749999999999778e-01 8.916666666666667185e-01 1.000000000000000000e+00 9.427312775330397576e-01 9.694835680751173745e-01
9.534161490683229490e-01 8.770491803278688270e-01 1.000000000000000000e+00 9.344978165938864212e-01 9.651162790697673799e-01
9.534161490683229490e-01 8.770491803278688270e-01 1.000000000000000000e+00 9.344978165938864212e-01 9.651162790697673799e-01
9.534161490683229490e-01 8.770491803278688270e-01 1.000000000000000000e+00 9.344978165938864212e-01 9.651162790697673799e-01
9.677419354838709964e-01 9.145299145299145005e-01 1.000000000000000000e+00 9.553571428571429047e-01 9.753694581280787368e-01
