5.794701986754966505e-01 2.222222222222222099e-01 7.476635514018691031e-02 1.118881118881118880e-01 4.655883057752217002e-01
8.647798742138365080e-01 7.133333333333333748e-01 1.000000000000000000e+00 8.326848249027237747e-01 8.981042654028436045e-01
8.814102564102563875e-01 7.430555555555555802e-01 1.000000000000000000e+00 8.525896414342629681e-01 9.097560975609756406e-01
8.333333333333333703e-01 8.020833333333333703e-01 7.196261682242990343e-01 7.586206896551724865e-01 8.090109450747164921e-01
5.316455696202531112e-01 2.325581395348837177e-02 9.345794392523363789e-03 1.333333333333333245e-02 4.041944282967401270e-01
5.922330097087378231e-01 3.061224489795918435e-01 1.401869158878504551e-01 1.923076923076922629e-01 4.859350421023410638e-01
5.522875816993464415e-01 3.125000000000000000e-02 9.345794392523363789e-03 1.438848920863309254e-02 4.267834499600807185e-01
6.057347670250896599e-01 2.857142857142856984e-01 1.869158878504672758e-02 3.508771929824561209e-02 4.948109106715931071e-01
9.046052631578946901e-01 7.867647058823529216e-01 1.000000000000000000e+00 8.806584362139917577e-01 9.263959390862943621e-01
5.369774919614147546e-01 2.564102564102564014e-02 9.345794392523363789e-03 1.369863013698630061e-02 4.115356422943008408e-01
8.842443729903537442e-01 7.482517482517482277e-01 1.000000000000000000e+00 8.559999999999999831e-01 9.117647058823529216e-01
8.814102564102563875e-01 7.430555555555555802e-01 1.000000000000000000e+00 8.525896414342629681e-01 9.097560975609756406e-01
5.641891891891891442e-01 4.166666666666666435e-02 9.345794392523363789e-03 1.526717557251908164e-02 4.438263363497008118e-01
6.184210526315789824e-01 4.117647058823529216e-01 1.962616822429906482e-01 2.658227848101265556e-01 5.219887091417998448e-01
8.730158730158730229e-01 7.278911564625850650e-01 1.000000000000000000e+00 8.425196850393700254e-01 9.038461538461538547e-01
5.661016949152541944e-01 4.347826086956521618e-02 9.345794392523363789e-03 1.538461538461538200e-02 4.461622588983892856e-01
5.738831615120274510e-01 5.263157894736841813e-02 9.345794392523363789e-03 1.587301587301587213e-02 4.557598537180007625e-01
5.369774919614147546e-01 2.564102564102564014e-02 9.345794392523363789e-03 1.369863013698630061e-02 4.115356422943008408e-01
5.589225589225589319e-01 3.846153846153846367e-02 9.345794392523363789e-03 1.503759398496240518e-02 4.388834235120511185e-01
8.899676375404530493e-01 7.588652482269503396e-01 1.000000000000000000e+00 8.629032258064516236e-01 9.158415841584157668e-01
8.957654723127035368e-01 7.697841726618704916e-01 1.000000000000000000e+00 8.699186991869918284e-01 9.199999999999999289e-01
5.615141955835961651e-01 2.037037037037036924e-01 1.028037383177570069e-01 1.366459627329192628e-01 4.490209167779261046e-01
5.841924398625429893e-01 1.111111111111111049e-01 1.869158878504672758e-02 3.200000000000000067e-02 4.658675335229581771e-01
6.216216216216216006e-01 4.358974358974359031e-01 1.588785046728971861e-01 2.328767123287671104e-01 5.212381941353902981e-01
6.184210526315789824e-01 4.117647058823529216e-01 1.962616822429906482e-01 2.658227848101265556e-01 5.219887091417998448e-01
8.730158730158730229e-01 7.278911564625850650e-01 1.000000000000000000e+00 8.425196850393700254e-01 9.038461538461538547e-01
5.451612903225806495e-01 2.777777777777777624e-02 9.345794392523363789e-03 1.398601398601398600e-02 4.184660006445374836e-01
5.627118644067796716e-01 4.166666666666666435e-02 9.345794392523363789e-03 1.526717557251908164e-02 4.435026844303041615e-01
5.767918088737201687e-01 9.523809523809523281e-02 1.869158878504672758e-02 3.124999999999999653e-02 4.582705255753190543e-01
5.748299319727890877e-01 5.000000000000000278e-02 9.345794392523363789e-03 1.574803149606298844e-02 4.538707581588284912e-01
5.748299319727890877e-01 5.000000000000000278e-02 9.345794392523363789e-03 1.574803149606298844e-02 4.538707581588284912e-01
5.724137931034483096e-01 5.263157894736841813e-02 9.345794392523363789e-03 1.587301587301587213e-02 4.554925693274091691e-01
8.675078864353312769e-01 7.181208053691274795e-01 1.000000000000000000e+00 8.359375000000000000e-01 9.000000000000000222e-01
5.888501742160279218e-01 7.692307692307692735e-02 9.345794392523363789e-03 1.666666666666666644e-02 4.713395638629283013e-01
5.886287625418060721e-01 2.500000000000000000e-01 7.476635514018691031e-02 1.151079136690647403e-01 4.748831775700934621e-01
5.782312925170067786e-01 1.304347826086956486e-01 2.803738317757009310e-02 4.615384615384614947e-02 4.605427557599079957e-01
5.929824561403508332e-01 1.538461538461538547e-01 1.869158878504672758e-02 3.333333333333333287e-02 4.784469179880289635e-01
