5.490196078431373028e-01 3.030303030303030387e-02 9.345794392523363789e-03 1.428571428571428353e-02 4.242708871460103559e-01
5.566666666666666430e-01 3.571428571428571230e-02 9.345794392523363789e-03 1.481481481481481191e-02 4.347247106677641915e-01
5.950704225352112520e-01 1.000000000000000056e-01 9.345794392523363789e-03 1.709401709401709227e-02 4.792491683827023174e-01
7.051282051282051766e-01 5.842696629213482984e-01 4.859813084112149517e-01 5.306122448979592177e-01 6.527467517665831442e-01
8.899676375404530493e-01 7.588652482269503396e-01 1.000000000000000000e+00 8.629032258064516236e-01 9.158415841584157668e-01
6.700000000000000400e-01 5.666666666666666519e-01 3.177570093457943723e-01 4.071856287425149046e-01 5.915209917195292100e-01
8.757961783439490722e-01 7.328767123287671659e-01 1.000000000000000000e+00 8.458498023715415037e-01 9.057971014492753881e-01
5.691318327974276281e-01 2.244897959183673464e-01 1.028037383177570069e-01 1.410256410256410242e-01 4.582646142569176684e-01
5.647840531561462152e-01 1.000000000000000056e-01 2.803738317757009310e-02 4.379562043795620641e-02 4.444310627228056365e-01
8.870967741935483764e-01 7.535211267605633756e-01 1.000000000000000000e+00 8.594377510040159818e-01 9.137931034482758008e-01
5.778546712802767882e-01 5.882352941176470507e-02 9.345794392523363789e-03 1.612903225806451221e-02 4.607168532402176608e-01
9.046052631578946901e-01 7.867647058823529216e-01 1.000000000000000000e+00 8.806584362139917577e-01 9.263959390862943621e-01
5.283018867924528239e-01 0.000000000000000000e+00 0.000000000000000000e+00 0.000000000000000000e+00 3.981042654028436045e-01
6.546052631578946901e-01 5.166666666666667185e-01 2.897196261682242757e-01 3.712574850299401041e-01 5.712557521704065833e-01
8.842443729903537442e-01 7.482517482517482277e-01 1.000000000000000000e+00 8.559999999999999831e-01 9.117647058823529216e-01
8.841059602649006255e-01 7.812500000000000000e-01 9.345794392523364413e-01 8.510638297872340496e-01 8.954948478312965143e-01
8.620689655172413257e-01 7.086092715231787631e-01 1.000000000000000000e+00 8.294573643410853014e-01 8.962264150943396457e-01
9.016393442622950838e-01 7.810218978102190235e-01 1.000000000000000000e+00 8.770491803278688270e-01 9.242424242424243097e-01
5.618729096989966143e-01 3.846153846153846367e-02 9.345794392523363789e-03 1.503759398496240518e-02 4.395687305295949421e-01
5.675675675675675436e-01 4.347826086956521618e-02 9.345794392523363789e-03 1.538461538461538200e-02 4.464718389952034294e-01
6.148867313915857835e-01 3.965517241379310498e-01 2.149532710280373793e-01 2.787878787878788067e-01 5.208429721476820484e-01
8.675078864353312769e-01 7.181208053691274795e-01 1.000000000000000000e+00 8.359375000000000000e-01 9.000000000000000222e-01
5.217391304347825942e-01 0.000000000000000000e+00 0.000000000000000000e+00 0.000000000000000000e+00 3.906976744186046457e-01
5.728813559322033511e-01 4.761904761904761640e-02 9.345794392523363789e-03 1.562499999999999827e-02 4.514814078345594783e-01
6.546052631578946901e-01 5.166666666666667185e-01 2.897196261682242757e-01 3.712574850299401041e-01 5.712557521704065833e-01
8.842443729903537442e-01 7.482517482517482277e-01 1.000000000000000000e+00 8.559999999999999831e-01 9.117647058823529216e-01
5.487012987012986898e-01 7.894736842105262720e-02 2.803738317757009310e-02 4.137931034482758563e-02 4.269540149718695776e-01
5.738255033557047025e-01 1.428571428571428492e-01 3.738317757009345516e-02 5.925925925925924764e-02 4.558643636541566679e-01
5.251572327044025101e-01 0.000000000000000000e+00 0.000000000000000000e+00 0.000000000000000000e+00 3.957345971563981379e-01
5.562913907284767756e-01 0.000000000000000000e+00 0.000000000000000000e+00 0.000000000000000000e+00 4.307692307692307931e-01
5.637583892617449299e-01 7.407407407407406996e-02 1.869158878504672758e-02 2.985074626865671585e-02 4.439007682145129086e-01
8.986928104575163667e-01 7.753623188405797118e-01 1.000000000000000000e+00 8.734693877551020780e-01 9.221105527638191468e-01
5.352564102564102422e-01 2.500000000000000139e-02 9.345794392523363789e-03 1.360544217687074606e-02 4.095509459767494587e-01
7.986798679867986861e-01 7.169811320754716499e-01 7.102803738317756688e-01 7.136150234741782672e-01 7.786095746709899013e-01
8.647798742138365080e-01 7.133333333333333748e-01 1.000000000000000000e+00 8.326848249027237747e-01 8.981042654028436045e-01
8.675078864353312769e-01 7.181208053691274795e-01 1.000000000000000000e+00 8.359375000000000000e-01 9.000000000000000222e-01
8.538205980066445600e-01 7.739130434782608425e-01 8.317757009345794206e-01 8.018018018018018278e-01 8.488775411889392108e-01
