9.136212624584717501e-01 8.045112781954887327e-01 1.000000000000000000e+00 8.916666666666667185e-01 9.329896907216495006e-01
6.169491525423729250e-01 4.166666666666666852e-01 1.401869158878504551e-01 2.097902097902097918e-01 5.142423941141379684e-01
5.457516339869280531e-01 2.941176470588235253e-02 9.345794392523363789e-03 1.418439716312056530e-02 4.217583243319400488e-01
5.419354838709677935e-01 2.702702702702702853e-02 9.345794392523363789e-03 1.388888888888888638e-02 4.160029464573453684e-01
5.472312703583062099e-01 2.941176470588235253e-02 9.345794392523363789e-03 1.418439716312056530e-02 4.221728971962616095e-01
9.016393442622950838e-01 7.810218978102190235e-01 1.000000000000000000e+00 8.770491803278688270e-01 9.242424242424243097e-01
6.258992805755395628e-01 6.363636363636363535e-01 6.542056074766354479e-02 1.186440677966101587e-01 5.210143739410831865e-01
5.646258503401360151e-01 4.347826086956521618e-02 9.345794392523363789e-03 1.538461538461538200e-02 4.458493677844969083e-01
7.352941176470588758e-01 6.444444444444444864e-01 5.420560747663550893e-01 5.888324873096446588e-01 6.906260273329262178e-01
9.016393442622950838e-01 7.810218978102190235e-01 1.000000000000000000e+00 8.770491803278688270e-01 9.242424242424243097e-01
5.434083601286173737e-01 2.702702702702702853e-02 9.345794392523363789e-03 1.388888888888888638e-02 4.164376030786145488e-01
5.316455696202531112e-01 2.325581395348837177e-02 9.345794392523363789e-03 1.333333333333333245e-02 4.041944282967401270e-01
8.675078864353312769e-01 7.181208053691274795e-01 1.000000000000000000e+00 8.359375000000000000e-01 9.000000000000000222e-01
5.350318471337579540e-01 2.439024390243902524e-02 9.345794392523363789e-03 1.351351351351351079e-02 4.080545397083389370e-01
5.401929260450161197e-01 0.000000000000000000e+00 0.000000000000000000e+00 0.000000000000000000e+00 4.117647058823529216e-01
8.899676375404530493e-01 7.588652482269503396e-01 1.000000000000000000e+00 8.629032258064516236e-01 9.158415841584157668e-01
8.246753246753246724e-01 7.154471544715447218e-01 8.224299065420560551e-01 7.652173913043477382e-01 8.241502766541126679e-01
5.369774919614147546e-01 2.564102564102564014e-02 9.345794392523363789e-03 1.369863013698630061e-02 4.115356422943008408e-01
6.666666666666666297e-01 5.373134328358208922e-01 3.364485981308411033e-01 4.137931034482758563e-01 5.903348518292397262e-01
5.675675675675675436e-01 4.347826086956521618e-02 9.345794392523363789e-03 1.538461538461538200e-02 4.464718389952034294e-01
9.075907590759075827e-01 7.925925925925926263e-01 1.000000000000000000e+00 8.842975206611569661e-01 9.285714285714286031e-01
5.773195876288659267e-01 1.000000000000000056e-01 1.869158878504672758e-02 3.149606299212597688e-02 4.604327509142625008e-01
5.600000000000000533e-01 6.896551724137930939e-02 1.869158878504672758e-02 2.941176470588234906e-02 4.393976078640259297e-01
8.785942492012779326e-01 7.379310344827586521e-01 1.000000000000000000e+00 8.492063492063492980e-01 9.077669902912620659e-01
5.350318471337579540e-01 2.439024390243902524e-02 9.345794392523363789e-03 1.351351351351351079e-02 4.080545397083389370e-01
5.401929260450161197e-01 0.000000000000000000e+00 0.000000000000000000e+00 0.000000000000000000e+00 4.117647058823529216e-01
6.126760563380281299e-01 4.210526315789473450e-01 7.476635514018691031e-02 1.269841269841269771e-01 5.063097312424098551e-01
5.217391304347825942e-01 0.000000000000000000e+00 0.000000000000000000e+00 0.000000000000000000e+00 3.906976744186046457e-01
5.217391304347825942e-01 0.000000000000000000e+00 0.000000000000000000e+00 0.000000000000000000e+00 3.906976744186046457e-01
8.702531645569620000e-01 7.229729729729730270e-01 1.000000000000000000e+00 8.392156862745098200e-01 9.019138755980861122e-01
5.529801324503311744e-01 3.333333333333333287e-02 9.345794392523363789e-03 1.459854014598539924e-02 4.303139228372873104e-01
5.581395348837209225e-01 6.666666666666666574e-02 1.869158878504672758e-02 2.919708029197079849e-02 4.371808459389151524e-01
5.694915254237288282e-01 8.333333333333332871e-02 1.869158878504672758e-02 3.053435114503816328e-02 4.508351560946510239e-01
8.279220779220779480e-01 7.249999999999999778e-01 8.130841121495326895e-01 7.665198237885462174e-01 8.244525038359603597e-01
8.842443729903537442e-01 7.482517482517482277e-01 1.000000000000000000e+00 8.559999999999999831e-01 9.117647058823529216e-01
8.757961783439490722e-01 7.328767123287671659e-01 1.000000000000000000e+00 8.458498023715415037e-01 9.057971014492753881e-01
8.730158730158730229e-01 7.278911564625850650e-01 1.000000000000000000e+00 8.425196850393700254e-01 9.038461538461538547e-01
