9.254658385093167405e-01 8.167938931297710203e-01 1.000000000000000000e+00 8.991596638655461327e-01 9.441860465116278522e-01
9.383116883116883189e-01 8.492063492063491870e-01 1.000000000000000000e+00 9.184549356223175032e-01 9.527363184079601366e-01
9.254658385093167405e-01 8.167938931297710203e-01 1.000000000000000000e+00 8.991596638655461327e-01 9.441860465116278522e-01
9.254658385093167405e-01 8.167938931297710203e-01 1.000000000000000000e+00 8.991596638655461327e-01 9.441860465116278522e-01
6.143790849673202992e-01 3.103448275862069061e-01 8.411214953271027583e-02 1.323529411764705899e-01 4.918048184849480586e-01
9.254658385093167405e-01 8.167938931297710203e-01 1.000000000000000000e+00 8.991596638655461327e-01 9.441860465116278522e-01
7.170418006430868685e-01 6.666666666666666297e-01 3.551401869158878344e-01 4.634146341463414309e-01 6.310014660069636072e-01
9.398734177215190000e-01 8.492063492063491870e-01 1.000000000000000000e+00 9.184549356223175032e-01 9.545454545454544748e-01
9.254658385093167405e-01 8.167938931297710203e-01 1.000000000000000000e+00 8.991596638655461327e-01 9.441860465116278522e-01
9.312500000000000222e-01 8.294573643410853014e-01 1.000000000000000000e+00 9.067796610169490679e-01 9.483568075117370100e-01
9.254658385093167405e-01 8.167938931297710203e-01 1.000000000000000000e+00 8.991596638655461327e-01 9.441860465116278522e-01
9.254658385093167405e-01 8.167938931297710203e-01 1.000000000000000000e+00 8.991596638655461327e-01 9.441860465116278522e-01
9.254658385093167405e-01 8.167938931297710203e-01 1.000000000000000000e+00 8.991596638655461327e-01 9.441860465116278522e-01
9.341692789968651933e-01 8.359375000000000000e-01 1.000000000000000000e+00 9.106382978723404076e-01 9.504716981132075304e-01
9.254658385093167405e-01 8.167938931297710203e-01 1.000000000000000000e+00 8.991596638655461327e-01 9.441860465116278522e-01
9.283489096573208643e-01 8.230769230769230393e-01 1.000000000000000000e+00 9.029535864978902593e-01 9.462616822429906760e-01
7.311475409836065698e-01 6.760563380281690016e-01 4.485981308411214896e-01 5.393258426966291985e-01 6.662182573397527063e-01
6.166666666666666963e-01 2.777777777777777901e-01 4.672897196261682068e-02 8.000000000000000167e-02 4.896857295046244118e-01
9.254658385093167405e-01 8.167938931297710203e-01 1.000000000000000000e+00 8.991596638655461327e-01 9.441860465116278522e-01
9.254658385093167405e-01 8.167938931297710203e-01 1.000000000000000000e+00 8.991596638655461327e-01 9.441860465116278522e-01
9.283489096573208643e-01 8.230769230769230393e-01 1.000000000000000000e+00 9.029535864978902593e-01 9.462616822429906760e-01
9.028213166144201107e-01 8.166666666666666519e-01 9.158878504672897103e-01 8.634361233480175590e-01 9.060571327808145670e-01
9.254658385093167405e-01 8.167938931297710203e-01 1.000000000000000000e+00 8.991596638655461327e-01 9.441860465116278522e-01
9.254658385093167405e-01 8.167938931297710203e-01 1.000000000000000000e+00 8.991596638655461327e-01 9.441860465116278522e-01
9.341692789968651933e-01 8.359375000000000000e-01 1.000000000000000000e+00 9.106382978723404076e-01 9.504716981132075304e-01
9.254658385093167405e-01 8.167938931297710203e-01 1.000000000000000000e+00 8.991596638655461327e-01 9.441860465116278522e-01
9.341692789968651933e-01 8.359375000000000000e-01 1.000000000000000000e+00 9.106382978723404076e-01 9.504716981132075304e-01
6.193548387096774466e-01 2.800000000000000266e-01 6.542056074766354479e-02 1.060606060606060497e-01 4.883753050043735944e-01
9.428571428571428381e-01 8.559999999999999831e-01 1.000000000000000000e+00 9.224137931034482873e-01 9.567307692307691624e-01
9.254658385093167405e-01 8.167938931297710203e-01 1.000000000000000000e+00 8.991596638655461327e-01 9.441860465116278522e-01
5.639999999999999458e-01 4.444444444444444198e-01 7.476635514018691031e-02 1.280000000000000027e-01 5.024181426050585708e-01
9.312500000000000222e-01 8.294573643410853014e-01 1.000000000000000000e+00 9.067796610169490679e-01 9.483568075117370100e-01
6.568627450980392135e-01 5.277777777777777901e-01 1.775700934579439172e-01 2.657342657342657288e-01 5.460714788897759187e-01
9.111111111111110938e-01 8.319327731092437395e-01 9.252336448598130758e-01 8.761061946902654052e-01 9.145398993529834097e-01
9.254658385093167405e-01 8.167938931297710203e-01 1.000000000000000000e+00 8.991596638655461327e-01 9.441860465116278522e-01
9.082278481012657778e-01 8.362068965517240882e-01 9.065420560747663448e-01 8.699551569506727144e-01 9.078164825828377582e-01
9.254658385093167405e-01 8.167938931297710203e-01 1.000000000000000000e+00 8.991596638655461327e-01 9.441860465116278522e-01
