6.282894736842105088e-01 3.928571428571428492e-01 1.028037383177570069e-01 1.629629629629629484e-01 5.082546610370509699e-01
9.324758842443729989e-01 8.524590163934425702e-01 9.719626168224299034e-01 9.082969432314410563e-01 9.418636613523915235e-01
6.098360655737704583e-01 2.500000000000000000e-01 5.607476635514018620e-02 9.160305343511450371e-02 4.825828377230246269e-01
9.254658385093167405e-01 8.167938931297710203e-01 1.000000000000000000e+00 8.991596638655461327e-01 9.441860465116278522e-01
5.907590759075908027e-01 0.000000000000000000e+00 0.000000000000000000e+00 0.000000000000000000e+00 4.566326530612244694e-01
8.843750000000000222e-01 8.017241379310344751e-01 8.691588785046728827e-01 8.340807174887892028e-01 8.805888289236979416e-01
6.800000000000000488e-01 6.279069767441860517e-01 2.523364485981308136e-01 3.599999999999999867e-01 5.847174470969928040e-01
9.458598726114649802e-01 8.629032258064516236e-01 1.000000000000000000e+00 9.264069264069264564e-01 9.589371980676327789e-01
6.140350877192982670e-01 4.400000000000000022e-01 1.028037383177570069e-01 1.666666666666666852e-01 5.120760264622492564e-01
7.331189710610932497e-01 6.999999999999999556e-01 3.925233644859812965e-01 5.029940119760478723e-01 6.521440351841670813e-01
9.283489096573208643e-01 8.230769230769230393e-01 1.000000000000000000e+00 9.029535864978902593e-01 9.462616822429906760e-01
9.193548387096773800e-01 8.596491228070175517e-01 9.158878504672897103e-01 8.868778280542987114e-01 9.185350582385709561e-01
9.254658385093167405e-01 8.167938931297710203e-01 1.000000000000000000e+00 8.991596638655461327e-01 9.441860465116278522e-01
6.897689768976897895e-01 6.382978723404255650e-01 2.803738317757009102e-01 3.896103896103895736e-01 5.968195689490749523e-01
9.398734177215190000e-01 8.492063492063491870e-01 1.000000000000000000e+00 9.184549356223175032e-01 9.545454545454544748e-01
6.107142857142857650e-01 4.285714285714285476e-01 5.607476635514018620e-02 9.917355371900825334e-02 5.049159958943331139e-01
9.341692789968651933e-01 8.359375000000000000e-01 1.000000000000000000e+00 9.106382978723404076e-01 9.504716981132075304e-01
9.283489096573208643e-01 8.230769230769230393e-01 1.000000000000000000e+00 9.029535864978902593e-01 9.462616822429906760e-01
9.426751592356688025e-01 8.559999999999999831e-01 1.000000000000000000e+00 9.224137931034482873e-01 9.565217391304348116e-01
5.699999999999999512e-01 0.000000000000000000e+00 0.000000000000000000e+00 0.000000000000000000e+00 4.430051813471502786e-01
7.922077922077922496e-01 7.866666666666666252e-01 5.514018691588784549e-01 6.483516483516482687e-01 7.358999395545636757e-01
9.341692789968651933e-01 8.359375000000000000e-01 1.000000000000000000e+00 9.106382978723404076e-01 9.504716981132075304e-01
5.183673469387755084e-01 0.000000000000000000e+00 0.000000000000000000e+00 0.000000000000000000e+00 4.601449275362318736e-01
9.254658385093167405e-01 8.167938931297710203e-01 1.000000000000000000e+00 8.991596638655461327e-01 9.441860465116278522e-01
6.897689768976897895e-01 6.382978723404255650e-01 2.803738317757009102e-01 3.896103896103895736e-01 5.968195689490749523e-01
9.398734177215190000e-01 8.492063492063491870e-01 1.000000000000000000e+00 9.184549356223175032e-01 9.545454545454544748e-01
9.254658385093167405e-01 8.167938931297710203e-01 1.000000000000000000e+00 8.991596638655461327e-01 9.441860465116278522e-01
7.483660130718954306e-01 7.272727272727272929e-01 4.485981308411214896e-01 5.549132947976878061e-01 6.790729347672944671e-01
7.741935483870967527e-01 7.534246575342465890e-01 5.140186915887849928e-01 6.111111111111111605e-01 7.126743704249343114e-01
7.015873015873015373e-01 6.226415094339622369e-01 3.084112149532710068e-01 4.124999999999999223e-01 6.061286843997123475e-01
6.138613861386138515e-01 3.529411764705882582e-01 1.121495327102803724e-01 1.702127659574468044e-01 4.999523173755483496e-01
9.379084967320261423e-01 8.492063492063491870e-01 1.000000000000000000e+00 9.184549356223175032e-01 9.522613065326633874e-01
6.101694915254237683e-01 3.333333333333333148e-01 7.476635514018691031e-02 1.221374045801526531e-01 4.948299860807317541e-01
7.757009345794392274e-01 7.108433734939758608e-01 5.514018691588784549e-01 6.210526315789473006e-01 7.196261682242990343e-01
9.254658385093167405e-01 8.167938931297710203e-01 1.000000000000000000e+00 8.991596638655461327e-01 9.441860465116278522e-01
9.254658385093167405e-01 8.167938931297710203e-01 1.000000000000000000e+00 8.991596638655461327e-01 9.441860465116278522e-01
9.254658385093167405e-01 8.167938931297710203e-01 1.000000000000000000e+00 8.991596638655461327e-01 9.441860465116278522e-01
