5.980066445182724566e-01 2.307692307692307820e-01 5.607476635514018620e-02 9.022556390977443108e-02 4.764909914249927936e-01
9.254658385093167405e-01 8.167938931297710203e-01 1.000000000000000000e+00 8.991596638655461327e-01 9.441860465116278522e-01
6.325088339222615375e-01 5.652173913043477826e-01 1.214953271028037379e-01 2.000000000000000111e-01 5.323385726423109920e-01
8.608414239482200525e-01 8.076923076923077094e-01 7.850467289719625930e-01 7.962085308056873201e-01 8.430184139909318031e-01
9.371069182389937247e-01 8.425196850393700254e-01 1.000000000000000000e+00 9.145299145299145005e-01 9.526066350710901132e-01
8.038585209003215049e-01 8.026315789473684736e-01 5.700934579439251859e-01 6.666666666666666297e-01 7.482820230896097824e-01
6.027397260273972268e-01 3.548387096774193727e-01 1.028037383177570069e-01 1.594202898550724501e-01 4.973478151048243978e-01
6.208053691275168262e-01 3.636363636363636465e-01 7.476635514018691031e-02 1.240310077519379689e-01 5.007339629104076151e-01
5.677655677655677469e-01 0.000000000000000000e+00 0.000000000000000000e+00 0.000000000000000000e+00 4.668674698795180489e-01
6.973684210526315264e-01 6.595744680851063357e-01 2.897196261682242757e-01 4.025974025974025650e-01 6.042506760282745359e-01
7.699680511182108722e-01 7.333333333333332815e-01 5.140186915887849928e-01 6.043956043956042468e-01 7.084656564740041684e-01
9.367088607594936667e-01 8.425196850393700254e-01 1.000000000000000000e+00 9.145299145299145005e-01 9.521531100478468623e-01
6.731391585760517771e-01 5.681818181818182323e-01 2.336448598130841103e-01 3.311258278145695066e-01 5.697927269362450531e-01
8.867924528301887044e-01 8.198198198198197728e-01 8.504672897196261516e-01 8.348623853211007972e-01 8.778402799309031890e-01
9.254658385093167405e-01 8.167938931297710203e-01 1.000000000000000000e+00 8.991596638655461327e-01 9.441860465116278522e-01
5.886524822695035075e-01 3.333333333333333148e-01 8.411214953271027583e-02 1.343283582089551953e-01 4.906275033377836547e-01
6.006389776357827781e-01 9.090909090909091161e-02 1.869158878504672758e-02 3.100775193798449222e-02 4.608021050721350376e-01
7.654723127035830688e-01 7.536231884057971175e-01 4.859813084112149517e-01 5.909090909090908283e-01 7.004906542056075214e-01
6.440129449838187803e-01 4.516129032258064391e-01 1.308411214953270896e-01 2.028985507246376663e-01 5.233413528268715531e-01
6.962025316455696666e-01 6.078431372549019107e-01 2.897196261682242757e-01 3.924050632911391667e-01 5.970129231319589724e-01
6.655518394648829439e-01 5.714285714285713969e-01 2.616822429906541791e-01 3.589743589743589758e-01 5.761536214953271173e-01
5.473251028806583873e-01 4.482758620689655249e-01 1.214953271028037379e-01 1.911764705882353088e-01 5.019241341396371014e-01
5.694444444444444198e-01 0.000000000000000000e+00 0.000000000000000000e+00 0.000000000000000000e+00 4.530386740331491802e-01
9.341692789968651933e-01 8.359375000000000000e-01 1.000000000000000000e+00 9.106382978723404076e-01 9.504716981132075304e-01
8.867924528301887044e-01 8.198198198198197728e-01 8.504672897196261516e-01 8.348623853211007972e-01 8.778402799309031890e-01
9.254658385093167405e-01 8.167938931297710203e-01 1.000000000000000000e+00 8.991596638655461327e-01 9.441860465116278522e-01
6.896551724137931494e-01 5.799999999999999600e-01 2.710280373831775447e-01 3.694267515923566059e-01 5.859857168047962750e-01
6.329966329966330019e-01 4.666666666666666741e-01 1.308411214953270896e-01 2.043795620437955929e-01 5.233152975897688020e-01
5.844155844155843882e-01 0.000000000000000000e+00 0.000000000000000000e+00 0.000000000000000000e+00 4.477611940298507620e-01
5.745454545454545814e-01 1.428571428571428492e-01 1.869158878504672758e-02 3.305785123966941547e-02 4.736315086782376671e-01
6.035087719298245501e-01 3.750000000000000000e-01 8.411214953271027583e-02 1.374045801526717347e-01 4.999212433056809401e-01
5.925925925925925597e-01 1.818181818181818232e-01 3.738317757009345516e-02 6.201550387596898445e-02 4.713231677324151714e-01
9.456869009584664143e-01 8.629032258064516236e-01 1.000000000000000000e+00 9.264069264069264564e-01 9.587378640776699212e-01
9.254658385093167405e-01 8.167938931297710203e-01 1.000000000000000000e+00 8.991596638655461327e-01 9.441860465116278522e-01
9.254658385093167405e-01 8.167938931297710203e-01 1.000000000000000000e+00 8.991596638655461327e-01 9.441860465116278522e-01
6.075085324232082362e-01 3.571428571428571508e-01 9.345794392523364136e-02 1.481481481481481399e-01 4.983418751884232667e-01
9.371069182389937247e-01 8.425196850393700254e-01 1.000000000000000000e+00 9.145299145299145005e-01 9.526066350710901132e-01
