5.220125786163521964e-01 0.000000000000000000e+00 0.000000000000000000e+00 0.000000000000000000e+00 3.933649289099526158e-01
8.535825545171339401e-01 6.948051948051947591e-01 1.000000000000000000e+00 8.199233716475095024e-01 8.901869158878504829e-01
6.182965299684543004e-01 4.054054054054054279e-01 2.803738317757009102e-01 3.314917127071823066e-01 5.354250111259457601e-01
7.491856677524429964e-01 6.500000000000000222e-01 6.074766355140186480e-01 6.280193236714974869e-01 7.162383177570093018e-01
5.320512820512820484e-01 2.439024390243902524e-02 9.345794392523363789e-03 1.351351351351351079e-02 4.071119215865056096e-01
5.372168284789643478e-01 2.631578947368420907e-02 9.345794392523363789e-03 1.379310344827586188e-02 4.130887387804200728e-01
5.186335403726708426e-01 0.000000000000000000e+00 0.000000000000000000e+00 0.000000000000000000e+00 3.883720930232558155e-01
5.318471337579617764e-01 0.000000000000000000e+00 0.000000000000000000e+00 0.000000000000000000e+00 4.033816425120773097e-01
8.954248366013072280e-01 7.697841726618704916e-01 1.000000000000000000e+00 8.699186991869918284e-01 9.195979899497487287e-01
8.810289389067523791e-01 7.430555555555555802e-01 1.000000000000000000e+00 8.525896414342629681e-01 9.093137254901960675e-01
8.670886075949366667e-01 7.181208053691274795e-01 1.000000000000000000e+00 8.359375000000000000e-01 8.995215311004784997e-01
8.810289389067523791e-01 7.430555555555555802e-01 1.000000000000000000e+00 8.525896414342629681e-01 9.093137254901960675e-01
5.268138801261830206e-01 0.000000000000000000e+00 0.000000000000000000e+00 0.000000000000000000e+00 3.976190476190476497e-01
5.318471337579617764e-01 0.000000000000000000e+00 0.000000000000000000e+00 0.000000000000000000e+00 4.033816425120773097e-01
8.753993610223642641e-01 7.328767123287671659e-01 1.000000000000000000e+00 8.458498023715415037e-01 9.053398058252426495e-01
5.220125786163521964e-01 0.000000000000000000e+00 0.000000000000000000e+00 0.000000000000000000e+00 3.933649289099526158e-01
5.186335403726708426e-01 0.000000000000000000e+00 0.000000000000000000e+00 0.000000000000000000e+00 3.883720930232558155e-01
8.698412698412698596e-01 7.229729729729730270e-01 1.000000000000000000e+00 8.392156862745098200e-01 9.014423076923077094e-01
5.318471337579617764e-01 0.000000000000000000e+00 0.000000000000000000e+00 0.000000000000000000e+00 4.033816425120773097e-01
9.102990033222591038e-01 7.985074626865671377e-01 1.000000000000000000e+00 8.879668049792530660e-01 9.304123711340206437e-01
8.753993610223642641e-01 7.328767123287671659e-01 1.000000000000000000e+00 8.458498023715415037e-01 9.053398058252426495e-01
5.186335403726708426e-01 0.000000000000000000e+00 0.000000000000000000e+00 0.000000000000000000e+00 3.883720930232558155e-01
5.663430420711974556e-01 2.244897959183673464e-01 1.028037383177570069e-01 1.410256410256410242e-01 4.573424632182844229e-01
8.867313915857605311e-01 7.535211267605633756e-01 1.000000000000000000e+00 8.594377510040159818e-01 9.133663366336634004e-01
5.318471337579617764e-01 0.000000000000000000e+00 0.000000000000000000e+00 0.000000000000000000e+00 4.033816425120773097e-01
8.753993610223642641e-01 7.328767123287671659e-01 1.000000000000000000e+00 8.458498023715415037e-01 9.053398058252426495e-01
5.186335403726708426e-01 0.000000000000000000e+00 0.000000000000000000e+00 0.000000000000000000e+00 3.883720930232558155e-01
5.186335403726708426e-01 0.000000000000000000e+00 0.000000000000000000e+00 0.000000000000000000e+00 3.883720930232558155e-01
5.186335403726708426e-01 0.000000000000000000e+00 0.000000000000000000e+00 0.000000000000000000e+00 3.883720930232558155e-01
5.186335403726708426e-01 0.000000000000000000e+00 0.000000000000000000e+00 0.000000000000000000e+00 3.883720930232558155e-01
5.186335403726708426e-01 0.000000000000000000e+00 0.000000000000000000e+00 0.000000000000000000e+00 3.883720930232558155e-01
5.186335403726708426e-01 0.000000000000000000e+00 0.000000000000000000e+00 0.000000000000000000e+00 3.883720930232558155e-01
8.616352201257861942e-01 7.086092715231787631e-01 1.000000000000000000e+00 8.294573643410853014e-01 8.957345971563981379e-01
8.753993610223642641e-01 7.328767123287671659e-01 1.000000000000000000e+00 8.458498023715415037e-01 9.053398058252426495e-01
8.643533123028390719e-01 7.133333333333333748e-01 1.000000000000000000e+00 8.326848249027237747e-01 8.976190476190476497e-01
5.407166123778501809e-01 2.777777777777777624e-02 9.345794392523363789e-03 1.398601398601398600e-02 4.171728971962616050e-01
5.318471337579617764e-01 0.000000000000000000e+00 0.000000000000000000e+00 0.000000000000000000e+00 4.033816425120773097e-01
