5.186335403726708426e-01 0.000000000000000000e+00 0.000000000000000000e+00 0.000000000000000000e+00 3.883720930232558155e-01
5.186335403726708426e-01 0.000000000000000000e+00 0.000000000000000000e+00 0.000000000000000000e+00 3.883720930232558155e-01
5.186335403726708426e-01 0.000000000000000000e+00 0.000000000000000000e+00 0.000000000000000000e+00 3.883720930232558155e-01
8.838709677419355204e-01 7.482517482517482277e-01 1.000000000000000000e+00 8.559999999999999831e-01 9.113300492610837411e-01
8.486842105263158187e-01 7.479674796747967092e-01 8.598130841121495171e-01 7.999999999999999334e-01 8.512263390103894656e-01
8.954248366013072280e-01 7.697841726618704916e-01 1.000000000000000000e+00 8.699186991869918284e-01 9.195979899497487287e-01
8.509316770186335921e-01 6.903225806451612767e-01 1.000000000000000000e+00 8.167938931297709093e-01 8.883720930232558155e-01
6.012861736334405016e-01 3.508771929824561209e-01 1.869158878504672827e-01 2.439024390243902385e-01 5.027716694154297228e-01
5.186335403726708426e-01 0.000000000000000000e+00 0.000000000000000000e+00 0.000000000000000000e+00 3.883720930232558155e-01
7.254901960784313486e-01 6.263736263736263687e-01 5.327102803738317238e-01 5.757575757575758013e-01 6.809280045085239763e-01
5.186335403726708426e-01 0.000000000000000000e+00 0.000000000000000000e+00 0.000000000000000000e+00 3.883720930232558155e-01
8.782051282051281937e-01 7.379310344827586521e-01 1.000000000000000000e+00 8.492063492063492980e-01 9.073170731707317360e-01
5.186335403726708426e-01 0.000000000000000000e+00 0.000000000000000000e+00 0.000000000000000000e+00 3.883720930232558155e-01
5.186335403726708426e-01 0.000000000000000000e+00 0.000000000000000000e+00 0.000000000000000000e+00 3.883720930232558155e-01
8.726114649681528945e-01 7.278911564625850650e-01 1.000000000000000000e+00 8.425196850393700254e-01 9.033816425120773097e-01
5.186335403726708426e-01 0.000000000000000000e+00 0.000000000000000000e+00 0.000000000000000000e+00 3.883720930232558155e-01
8.562499999999999556e-01 6.993464052287581278e-01 1.000000000000000000e+00 8.230769230769230393e-01 8.920187793427230005e-01
8.616352201257861942e-01 7.086092715231787631e-01 1.000000000000000000e+00 8.294573643410853014e-01 8.957345971563981379e-01
5.186335403726708426e-01 0.000000000000000000e+00 0.000000000000000000e+00 0.000000000000000000e+00 3.883720930232558155e-01
5.186335403726708426e-01 0.000000000000000000e+00 0.000000000000000000e+00 0.000000000000000000e+00 3.883720930232558155e-01
5.337620578778135005e-01 2.500000000000000139e-02 9.345794392523363789e-03 1.360544217687074606e-02 4.090846619021439867e-01
8.643533123028390719e-01 7.133333333333333748e-01 1.000000000000000000e+00 8.326848249027237747e-01 8.976190476190476497e-01
5.186335403726708426e-01 0.000000000000000000e+00 0.000000000000000000e+00 0.000000000000000000e+00 3.883720930232558155e-01
5.218749999999999778e-01 0.000000000000000000e+00 0.000000000000000000e+00 0.000000000000000000e+00 3.920187793427230005e-01
5.186335403726708426e-01 0.000000000000000000e+00 0.000000000000000000e+00 0.000000000000000000e+00 3.883720930232558155e-01
8.726114649681528945e-01 7.278911564625850650e-01 1.000000000000000000e+00 8.425196850393700254e-01 9.033816425120773097e-01
8.291139240506328889e-01 6.906474820143885252e-01 8.971962616822429792e-01 7.804878048780486965e-01 8.457273174439923213e-01
5.318471337579617764e-01 0.000000000000000000e+00 0.000000000000000000e+00 0.000000000000000000e+00 4.033816425120773097e-01
5.320512820512820484e-01 2.439024390243902524e-02 9.345794392523363789e-03 1.351351351351351079e-02 4.071119215865056096e-01
5.186335403726708426e-01 0.000000000000000000e+00 0.000000000000000000e+00 0.000000000000000000e+00 3.883720930232558155e-01
5.186335403726708426e-01 0.000000000000000000e+00 0.000000000000000000e+00 0.000000000000000000e+00 3.883720930232558155e-01
8.867313915857605311e-01 7.535211267605633756e-01 1.000000000000000000e+00 8.594377510040159818e-01 9.133663366336634004e-01
5.186335403726708426e-01 0.000000000000000000e+00 0.000000000000000000e+00 0.000000000000000000e+00 3.883720930232558155e-01
8.051948051948052409e-01 7.043478260869565633e-01 7.570093457943924964e-01 7.297297297297296037e-01 7.939275584693354926e-01
8.589341692789969063e-01 7.039473684210526550e-01 1.000000000000000000e+00 8.262548262548262690e-01 8.938679245283018826e-01
8.616352201257861942e-01 7.086092715231787631e-01 1.000000000000000000e+00 8.294573643410853014e-01 8.957345971563981379e-01
8.925081433224755223e-01 7.642857142857142350e-01 1.000000000000000000e+00 8.663967611336031993e-01 9.174999999999999822e-01
