8.753993610223642641e-01 7.328767123287671659e-01 1.000000000000000000e+00 8.458498023715415037e-01 9.053398058252426495e-01
5.481727574750830945e-01 3.225806451612903136e-02 9.345794392523363789e-03 1.449275362318840250e-02 4.273533095673956450e-01
8.698412698412698596e-01 7.229729729729730270e-01 1.000000000000000000e+00 8.392156862745098200e-01 9.014423076923077094e-01
8.643533123028390719e-01 7.133333333333333748e-01 1.000000000000000000e+00 8.326848249027237747e-01 8.976190476190476497e-01
5.186335403726708426e-01 0.000000000000000000e+00 0.000000000000000000e+00 0.000000000000000000e+00 3.883720930232558155e-01
5.186335403726708426e-01 0.000000000000000000e+00 0.000000000000000000e+00 0.000000000000000000e+00 3.883720930232558155e-01
5.186335403726708426e-01 0.000000000000000000e+00 0.000000000000000000e+00 0.000000000000000000e+00 3.883720930232558155e-01
5.186335403726708426e-01 0.000000000000000000e+00 0.000000000000000000e+00 0.000000000000000000e+00 3.883720930232558155e-01
6.906250000000000444e-01 5.400000000000000355e-01 5.046728971962616273e-01 5.217391304347827052e-01 6.443552279408537586e-01
8.507936507936507686e-01 7.083333333333333703e-01 9.532710280373831724e-01 8.127490039840636893e-01 8.756739755571530948e-01
5.186335403726708426e-01 0.000000000000000000e+00 0.000000000000000000e+00 0.000000000000000000e+00 3.883720930232558155e-01
5.186335403726708426e-01 0.000000000000000000e+00 0.000000000000000000e+00 0.000000000000000000e+00 3.883720930232558155e-01
8.698412698412698596e-01 7.229729729729730270e-01 1.000000000000000000e+00 8.392156862745098200e-01 9.014423076923077094e-01
8.589341692789969063e-01 7.039473684210526550e-01 1.000000000000000000e+00 8.262548262548262690e-01 8.938679245283018826e-01
5.186335403726708426e-01 0.000000000000000000e+00 0.000000000000000000e+00 0.000000000000000000e+00 3.883720930232558155e-01
8.782051282051281937e-01 7.379310344827586521e-01 1.000000000000000000e+00 8.492063492063492980e-01 9.073170731707317360e-01
8.896103896103896291e-01 7.588652482269503396e-01 1.000000000000000000e+00 8.629032258064516236e-01 9.154228855721393554e-01
5.186335403726708426e-01 0.000000000000000000e+00 0.000000000000000000e+00 0.000000000000000000e+00 3.883720930232558155e-01
6.340694006309148811e-01 4.415584415584415390e-01 3.177570093457943723e-01 3.695652173913043237e-01 5.564975522919448636e-01
5.268138801261830206e-01 2.222222222222222307e-02 9.345794392523363789e-03 1.315789473684210627e-02 3.999109924343568490e-01
8.867313915857605311e-01 7.535211267605633756e-01 1.000000000000000000e+00 8.594377510040159818e-01 9.133663366336634004e-01
8.566878980891720063e-01 7.152777777777777901e-01 9.626168224299065379e-01 8.207171314741036339e-01 8.822745947898325003e-01
7.101910828025477240e-01 5.833333333333333703e-01 5.233644859813083583e-01 5.517241379310344751e-01 6.650638855027315444e-01
8.199356913183279971e-01 6.976744186046511809e-01 8.411214953271027861e-01 7.627118644067796271e-01 8.249725123694336970e-01
8.589341692789969063e-01 7.039473684210526550e-01 1.000000000000000000e+00 8.262548262548262690e-01 8.938679245283018826e-01
5.186335403726708426e-01 0.000000000000000000e+00 0.000000000000000000e+00 0.000000000000000000e+00 3.883720930232558155e-01
5.186335403726708426e-01 0.000000000000000000e+00 0.000000000000000000e+00 0.000000000000000000e+00 3.883720930232558155e-01
5.186335403726708426e-01 0.000000000000000000e+00 0.000000000000000000e+00 0.000000000000000000e+00 3.883720930232558155e-01
5.318471337579617764e-01 0.000000000000000000e+00 0.000000000000000000e+00 0.000000000000000000e+00 4.033816425120773097e-01
8.670886075949366667e-01 7.181208053691274795e-01 1.000000000000000000e+00 8.359375000000000000e-01 8.995215311004784997e-01
5.186335403726708426e-01 0.000000000000000000e+00 0.000000000000000000e+00 0.000000000000000000e+00 3.883720930232558155e-01
5.186335403726708426e-01 0.000000000000000000e+00 0.000000000000000000e+00 0.000000000000000000e+00 3.883720930232558155e-01
5.362776025236593025e-01 6.521739130434782428e-02 2.803738317757009310e-02 3.921568627450980338e-02 4.116377392078326425e-01
5.384615384615384359e-01 6.976744186046511531e-02 2.803738317757009310e-02 4.000000000000000083e-02 4.164577159790289196e-01
8.726114649681528945e-01 7.278911564625850650e-01 1.000000000000000000e+00 8.425196850393700254e-01 9.033816425120773097e-01
8.867313915857605311e-01 7.535211267605633756e-01 1.000000000000000000e+00 8.594377510040159818e-01 9.133663366336634004e-01
8.589341692789969063e-01 7.039473684210526550e-01 1.000000000000000000e+00 8.262548262548262690e-01 8.938679245283018826e-01
