8.881789137380191601e-01 7.535211267605633756e-01 1.000000000000000000e+00 8.594377510040159818e-01 9.150485436893203151e-01
5.957446808510638014e-01 1.818181818181818232e-01 1.869158878504672758e-02 3.389830508474575566e-02 4.836315086782376760e-01
8.967741935483870552e-01 7.697841726618704916e-01 1.000000000000000000e+00 8.699186991869918284e-01 9.211822660098522020e-01
8.633540372670807095e-01 7.086092715231787631e-01 1.000000000000000000e+00 8.294573643410853014e-01 8.976744186046511365e-01
5.519480519480519654e-01 3.030303030303030387e-02 9.345794392523363789e-03 1.428571428571428353e-02 4.250709071465104683e-01
5.655172413793103647e-01 4.761904761904761640e-02 9.345794392523363789e-03 1.562499999999999827e-02 4.500280884530922232e-01
5.310559006211179600e-01 0.000000000000000000e+00 0.000000000000000000e+00 0.000000000000000000e+00 3.976744186046511365e-01
5.439739413680781954e-01 2.857142857142857054e-02 9.345794392523363789e-03 1.408450704225351971e-02 4.196728971962616073e-01
5.734265734265734382e-01 5.882352941176470507e-02 9.345794392523363789e-03 1.612903225806451221e-02 4.599801597660940211e-01
5.690789473684210176e-01 1.250000000000000000e-01 3.738317757009345516e-02 5.755395683453237016e-02 4.476255989373310040e-01
5.310559006211179600e-01 0.000000000000000000e+00 0.000000000000000000e+00 0.000000000000000000e+00 3.976744186046511365e-01
5.512820512820513219e-01 2.857142857142857054e-02 9.345794392523363789e-03 1.408450704225351971e-02 4.217460679279689262e-01
8.633540372670807095e-01 7.086092715231787631e-01 1.000000000000000000e+00 8.294573643410853014e-01 8.976744186046511365e-01
8.938906752411575063e-01 7.642857142857142350e-01 1.000000000000000000e+00 8.663967611336031993e-01 9.191176470588235947e-01
5.310559006211179600e-01 0.000000000000000000e+00 0.000000000000000000e+00 0.000000000000000000e+00 3.976744186046511365e-01
9.055374592833875802e-01 7.867647058823529216e-01 1.000000000000000000e+00 8.806584362139917577e-01 9.274999999999999911e-01
9.055374592833875802e-01 7.867647058823529216e-01 1.000000000000000000e+00 8.806584362139917577e-01 9.274999999999999911e-01
5.310559006211179600e-01 0.000000000000000000e+00 0.000000000000000000e+00 0.000000000000000000e+00 3.976744186046511365e-01
6.026490066225165254e-01 3.142857142857142794e-01 1.028037383177570069e-01 1.549295774647887203e-01 4.898634076204169130e-01
5.516129032258064724e-01 2.941176470588235253e-02 9.345794392523363789e-03 1.418439716312056530e-02 4.233921090189217140e-01
8.769716088328075587e-01 7.328767123287671659e-01 1.000000000000000000e+00 8.458498023715415037e-01 9.071428571428571397e-01
6.623376623376623362e-01 5.230769230769231060e-01 3.177570093457943723e-01 3.953488372093023617e-01 5.817640768122006589e-01
6.102236421725240056e-01 3.636363636363636465e-01 1.869158878504672827e-01 2.469135802469135665e-01 5.085064876145539703e-01
8.769716088328075587e-01 7.328767123287671659e-01 1.000000000000000000e+00 8.458498023715415037e-01 9.071428571428571397e-01
8.938906752411575063e-01 7.642857142857142350e-01 1.000000000000000000e+00 8.663967611336031993e-01 9.191176470588235947e-01
5.310559006211179600e-01 0.000000000000000000e+00 0.000000000000000000e+00 0.000000000000000000e+00 3.976744186046511365e-01
5.551948051948052409e-01 3.125000000000000000e-02 9.345794392523363789e-03 1.438848920863309254e-02 4.275584693355651833e-01
5.310559006211179600e-01 0.000000000000000000e+00 0.000000000000000000e+00 0.000000000000000000e+00 3.976744186046511365e-01
5.480769230769231282e-01 0.000000000000000000e+00 0.000000000000000000e+00 0.000000000000000000e+00 4.170731707317072989e-01
8.714733542319749171e-01 7.229729729729730270e-01 1.000000000000000000e+00 8.392156862745098200e-01 9.033018867924528239e-01
5.310559006211179600e-01 0.000000000000000000e+00 0.000000000000000000e+00 0.000000000000000000e+00 3.976744186046511365e-01
5.516129032258064724e-01 2.941176470588235253e-02 9.345794392523363789e-03 1.418439716312056530e-02 4.233921090189217140e-01
5.555555555555555802e-01 3.225806451612903136e-02 9.345794392523363789e-03 1.449275362318840250e-02 4.292960127741510812e-01
5.602605863192182678e-01 3.333333333333333287e-02 9.345794392523363789e-03 1.459854014598539924e-02 4.321728971962616184e-01
8.797468354430380000e-01 7.379310344827586521e-01 1.000000000000000000e+00 8.492063492063492980e-01 9.090909090909090606e-01
8.742138364779874493e-01 7.278911564625850650e-01 1.000000000000000000e+00 8.425196850393700254e-01 9.052132701421801153e-01
8.938906752411575063e-01 7.642857142857142350e-01 1.000000000000000000e+00 8.663967611336031993e-01 9.191176470588235947e-01
