5.424836601307189143e-01 2.857142857142857054e-02 9.345794392523363789e-03 1.408450704225351971e-02 4.192457615178696861e-01
8.687500000000000222e-01 7.181208053691274795e-01 1.000000000000000000e+00 8.359375000000000000e-01 9.014084507042253724e-01
6.072607260726072820e-01 3.499999999999999778e-01 1.308411214953270896e-01 1.904761904761904656e-01 4.990940301354186426e-01
6.977491961414791222e-01 5.822784810126582222e-01 4.299065420560747586e-01 4.946236559139784439e-01 6.340709180868608907e-01
5.310559006211179600e-01 0.000000000000000000e+00 0.000000000000000000e+00 0.000000000000000000e+00 3.976744186046511365e-01
5.723905723905723386e-01 8.333333333333332871e-02 1.869158878504672758e-02 3.053435114503816328e-02 4.514510575504180889e-01
5.481727574750830945e-01 3.225806451612903136e-02 9.345794392523363789e-03 1.449275362318840250e-02 4.273533095673956450e-01
5.592105263157894912e-01 3.448275862068965469e-02 9.345794392523363789e-03 1.470588235294117453e-02 4.336069073485459002e-01
8.938906752411575063e-01 7.642857142857142350e-01 1.000000000000000000e+00 8.663967611336031993e-01 9.191176470588235947e-01
8.967741935483870552e-01 7.697841726618704916e-01 1.000000000000000000e+00 8.699186991869918284e-01 9.211822660098522020e-01
8.853503184713376051e-01 7.482517482517482277e-01 1.000000000000000000e+00 8.559999999999999831e-01 9.130434782608696231e-01
8.996763754045307149e-01 7.753623188405797118e-01 1.000000000000000000e+00 8.734693877551020780e-01 9.232673267326731992e-01
5.394321766561513964e-01 0.000000000000000000e+00 0.000000000000000000e+00 0.000000000000000000e+00 4.071428571428571397e-01
5.577557755775577331e-01 6.451612903225806273e-02 1.869158878504672758e-02 2.898550724637680501e-02 4.353662025557886728e-01
8.825396825396825129e-01 7.430555555555555802e-01 1.000000000000000000e+00 8.525896414342629681e-01 9.110576923076922906e-01
5.312500000000000000e-01 0.000000000000000000e+00 0.000000000000000000e+00 0.000000000000000000e+00 3.990610328638497517e-01
5.310559006211179600e-01 0.000000000000000000e+00 0.000000000000000000e+00 0.000000000000000000e+00 3.976744186046511365e-01
8.910256410256410797e-01 7.588652482269503396e-01 1.000000000000000000e+00 8.629032258064516236e-01 9.170731707317072434e-01
5.555555555555555802e-01 3.225806451612903136e-02 9.345794392523363789e-03 1.449275362318840250e-02 4.292960127741510812e-01
9.055374592833875802e-01 7.867647058823529216e-01 1.000000000000000000e+00 8.806584362139917577e-01 9.274999999999999911e-01
9.025974025974026205e-01 7.810218978102190235e-01 1.000000000000000000e+00 8.770491803278688270e-01 9.253731343283582156e-01
5.310559006211179600e-01 0.000000000000000000e+00 0.000000000000000000e+00 0.000000000000000000e+00 3.976744186046511365e-01
5.384615384615384359e-01 4.878048780487805047e-02 1.869158878504672758e-02 2.702702702702702159e-02 4.142238431730111969e-01
8.990228013029315512e-01 7.794117647058823595e-01 9.906542056074766345e-01 8.724279835390946758e-01 9.203271028037383061e-01
5.577557755775577331e-01 6.451612903225806273e-02 1.869158878504672758e-02 2.898550724637680501e-02 4.353662025557886728e-01
8.825396825396825129e-01 7.430555555555555802e-01 1.000000000000000000e+00 8.525896414342629681e-01 9.110576923076922906e-01
5.337620578778135005e-01 2.500000000000000139e-02 9.345794392523363789e-03 1.360544217687074606e-02 4.090846619021439867e-01
5.310559006211179600e-01 0.000000000000000000e+00 0.000000000000000000e+00 0.000000000000000000e+00 3.976744186046511365e-01
5.310559006211179600e-01 0.000000000000000000e+00 0.000000000000000000e+00 0.000000000000000000e+00 3.976744186046511365e-01
5.856164383561643927e-01 6.250000000000000000e-02 9.345794392523363789e-03 1.626016260162601451e-02 4.641323566557210567e-01
5.620915032679738577e-01 3.448275862068965469e-02 9.345794392523363789e-03 1.470588235294117453e-02 4.343211384022918065e-01
5.460317460317459792e-01 2.631578947368420907e-02 9.345794392523363789e-03 1.379310344827586188e-02 4.157305895039539179e-01
8.742138364779874493e-01 7.278911564625850650e-01 1.000000000000000000e+00 8.425196850393700254e-01 9.052132701421801153e-01
8.938906752411575063e-01 7.642857142857142350e-01 1.000000000000000000e+00 8.663967611336031993e-01 9.191176470588235947e-01
8.742138364779874493e-01 7.278911564625850650e-01 1.000000000000000000e+00 8.425196850393700254e-01 9.052132701421801153e-01
5.548387096774193283e-01 3.030303030303030387e-02 9.345794392523363789e-03 1.428571428571428353e-02 4.258551632061138292e-01
5.695364238410596247e-01 4.000000000000000083e-02 9.345794392523363789e-03 1.515151515151515020e-02 4.431344356578000854e-01
