5.310559006211179600e-01 0.000000000000000000e+00 0.000000000000000000e+00 0.000000000000000000e+00 3.976744186046511365e-01
5.516129032258064724e-01 2.941176470588235253e-02 9.345794392523363789e-03 1.418439716312056530e-02 4.233921090189217140e-01
5.795053003533569003e-01 7.142857142857142461e-02 9.345794392523363789e-03 1.652892561983470773e-02 4.677410790144434505e-01
9.055374592833875802e-01 7.867647058823529216e-01 1.000000000000000000e+00 8.806584362139917577e-01 9.274999999999999911e-01
8.580645161290322287e-01 7.441860465116278966e-01 8.971962616822429792e-01 8.135593220338981357e-01 8.673173426637815764e-01
8.967741935483870552e-01 7.697841726618704916e-01 1.000000000000000000e+00 8.699186991869918284e-01 9.211822660098522020e-01
8.633540372670807095e-01 7.086092715231787631e-01 1.000000000000000000e+00 8.294573643410853014e-01 8.976744186046511365e-01
5.794701986754966505e-01 2.058823529411764608e-01 6.542056074766354479e-02 9.929078014184394840e-02 4.634795111430625170e-01
5.310559006211179600e-01 0.000000000000000000e+00 0.000000000000000000e+00 0.000000000000000000e+00 3.976744186046511365e-01
6.476510067114094049e-01 5.185185185185184897e-01 2.616822429906541791e-01 3.478260869565217850e-01 5.627782942701962110e-01
5.310559006211179600e-01 0.000000000000000000e+00 0.000000000000000000e+00 0.000000000000000000e+00 3.976744186046511365e-01
9.055374592833875802e-01 7.867647058823529216e-01 1.000000000000000000e+00 8.806584362139917577e-01 9.274999999999999911e-01
5.377358490566037652e-01 0.000000000000000000e+00 0.000000000000000000e+00 0.000000000000000000e+00 4.052132701421801153e-01
6.096774193548386567e-01 3.653846153846153633e-01 1.775700934579439172e-01 2.389937106918239018e-01 5.075042585516319482e-01
9.025974025974026205e-01 7.810218978102190235e-01 1.000000000000000000e+00 8.770491803278688270e-01 9.253731343283582156e-01
5.625000000000000000e-01 3.571428571428571230e-02 9.345794392523363789e-03 1.481481481481481191e-02 4.361449784145358111e-01
8.742138364779874493e-01 7.278911564625850650e-01 1.000000000000000000e+00 8.425196850393700254e-01 9.052132701421801153e-01
8.967741935483870552e-01 7.697841726618704916e-01 1.000000000000000000e+00 8.699186991869918284e-01 9.211822660098522020e-01
5.516129032258064724e-01 2.941176470588235253e-02 9.345794392523363789e-03 1.418439716312056530e-02 4.233921090189217140e-01
5.463258785942491924e-01 0.000000000000000000e+00 0.000000000000000000e+00 0.000000000000000000e+00 4.150485436893203706e-01
5.850340136054421603e-01 1.739130434782608647e-01 3.738317757009345516e-02 6.153846153846152800e-02 4.678894497476135950e-01
8.714733542319749171e-01 7.229729729729730270e-01 1.000000000000000000e+00 8.392156862745098200e-01 9.033018867924528239e-01
5.310559006211179600e-01 0.000000000000000000e+00 0.000000000000000000e+00 0.000000000000000000e+00 3.976744186046511365e-01
5.570032573289902533e-01 3.225806451612903136e-02 9.345794392523363789e-03 1.449275362318840250e-02 4.296728971962616161e-01
6.096774193548386567e-01 3.653846153846153633e-01 1.775700934579439172e-01 2.389937106918239018e-01 5.075042585516319482e-01
9.025974025974026205e-01 7.810218978102190235e-01 1.000000000000000000e+00 8.770491803278688270e-01 9.253731343283582156e-01
8.296529968454258164e-01 6.992481203007518964e-01 8.691588785046728827e-01 7.750000000000000222e-01 8.393413440142412085e-01
5.987055016181229705e-01 3.265306122448979331e-01 1.495327102803738206e-01 2.051282051282051488e-01 4.930831868233552240e-01
5.480769230769231282e-01 0.000000000000000000e+00 0.000000000000000000e+00 0.000000000000000000e+00 4.170731707317072989e-01
5.310559006211179600e-01 0.000000000000000000e+00 0.000000000000000000e+00 0.000000000000000000e+00 3.976744186046511365e-01
5.337620578778135005e-01 2.500000000000000139e-02 9.345794392523363789e-03 1.360544217687074606e-02 4.090846619021439867e-01
8.853503184713376051e-01 7.482517482517482277e-01 1.000000000000000000e+00 8.559999999999999831e-01 9.130434782608696231e-01
5.412541254125412538e-01 2.941176470588235253e-02 9.345794392523363789e-03 1.418439716312056530e-02 4.204892237268738620e-01
8.026315789473684736e-01 7.373737373737373479e-01 6.822429906542055722e-01 7.087378640776699212e-01 7.751316476113667697e-01
8.714733542319749171e-01 7.229729729729730270e-01 1.000000000000000000e+00 8.392156862745098200e-01 9.033018867924528239e-01
8.742138364779874493e-01 7.278911564625850650e-01 1.000000000000000000e+00 8.425196850393700254e-01 9.052132701421801153e-01
8.532423208191126651e-01 8.018867924528302327e-01 7.943925233644859585e-01 7.981220657276995034e-01 8.407446487790171119e-01
