6.360544217687075230e-01 5.000000000000000000e-01 8.411214953271027583e-02 1.439999999999999891e-01 5.179919036433604518e-01
9.585987261146496907e-01 9.351851851851852304e-01 9.439252336448598069e-01 9.395348837209301918e-01 9.550544042620433549e-01
9.255663430420711935e-01 9.038461538461538547e-01 8.785046728971962482e-01 8.909952606635070937e-01 9.144998612010732941e-01
8.874598070739549982e-01 9.285714285714286031e-01 7.289719626168223998e-01 8.167539267015706539e-01 8.497800989554700202e-01
8.447204968944099779e-01 8.352941176470588536e-01 6.635514018691588412e-01 7.395833333333332593e-01 7.992175613996956862e-01
6.983050847457626942e-01 7.647058823529411242e-01 2.429906542056074759e-01 3.687943262411347289e-01 6.002187313581228700e-01
9.565217391304348116e-01 8.842975206611570771e-01 1.000000000000000000e+00 9.385964912280702066e-01 9.674418604651162656e-01
8.037974683544303334e-01 8.461538461538461453e-01 5.140186915887849928e-01 6.395348837209301474e-01 7.330859008183159276e-01
6.456953642384105629e-01 5.000000000000000000e-01 8.411214953271027583e-02 1.439999999999999891e-01 5.189791516894319834e-01
8.343949044585987629e-01 8.395061728395061262e-01 6.355140186915887446e-01 7.234042553191488700e-01 7.863560431622194091e-01
6.472491909385112985e-01 4.500000000000000111e-01 8.411214953271027583e-02 1.417322834645669272e-01 5.148283519940778374e-01
9.565217391304348116e-01 8.842975206611570771e-01 1.000000000000000000e+00 9.385964912280702066e-01 9.674418604651162656e-01
9.565217391304348116e-01 8.842975206611570771e-01 1.000000000000000000e+00 9.385964912280702066e-01 9.674418604651162656e-01
6.151315789473684736e-01 0.000000000000000000e+00 0.000000000000000000e+00 0.000000000000000000e+00 4.746192893401015023e-01
9.565217391304348116e-01 8.842975206611570771e-01 1.000000000000000000e+00 9.385964912280702066e-01 9.674418604651162656e-01
5.747126436781608838e-01 2.999999999999999889e-01 2.803738317757009310e-02 5.128205128205128721e-02 4.912914188615122857e-01
9.655172413793103869e-01 9.067796610169491789e-01 1.000000000000000000e+00 9.511111111111111294e-01 9.740566037735848282e-01
7.875816993464052063e-01 8.888888888888888395e-01 4.485981308411214896e-01 5.962732919254658537e-01 7.092236885361387078e-01
9.685534591194968623e-01 9.145299145299145005e-01 1.000000000000000000e+00 9.553571428571429047e-01 9.763033175355450011e-01
6.040268456375839090e-01 0.000000000000000000e+00 0.000000000000000000e+00 0.000000000000000000e+00 4.712041884816753901e-01
9.655172413793103869e-01 9.067796610169491789e-01 1.000000000000000000e+00 9.511111111111111294e-01 9.740566037735848282e-01
8.158730158730158610e-01 8.656716417910447214e-01 5.420560747663550893e-01 6.666666666666666297e-01 7.493934219985620704e-01
8.280701754385965119e-01 8.815789473684210176e-01 6.261682242990653791e-01 7.322404371584698701e-01 7.878032132731281889e-01
9.595015576323987494e-01 8.916666666666667185e-01 1.000000000000000000e+00 9.427312775330397576e-01 9.696261682242991453e-01
6.151315789473684736e-01 0.000000000000000000e+00 0.000000000000000000e+00 0.000000000000000000e+00 4.746192893401015023e-01
9.565217391304348116e-01 8.842975206611570771e-01 1.000000000000000000e+00 9.385964912280702066e-01 9.674418604651162656e-01
9.565217391304348116e-01 8.842975206611570771e-01 1.000000000000000000e+00 9.385964912280702066e-01 9.674418604651162656e-01
6.107382550335570537e-01 0.000000000000000000e+00 0.000000000000000000e+00 0.000000000000000000e+00 4.764397905759162333e-01
7.303754266211603952e-01 7.916666666666666297e-01 3.551401869158878344e-01 4.903225806451612656e-01 6.506883730278364419e-01
7.784810126582278889e-01 8.245614035087719396e-01 4.392523364485981241e-01 5.731707317073170271e-01 6.957027232482224655e-01
6.805111821086261559e-01 6.129032258064516236e-01 1.775700934579439172e-01 2.753623188405797118e-01 5.596588331367389202e-01
9.685534591194968623e-01 9.145299145299145005e-01 1.000000000000000000e+00 9.553571428571429047e-01 9.763033175355450011e-01
7.842465753424657793e-01 8.793103448275861878e-01 4.766355140186915862e-01 6.181818181818181657e-01 7.193988380904268176e-01
9.655172413793103869e-01 9.067796610169491789e-01 1.000000000000000000e+00 9.511111111111111294e-01 9.740566037735848282e-01
9.565217391304348116e-01 8.842975206611570771e-01 1.000000000000000000e+00 9.385964912280702066e-01 9.674418604651162656e-01
9.565217391304348116e-01 8.842975206611570771e-01 1.000000000000000000e+00 9.385964912280702066e-01 9.674418604651162656e-01
9.565217391304348116e-01 8.842975206611570771e-01 1.000000000000000000e+00 9.385964912280702066e-01 9.674418604651162656e-01
