9.565217391304348116e-01 8.842975206611570771e-01 1.000000000000000000e+00 9.385964912280702066e-01 9.674418604651162656e-01
6.720257234726687567e-01 6.190476190476190688e-01 1.214953271028037379e-01 2.031250000000000000e-01 5.411398204141469881e-01
9.565217391304348116e-01 8.842975206611570771e-01 1.000000000000000000e+00 9.385964912280702066e-01 9.674418604651162656e-01
9.565217391304348116e-01 8.842975206611570771e-01 1.000000000000000000e+00 9.385964912280702066e-01 9.674418604651162656e-01
6.974522292993630135e-01 6.666666666666666297e-01 2.242990654205607448e-01 3.356643356643356224e-01 5.831640254639035570e-01
9.565217391304348116e-01 8.842975206611570771e-01 1.000000000000000000e+00 9.385964912280702066e-01 9.674418604651162656e-01
9.683544303797468888e-01 9.145299145299145005e-01 1.000000000000000000e+00 9.553571428571429047e-01 9.760765550239234312e-01
9.654088050314465486e-01 9.067796610169491789e-01 1.000000000000000000e+00 9.511111111111111294e-01 9.739336492890995345e-01
9.595015576323987494e-01 8.916666666666667185e-01 1.000000000000000000e+00 9.427312775330397576e-01 9.696261682242991453e-01
9.565217391304348116e-01 8.842975206611570771e-01 1.000000000000000000e+00 9.385964912280702066e-01 9.674418604651162656e-01
9.565217391304348116e-01 8.842975206611570771e-01 1.000000000000000000e+00 9.385964912280702066e-01 9.674418604651162656e-01
9.565217391304348116e-01 8.842975206611570771e-01 1.000000000000000000e+00 9.385964912280702066e-01 9.674418604651162656e-01
9.565217391304348116e-01 8.842975206611570771e-01 1.000000000000000000e+00 9.385964912280702066e-01 9.674418604651162656e-01
9.565217391304348116e-01 8.842975206611570771e-01 1.000000000000000000e+00 9.385964912280702066e-01 9.674418604651162656e-01
9.565217391304348116e-01 8.842975206611570771e-01 1.000000000000000000e+00 9.385964912280702066e-01 9.674418604651162656e-01
9.565217391304348116e-01 8.842975206611570771e-01 1.000000000000000000e+00 9.385964912280702066e-01 9.674418604651162656e-01
7.763975155279503326e-01 7.777777777777777901e-01 4.579439252336448551e-01 5.764705882352940680e-01 6.964138230819386655e-01
5.985915492957746276e-01 0.000000000000000000e+00 0.000000000000000000e+00 0.000000000000000000e+00 4.802259887005649874e-01
9.565217391304348116e-01 8.842975206611570771e-01 1.000000000000000000e+00 9.385964912280702066e-01 9.674418604651162656e-01
9.565217391304348116e-01 8.842975206611570771e-01 1.000000000000000000e+00 9.385964912280702066e-01 9.674418604651162656e-01
9.625000000000000222e-01 8.991596638655462437e-01 1.000000000000000000e+00 9.469026548672566657e-01 9.718309859154928843e-01
8.801261829652996527e-01 8.791208791208791062e-01 7.476635514018691309e-01 8.080808080808079552e-01 8.476412995104584125e-01
9.565217391304348116e-01 8.842975206611570771e-01 1.000000000000000000e+00 9.385964912280702066e-01 9.674418604651162656e-01
9.565217391304348116e-01 8.842975206611570771e-01 1.000000000000000000e+00 9.385964912280702066e-01 9.674418604651162656e-01
9.565217391304348116e-01 8.842975206611570771e-01 1.000000000000000000e+00 9.385964912280702066e-01 9.674418604651162656e-01
9.565217391304348116e-01 8.842975206611570771e-01 1.000000000000000000e+00 9.385964912280702066e-01 9.674418604651162656e-01
9.625000000000000222e-01 8.991596638655462437e-01 1.000000000000000000e+00 9.469026548672566657e-01 9.718309859154928843e-01
7.232704402515722775e-01 7.435897435897436125e-01 2.710280373831775447e-01 3.972602739726027177e-01 6.118173362271337457e-01
9.684542586750788384e-01 9.145299145299145005e-01 1.000000000000000000e+00 9.553571428571429047e-01 9.761904761904761640e-01
9.565217391304348116e-01 8.842975206611570771e-01 1.000000000000000000e+00 9.385964912280702066e-01 9.674418604651162656e-01
6.531986531986532230e-01 5.999999999999999778e-01 1.121495327102803724e-01 1.889763779527559029e-01 5.350221347761927593e-01
9.148264984227129082e-01 9.000000000000000222e-01 8.411214953271027861e-01 8.695652173913043237e-01 8.967512238540275016e-01
9.652996845425867445e-01 9.067796610169491789e-01 1.000000000000000000e+00 9.511111111111111294e-01 9.738095238095237915e-01
7.156862745098039325e-01 7.083333333333333703e-01 3.177570093457943723e-01 4.387096774193548487e-01 6.237026252759122480e-01
9.565217391304348116e-01 8.842975206611570771e-01 1.000000000000000000e+00 9.385964912280702066e-01 9.674418604651162656e-01
9.684542586750788384e-01 9.145299145299145005e-01 1.000000000000000000e+00 9.553571428571429047e-01 9.761904761904761640e-01
9.565217391304348116e-01 8.842975206611570771e-01 1.000000000000000000e+00 9.385964912280702066e-01 9.674418604651162656e-01
