9.622641509433962348e-01 8.991596638655462437e-01 1.000000000000000000e+00 9.469026548672566657e-01 9.715639810426539569e-01
9.625000000000000222e-01 8.991596638655462437e-01 1.000000000000000000e+00 9.469026548672566657e-01 9.718309859154928843e-01
8.965517241379310498e-01 8.854166666666666297e-01 7.943925233644859585e-01 8.374384236453201735e-01 8.712528654558279184e-01
9.620253164556962222e-01 8.991596638655462437e-01 1.000000000000000000e+00 9.469026548672566657e-01 9.712918660287082062e-01
9.655172413793103869e-01 9.067796610169491789e-01 1.000000000000000000e+00 9.511111111111111294e-01 9.740566037735848282e-01
9.025974025974026205e-01 9.425287356321838672e-01 7.663551401869158619e-01 8.453608247422680355e-01 8.707397591481842447e-01
6.732673267326733102e-01 6.538461538461538547e-01 1.588785046728971861e-01 2.556390977443608881e-01 5.564800686629791659e-01
8.327974276527331243e-01 8.666666666666666963e-01 6.074766355140186480e-01 7.142857142857141906e-01 7.792285138354406726e-01
9.655172413793103869e-01 9.067796610169491789e-01 1.000000000000000000e+00 9.511111111111111294e-01 9.740566037735848282e-01
9.655172413793103869e-01 9.067796610169491789e-01 1.000000000000000000e+00 9.511111111111111294e-01 9.740566037735848282e-01
9.565217391304348116e-01 8.842975206611570771e-01 1.000000000000000000e+00 9.385964912280702066e-01 9.674418604651162656e-01
9.565217391304348116e-01 8.842975206611570771e-01 1.000000000000000000e+00 9.385964912280702066e-01 9.674418604651162656e-01
9.683544303797468888e-01 9.145299145299145005e-01 1.000000000000000000e+00 9.553571428571429047e-01 9.760765550239234312e-01
9.623824451410658565e-01 9.059829059829059839e-01 9.906542056074766345e-01 9.464285714285715079e-01 9.693837065773230899e-01
9.565217391304348116e-01 8.842975206611570771e-01 1.000000000000000000e+00 9.385964912280702066e-01 9.674418604651162656e-01
6.421052631578947345e-01 6.470588235294117974e-01 1.028037383177570069e-01 1.774193548387096586e-01 5.345479365746088618e-01
7.192429022082018619e-01 7.142857142857143016e-01 2.803738317757009102e-01 4.026845637583892357e-01 6.116154873164219019e-01
9.315960912052116960e-01 9.300000000000000488e-01 8.691588785046728827e-01 8.985507246376812640e-01 9.170794392523363703e-01
6.262295081967212962e-01 2.307692307692307820e-01 2.803738317757009310e-02 4.999999999999999584e-02 4.887661663362597997e-01
9.625000000000000222e-01 8.991596638655462437e-01 1.000000000000000000e+00 9.469026548672566657e-01 9.718309859154928843e-01
7.702265372168284330e-01 7.903225806451612545e-01 4.579439252336448551e-01 5.798816568047336917e-01 6.967937447950401930e-01
6.608996539792387770e-01 6.363636363636363535e-01 1.962616822429906482e-01 2.999999999999999889e-01 5.651638081544623216e-01
8.338557993730407736e-01 8.552631578947368363e-01 6.074766355140186480e-01 7.103825136612019753e-01 7.777949215305941522e-01
9.583333333333333703e-01 9.272727272727272485e-01 9.532710280373831724e-01 9.400921658986175489e-01 9.571233188967402938e-01
9.623824451410658565e-01 9.059829059829059839e-01 9.906542056074766345e-01 9.464285714285715079e-01 9.693837065773230899e-01
9.565217391304348116e-01 8.842975206611570771e-01 1.000000000000000000e+00 9.385964912280702066e-01 9.674418604651162656e-01
9.625000000000000222e-01 8.991596638655462437e-01 1.000000000000000000e+00 9.469026548672566657e-01 9.718309859154928843e-01
6.466666666666666119e-01 5.333333333333333259e-01 7.476635514018691031e-02 1.311475409836065364e-01 5.192484625441866619e-01
6.538461538461538547e-01 4.782608695652174058e-01 1.028037383177570069e-01 1.692307692307692402e-01 5.221335764759515996e-01
9.223300970873786753e-01 9.278350515463917869e-01 8.411214953271027861e-01 8.823529411764705621e-01 9.032340149902838844e-01
6.500000000000000222e-01 5.500000000000000444e-01 1.028037383177570069e-01 1.732283464566929110e-01 5.280858069827126799e-01
6.305084745762712384e-01 4.444444444444444198e-01 7.476635514018691031e-02 1.280000000000000027e-01 5.107874328892424431e-01
9.402515723270440384e-01 9.074074074074074403e-01 9.158878504672897103e-01 9.116279069767442289e-01 9.342472427691898007e-01
9.565217391304348116e-01 8.842975206611570771e-01 1.000000000000000000e+00 9.385964912280702066e-01 9.674418604651162656e-01
9.565217391304348116e-01 8.842975206611570771e-01 1.000000000000000000e+00 9.385964912280702066e-01 9.674418604651162656e-01
6.266666666666667052e-01 3.913043478260869734e-01 8.411214953271027583e-02 1.384615384615384415e-01 5.057866447145416000e-01
9.595015576323987494e-01 8.916666666666667185e-01 1.000000000000000000e+00 9.427312775330397576e-01 9.696261682242991453e-01
