8.913738019169329396e-01 7.588652482269503396e-01 1.000000000000000000e+00 8.629032258064516236e-01 9.174757281553397315e-01
5.896551724137930606e-01 1.666666666666666574e-01 2.803738317757009310e-02 4.800000000000000100e-02 4.730350850314079536e-01
8.612903225806451957e-01 7.500000000000000000e-01 8.971962616822429792e-01 8.170212765957446388e-01 8.697803968509737471e-01
8.746081504702194476e-01 7.278911564625850650e-01 1.000000000000000000e+00 8.425196850393700254e-01 9.056603773584905870e-01
5.639344262295081789e-01 3.571428571428571230e-02 9.345794392523363789e-03 1.481481481481481191e-02 4.364910790144435060e-01
5.512820512820513219e-01 2.857142857142857054e-02 9.345794392523363789e-03 1.408450704225351971e-02 4.217460679279689262e-01
6.236559139784946248e-01 6.666666666666666297e-01 3.738317757009345516e-02 7.079646017699113558e-02 5.128776352966746277e-01
5.747508305647840432e-01 4.347826086956521618e-02 9.345794392523363789e-03 1.538461538461538200e-02 4.479718662684265551e-01
5.643564356435643026e-01 3.703703703703703498e-02 9.345794392523363789e-03 1.492537313432835792e-02 4.383463665840167112e-01
8.721311475409836422e-01 7.833333333333333259e-01 8.785046728971962482e-01 8.281938325991189398e-01 8.735957707920324333e-01
5.562700964630225009e-01 3.030303030303030387e-02 9.345794392523363789e-03 1.428571428571428353e-02 4.262415246472420205e-01
5.551948051948052409e-01 3.125000000000000000e-02 9.345794392523363789e-03 1.438848920863309254e-02 4.275584693355651833e-01
8.773584905660377631e-01 7.328767123287671659e-01 1.000000000000000000e+00 8.458498023715415037e-01 9.075829383886255819e-01
9.058441558441558961e-01 7.867647058823529216e-01 1.000000000000000000e+00 8.806584362139917577e-01 9.278606965174129861e-01
5.690789473684210176e-01 3.846153846153846367e-02 9.345794392523363789e-03 1.503759398496240518e-02 4.412211205465154107e-01
9.117647058823529216e-01 7.985074626865671377e-01 1.000000000000000000e+00 8.879668049792530660e-01 9.321608040201004863e-01
9.087947882736155947e-01 7.925925925925926263e-01 1.000000000000000000e+00 8.842975206611569661e-01 9.299999999999999378e-01
5.457413249211356954e-01 2.564102564102564014e-02 9.345794392523363789e-03 1.369863013698630061e-02 4.141967067200711394e-01
8.065573770491802907e-01 7.399999999999999911e-01 6.915887850467289377e-01 7.149758454106278638e-01 7.801378268667988891e-01
5.791245791245791530e-01 5.000000000000000278e-02 9.345794392523363789e-03 1.574803149606298844e-02 4.546728971962616384e-01
8.913738019169329396e-01 7.588652482269503396e-01 1.000000000000000000e+00 8.629032258064516236e-01 9.174757281553397315e-01
6.061643835616438158e-01 3.333333333333333148e-01 7.476635514018691031e-02 1.221374045801526531e-01 4.941399343268502165e-01
7.948717948717948234e-01 6.972477064220183873e-01 7.102803738317756688e-01 7.037037037037038312e-01 7.746523820378390379e-01
6.824324324324324564e-01 6.226415094339622369e-01 3.084112149532710068e-01 4.124999999999999223e-01 6.012955545665825685e-01
9.058441558441558961e-01 7.867647058823529216e-01 1.000000000000000000e+00 8.806584362139917577e-01 9.278606965174129861e-01
5.690789473684210176e-01 3.846153846153846367e-02 9.345794392523363789e-03 1.503759398496240518e-02 4.412211205465154107e-01
5.931034482758620330e-01 1.333333333333333315e-01 1.869158878504672758e-02 3.278688524590163411e-02 4.738266687094632723e-01
5.341614906832298226e-01 0.000000000000000000e+00 0.000000000000000000e+00 0.000000000000000000e+00 4.000000000000000222e-01
5.341614906832298226e-01 0.000000000000000000e+00 0.000000000000000000e+00 0.000000000000000000e+00 4.000000000000000222e-01
8.857142857142856762e-01 7.482517482517482277e-01 1.000000000000000000e+00 8.559999999999999831e-01 9.134615384615384359e-01
5.752508361204012877e-01 4.545454545454545581e-02 9.345794392523363789e-03 1.550387596899224611e-02 4.499853971962616273e-01
5.931034482758620330e-01 7.692307692307692735e-02 9.345794392523363789e-03 1.666666666666666644e-02 4.718860119503600070e-01
5.653594771241829964e-01 3.571428571428571230e-02 9.345794392523363789e-03 1.481481481481481191e-02 4.368337012163621691e-01
7.806451612903225756e-01 6.930693069306930187e-01 6.542056074766354756e-01 6.730769230769229061e-01 7.507481239353619440e-01
8.971061093247588714e-01 7.697841726618704916e-01 1.000000000000000000e+00 8.699186991869918284e-01 9.215686274509804488e-01
8.885350318471337827e-01 7.535211267605633756e-01 1.000000000000000000e+00 8.594377510040159818e-01 9.154589371980677015e-01
9.000000000000000222e-01 7.753623188405797118e-01 1.000000000000000000e+00 8.734693877551020780e-01 9.236453201970442617e-01
