5.747508305647840432e-01 4.347826086956521618e-02 9.345794392523363789e-03 1.538461538461538200e-02 4.479718662684265551e-01
8.746081504702194476e-01 7.278911564625850650e-01 1.000000000000000000e+00 8.425196850393700254e-01 9.056603773584905870e-01
5.904436860068259518e-01 6.666666666666666574e-02 9.345794392523363789e-03 1.639344262295081706e-02 4.670384885941111230e-01
7.252396166134185140e-01 6.153846153846154188e-01 5.233644859813083583e-01 5.656565656565655242e-01 6.767307866799745497e-01
5.460317460317459792e-01 0.000000000000000000e+00 0.000000000000000000e+00 0.000000000000000000e+00 4.134615384615384359e-01
5.718954248366012738e-01 1.000000000000000056e-01 2.803738317757009310e-02 4.379562043795620641e-02 4.461794956088855346e-01
5.671140939597315578e-01 4.166666666666666435e-02 9.345794392523363789e-03 1.526717557251908164e-02 4.444634731124920135e-01
5.958188153310104429e-01 1.538461538461538547e-01 1.869158878504672758e-02 3.333333333333333287e-02 4.787902388369678075e-01
9.000000000000000222e-01 7.753623188405797118e-01 1.000000000000000000e+00 8.734693877551020780e-01 9.236453201970442617e-01
8.942307692307692735e-01 7.642857142857142350e-01 1.000000000000000000e+00 8.663967611336031993e-01 9.195121951219511480e-01
8.971061093247588714e-01 7.697841726618704916e-01 1.000000000000000000e+00 8.699186991869918284e-01 9.215686274509804488e-01
9.177631578947368363e-01 8.106060606060605522e-01 1.000000000000000000e+00 8.953974895397489586e-01 9.365482233502537834e-01
6.279069767441860517e-01 4.358974358974359031e-01 1.588785046728971861e-01 2.328767123287671104e-01 5.227382214086134793e-01
6.312292358803986980e-01 4.523809523809523836e-01 1.775700934579439172e-01 2.550335570469798863e-01 5.295066962135079880e-01
8.885350318471337827e-01 7.535211267605633756e-01 1.000000000000000000e+00 8.594377510040159818e-01 9.154589371980677015e-01
5.540983606557376984e-01 3.225806451612903136e-02 9.345794392523363789e-03 1.449275362318840250e-02 4.289153214386859370e-01
5.733333333333333615e-01 4.347826086956521618e-02 9.345794392523363789e-03 1.538461538461538200e-02 4.476780785434119059e-01
6.805111821086261559e-01 5.454545454545454142e-01 3.925233644859812965e-01 4.565217391304347005e-01 6.113102259323109910e-01
6.279069767441860517e-01 4.358974358974359031e-01 1.588785046728971861e-01 2.328767123287671104e-01 5.227382214086134793e-01
9.177631578947368363e-01 8.106060606060605522e-01 1.000000000000000000e+00 8.953974895397489586e-01 9.365482233502537834e-01
9.000000000000000222e-01 7.753623188405797118e-01 1.000000000000000000e+00 8.734693877551020780e-01 9.236453201970442617e-01
5.803278688524590168e-01 2.307692307692307820e-01 8.411214953271027583e-02 1.232876712328766916e-01 4.662984990087793435e-01
6.212624584717607590e-01 4.146341463414633943e-01 1.588785046728971861e-01 2.297297297297297147e-01 5.175835822333557656e-01
6.577181208053691774e-01 5.555555555555555802e-01 2.336448598130841103e-01 3.289473684210525994e-01 5.644664089641336924e-01
6.312292358803986980e-01 4.523809523809523836e-01 1.775700934579439172e-01 2.550335570469798863e-01 5.295066962135079880e-01
8.885350318471337827e-01 7.535211267605633756e-01 1.000000000000000000e+00 8.594377510040159818e-01 9.154589371980677015e-01
5.414012738853503093e-01 2.564102564102564014e-02 9.345794392523363789e-03 1.369863013698630061e-02 4.128854575827350382e-01
5.752508361204012877e-01 4.545454545454545581e-02 9.345794392523363789e-03 1.550387596899224611e-02 4.499853971962616273e-01
5.782312925170067786e-01 9.523809523809523281e-02 1.869158878504672758e-02 3.124999999999999653e-02 4.585436553550902294e-01
5.723905723905723386e-01 4.545454545454545581e-02 9.345794392523363789e-03 1.550387596899224611e-02 4.494097393015247799e-01
5.743243243243243423e-01 4.761904761904761640e-02 9.345794392523363789e-03 1.562499999999999827e-02 4.517628442862087201e-01
5.728476821192053370e-01 4.166666666666666435e-02 9.345794392523363789e-03 1.526717557251908164e-02 4.456985382219026404e-01
8.773584905660377631e-01 7.328767123287671659e-01 1.000000000000000000e+00 8.458498023715415037e-01 9.075829383886255819e-01
5.695364238410596247e-01 4.000000000000000083e-02 9.345794392523363789e-03 1.515151515151515020e-02 4.431344356578000854e-01
8.885350318471337827e-01 7.535211267605633756e-01 1.000000000000000000e+00 8.594377510040159818e-01 9.154589371980677015e-01
6.174496644295301984e-01 4.000000000000000222e-01 1.308411214953270896e-01 1.971830985915492551e-01 5.104467387581347326e-01
5.898305084745762983e-01 1.111111111111111049e-01 1.869158878504672758e-02 3.200000000000000067e-02 4.667926029031616575e-01
