5.647840531561462152e-01 3.846153846153846367e-02 9.345794392523363789e-03 1.503759398496240518e-02 4.402399075055399846e-01
5.592105263157894912e-01 3.448275862068965469e-02 9.345794392523363789e-03 1.470588235294117453e-02 4.336069073485459002e-01
6.027874564459930751e-01 1.111111111111111049e-01 9.345794392523363789e-03 1.724137931034482735e-02 4.824506749740394285e-01
8.942307692307692735e-01 7.642857142857142350e-01 1.000000000000000000e+00 8.663967611336031993e-01 9.195121951219511480e-01
9.207920792079208328e-01 8.167938931297710203e-01 1.000000000000000000e+00 8.991596638655461327e-01 9.387755102040815647e-01
6.907894736842105088e-01 5.999999999999999778e-01 3.644859813084111999e-01 4.534883720930232287e-01 6.162531429384695558e-01
9.087947882736155947e-01 7.925925925925926263e-01 1.000000000000000000e+00 8.842975206611569661e-01 9.299999999999999378e-01
5.533980582524271608e-01 5.714285714285714107e-02 1.869158878504672758e-02 2.816901408450703942e-02 4.276626260756916653e-01
5.616883116883116811e-01 6.250000000000000000e-02 1.869158878504672758e-02 2.877697841726618508e-02 4.347189287208815811e-01
6.753246753246753276e-01 5.507246376811594235e-01 3.551401869158878344e-01 4.318181818181817677e-01 6.004556655972475010e-01
5.762711864406779849e-01 5.000000000000000278e-02 9.345794392523363789e-03 1.574803149606298844e-02 4.541409823026446579e-01
9.207920792079208328e-01 8.167938931297710203e-01 1.000000000000000000e+00 8.991596638655461327e-01 9.387755102040815647e-01
5.391849529780564643e-01 0.000000000000000000e+00 0.000000000000000000e+00 0.000000000000000000e+00 4.056603773584905870e-01
6.073825503355704258e-01 3.333333333333333148e-01 9.345794392523364136e-02 1.459854014598540028e-01 4.943729510202084509e-01
8.971061093247588714e-01 7.697841726618704916e-01 1.000000000000000000e+00 8.699186991869918284e-01 9.215686274509804488e-01
5.864406779661016644e-01 5.882352941176470507e-02 9.345794392523363789e-03 1.612903225806451221e-02 4.621197057068999192e-01
8.746081504702194476e-01 7.278911564625850650e-01 1.000000000000000000e+00 8.425196850393700254e-01 9.056603773584905870e-01
8.913738019169329396e-01 7.588652482269503396e-01 1.000000000000000000e+00 8.629032258064516236e-01 9.174757281553397315e-01
5.752508361204012877e-01 4.545454545454545581e-02 9.345794392523363789e-03 1.550387596899224611e-02 4.499853971962616273e-01
5.752508361204012877e-01 4.545454545454545581e-02 9.345794392523363789e-03 1.550387596899224611e-02 4.499853971962616273e-01
5.931034482758620330e-01 7.692307692307692735e-02 9.345794392523363789e-03 1.666666666666666644e-02 4.718860119503600070e-01
8.801261829652996527e-01 7.379310344827586521e-01 1.000000000000000000e+00 8.492063492063492980e-01 9.095238095238095122e-01
5.341614906832298226e-01 0.000000000000000000e+00 0.000000000000000000e+00 0.000000000000000000e+00 4.000000000000000222e-01
5.723905723905723386e-01 4.545454545454545581e-02 9.345794392523363789e-03 1.550387596899224611e-02 4.494097393015247799e-01
6.073825503355704258e-01 3.333333333333333148e-01 9.345794392523364136e-02 1.459854014598540028e-01 4.943729510202084509e-01
8.971061093247588714e-01 7.697841726618704916e-01 1.000000000000000000e+00 8.699186991869918284e-01 9.215686274509804488e-01
8.170347003154574406e-01 6.899224806201550431e-01 8.317757009345794206e-01 7.542372881355930980e-01 8.206497552291944775e-01
8.859934853420194933e-01 7.812500000000000000e-01 9.345794392523364413e-01 8.510638297872340496e-01 8.972897196261682140e-01
5.850340136054421603e-01 5.882352941176470507e-02 9.345794392523363789e-03 1.612903225806451221e-02 4.618921485331600185e-01
5.555555555555555802e-01 3.225806451612903136e-02 9.345794392523363789e-03 1.449275362318840250e-02 4.292960127741510812e-01
6.020066889632107454e-01 2.999999999999999889e-01 8.411214953271027583e-02 1.313868613138685915e-01 4.873685747663550893e-01
9.117647058823529216e-01 7.985074626865671377e-01 1.000000000000000000e+00 8.879668049792530660e-01 9.321608040201004863e-01
5.588235294117647189e-01 3.333333333333333287e-02 9.345794392523363789e-03 1.459854014598539924e-02 4.318085755882214438e-01
8.266666666666666607e-01 7.835051546391752497e-01 7.102803738317756688e-01 7.450980392156861809e-01 8.007360418381677114e-01
8.829113924050633333e-01 7.430555555555555802e-01 1.000000000000000000e+00 8.525896414342629681e-01 9.114832535885166731e-01
8.829113924050633333e-01 7.430555555555555802e-01 1.000000000000000000e+00 8.525896414342629681e-01 9.114832535885166731e-01
8.599999999999999867e-01 7.927927927927927998e-01 8.224299065420560551e-01 8.073394495412843375e-01 8.516294610430488188e-01
