9.311145510835913131e-01 8.789115646258502945e-01 1.000000000000000000e+00 9.355539464156408247e-01 9.311145510835913131e-01
5.147058823529411242e-01 5.472636815920397524e-01 1.702786377708978283e-01 2.597402597402597713e-01 5.147058823529412352e-01
9.311145510835913131e-01 8.789115646258502945e-01 1.000000000000000000e+00 9.355539464156408247e-01 9.311145510835913131e-01
4.357585139318885248e-01 6.315789473684210731e-02 9.287925696594426933e-03 1.619433198380566818e-02 4.357585139318885803e-01
4.326625386996904021e-01 2.197802197802197974e-02 3.095975232198142600e-03 5.427408412483038930e-03 4.326625386996904021e-01
9.311145510835913131e-01 8.789115646258502945e-01 1.000000000000000000e+00 9.355539464156408247e-01 9.311145510835913131e-01
4.311145510835913131e-01 0.000000000000000000e+00 0.000000000000000000e+00 0.000000000000000000e+00 4.311145510835913131e-01
4.311145510835913131e-01 0.000000000000000000e+00 0.000000000000000000e+00 0.000000000000000000e+00 4.311145510835913131e-01
9.311145510835913131e-01 8.789115646258502945e-01 1.000000000000000000e+00 9.355539464156408247e-01 9.311145510835913131e-01
9.311145510835913131e-01 8.789115646258502945e-01 1.000000000000000000e+00 9.355539464156408247e-01 9.311145510835913131e-01
9.311145510835913131e-01 8.789115646258502945e-01 1.000000000000000000e+00 9.355539464156408247e-01 9.311145510835913131e-01
4.806501547987616085e-01 4.183006535947712545e-01 9.907120743034056320e-02 1.602002503128911182e-01 4.806501547987616085e-01
9.303405572755417685e-01 8.777173913043477826e-01 1.000000000000000000e+00 9.348769898697539826e-01 9.303405572755417685e-01
9.311145510835913131e-01 8.789115646258502945e-01 1.000000000000000000e+00 9.355539464156408247e-01 9.311145510835913131e-01
4.690402476780185514e-01 3.550724637681159646e-01 7.585139318885449067e-02 1.250000000000000000e-01 4.690402476780185514e-01
9.311145510835913131e-01 8.789115646258502945e-01 1.000000000000000000e+00 9.355539464156408247e-01 9.311145510835913131e-01
4.736842105263157632e-01 3.819444444444444198e-01 8.513931888544891413e-02 1.392405063291139167e-01 4.736842105263158187e-01
9.311145510835913131e-01 8.789115646258502945e-01 1.000000000000000000e+00 9.355539464156408247e-01 9.311145510835913131e-01
9.311145510835913131e-01 8.789115646258502945e-01 1.000000000000000000e+00 9.355539464156408247e-01 9.311145510835913131e-01
9.303405572755417685e-01 8.777173913043477826e-01 1.000000000000000000e+00 9.348769898697539826e-01 9.303405572755417685e-01
9.311145510835913131e-01 8.789115646258502945e-01 1.000000000000000000e+00 9.355539464156408247e-01 9.311145510835913131e-01
9.311145510835913131e-01 8.789115646258502945e-01 1.000000000000000000e+00 9.355539464156408247e-01 9.311145510835913131e-01
9.311145510835913131e-01 8.789115646258502945e-01 1.000000000000000000e+00 9.355539464156408247e-01 9.311145510835913131e-01
9.311145510835913131e-01 8.789115646258502945e-01 1.000000000000000000e+00 9.355539464156408247e-01 9.311145510835913131e-01
9.311145510835913131e-01 8.789115646258502945e-01 1.000000000000000000e+00 9.355539464156408247e-01 9.311145510835913131e-01
4.597523219814241280e-01 2.936507936507936622e-01 5.727554179566563680e-02 9.585492227979275359e-02 4.597523219814241280e-01
4.311145510835913131e-01 0.000000000000000000e+00 0.000000000000000000e+00 0.000000000000000000e+00 4.311145510835913131e-01
4.427244582043343701e-01 1.509433962264150886e-01 2.476780185758514080e-02 4.255319148936170109e-02 4.427244582043343146e-01
4.311145510835913131e-01 0.000000000000000000e+00 0.000000000000000000e+00 0.000000000000000000e+00 4.311145510835913131e-01
9.311145510835913131e-01 8.789115646258502945e-01 1.000000000000000000e+00 9.355539464156408247e-01 9.311145510835913131e-01
5.000000000000000000e-01 5.000000000000000000e-01 1.393188854489164075e-01 2.179176755447941594e-01 5.000000000000000000e-01
9.311145510835913131e-01 8.789115646258502945e-01 1.000000000000000000e+00 9.355539464156408247e-01 9.311145510835913131e-01
9.311145510835913131e-01 8.789115646258502945e-01 1.000000000000000000e+00 9.355539464156408247e-01 9.311145510835913131e-01
8.328173374613002666e-01 8.536184210526315264e-01 8.034055727554179072e-01 8.277511961722487932e-01 8.328173374613001556e-01
9.311145510835913131e-01 8.789115646258502945e-01 1.000000000000000000e+00 9.355539464156408247e-01 9.311145510835913131e-01
9.311145510835913131e-01 8.789115646258502945e-01 1.000000000000000000e+00 9.355539464156408247e-01 9.311145510835913131e-01
9.311145510835913131e-01 8.789115646258502945e-01 1.000000000000000000e+00 9.355539464156408247e-01 9.311145510835913131e-01
