4.311145510835913131e-01 0.000000000000000000e+00 0.000000000000000000e+00 0.000000000000000000e+00 4.311145510835913131e-01
4.303405572755417685e-01 0.000000000000000000e+00 0.000000000000000000e+00 0.000000000000000000e+00 4.303405572755417685e-01
4.311145510835913131e-01 0.000000000000000000e+00 0.000000000000000000e+00 0.000000000000000000e+00 4.311145510835913131e-01
4.303405572755417685e-01 0.000000000000000000e+00 0.000000000000000000e+00 0.000000000000000000e+00 4.303405572755417685e-01
4.311145510835913131e-01 0.000000000000000000e+00 0.000000000000000000e+00 0.000000000000000000e+00 4.311145510835913131e-01
7.461300309597522773e-01 8.205645161290322509e-01 6.300309597523219285e-01 7.127845884413309685e-01 7.461300309597521663e-01
4.311145510835913131e-01 0.000000000000000000e+00 0.000000000000000000e+00 0.000000000000000000e+00 4.311145510835913131e-01
4.311145510835913131e-01 0.000000000000000000e+00 0.000000000000000000e+00 0.000000000000000000e+00 4.311145510835913131e-01
7.321981424148606976e-01 8.125000000000000000e-01 6.037151702786377472e-01 6.927175843694494128e-01 7.321981424148605866e-01
4.311145510835913131e-01 0.000000000000000000e+00 0.000000000000000000e+00 0.000000000000000000e+00 4.311145510835913131e-01
6.377708978328173739e-01 7.500000000000000000e-01 4.133126934984520107e-01 5.329341317365270392e-01 6.377708978328172629e-01
4.396284829721362475e-01 1.100000000000000006e-01 1.702786377708978213e-02 2.949061662198391304e-02 4.396284829721362475e-01
9.272445820433437014e-01 8.780821917808219190e-01 9.922600619195046656e-01 9.316860465116280077e-01 9.272445820433435903e-01
4.938080495356036992e-01 4.764705882352940902e-01 1.253869969040247723e-01 1.985294117647058987e-01 4.938080495356037547e-01
4.311145510835913131e-01 0.000000000000000000e+00 0.000000000000000000e+00 0.000000000000000000e+00 4.311145510835913131e-01
4.349845201238390358e-01 5.319148936170212810e-02 7.739938080495356067e-03 1.351351351351351426e-02 4.349845201238390358e-01
4.311145510835913131e-01 0.000000000000000000e+00 0.000000000000000000e+00 0.000000000000000000e+00 4.311145510835913131e-01
6.934984520123839147e-01 7.906976744186046124e-01 5.263157894736841813e-01 6.319702602230482524e-01 6.934984520123838037e-01
9.303405572755417685e-01 8.777173913043477826e-01 1.000000000000000000e+00 9.348769898697539826e-01 9.303405572755417685e-01
9.311145510835913131e-01 8.789115646258502945e-01 1.000000000000000000e+00 9.355539464156408247e-01 9.311145510835913131e-01
4.311145510835913131e-01 0.000000000000000000e+00 0.000000000000000000e+00 0.000000000000000000e+00 4.311145510835913131e-01
5.100619195046439680e-01 5.340314136125654532e-01 1.578947368421052544e-01 2.437275985663082123e-01 5.100619195046439680e-01
4.365325077399380693e-01 8.163265306122448328e-02 1.238390092879257040e-02 2.150537634408602322e-02 4.365325077399380138e-01
4.303405572755417685e-01 0.000000000000000000e+00 0.000000000000000000e+00 0.000000000000000000e+00 4.303405572755417685e-01
4.953560371517027883e-01 4.825581395348837455e-01 1.284829721362229227e-01 2.029339853300733687e-01 4.953560371517027328e-01
4.311145510835913131e-01 0.000000000000000000e+00 0.000000000000000000e+00 0.000000000000000000e+00 4.311145510835913131e-01
7.840557275541795157e-01 8.366972477064220648e-01 7.058823529411765163e-01 7.657430730478590464e-01 7.840557275541796267e-01
9.303405572755417685e-01 8.777173913043477826e-01 1.000000000000000000e+00 9.348769898697539826e-01 9.303405572755417685e-01
9.311145510835913131e-01 8.789115646258502945e-01 1.000000000000000000e+00 9.355539464156408247e-01 9.311145510835913131e-01
4.334365325077399467e-01 3.260869565217391214e-02 4.643962848297213467e-03 8.130081300813007256e-03 4.334365325077399467e-01
9.311145510835913131e-01 8.789115646258502945e-01 1.000000000000000000e+00 9.355539464156408247e-01 9.311145510835913131e-01
9.311145510835913131e-01 8.789115646258502945e-01 1.000000000000000000e+00 9.355539464156408247e-01 9.311145510835913131e-01
9.311145510835913131e-01 8.789115646258502945e-01 1.000000000000000000e+00 9.355539464156408247e-01 9.311145510835913131e-01
4.311145510835913131e-01 0.000000000000000000e+00 0.000000000000000000e+00 0.000000000000000000e+00 4.311145510835913131e-01
9.311145510835913131e-01 8.789115646258502945e-01 1.000000000000000000e+00 9.355539464156408247e-01 9.311145510835913131e-01
4.380804953560371584e-01 9.183673469387755584e-02 1.393188854489164040e-02 2.419354838709677352e-02 4.380804953560371584e-01
4.311145510835913131e-01 0.000000000000000000e+00 0.000000000000000000e+00 0.000000000000000000e+00 4.311145510835913131e-01
