9.311145510835913131e-01 8.789115646258502945e-01 1.000000000000000000e+00 9.355539464156408247e-01 9.311145510835913131e-01
9.311145510835913131e-01 8.789115646258502945e-01 1.000000000000000000e+00 9.355539464156408247e-01 9.311145510835913131e-01
9.303405572755417685e-01 8.777173913043477826e-01 1.000000000000000000e+00 9.348769898697539826e-01 9.303405572755417685e-01
4.698142414860680960e-01 3.617021276595744905e-01 7.894736842105262720e-02 1.296060991105463800e-01 4.698142414860680960e-01
9.311145510835913131e-01 8.789115646258502945e-01 1.000000000000000000e+00 9.355539464156408247e-01 9.311145510835913131e-01
4.752321981424148523e-01 3.904109589041095951e-01 8.823529411764706454e-02 1.439393939393939503e-01 4.752321981424148523e-01
4.311145510835913131e-01 0.000000000000000000e+00 0.000000000000000000e+00 0.000000000000000000e+00 4.311145510835913131e-01
4.357585139318885248e-01 6.315789473684210731e-02 9.287925696594426933e-03 1.619433198380566818e-02 4.357585139318885803e-01
9.311145510835913131e-01 8.789115646258502945e-01 1.000000000000000000e+00 9.355539464156408247e-01 9.311145510835913131e-01
9.311145510835913131e-01 8.789115646258502945e-01 1.000000000000000000e+00 9.355539464156408247e-01 9.311145510835913131e-01
9.303405572755417685e-01 8.777173913043477826e-01 1.000000000000000000e+00 9.348769898697539826e-01 9.303405572755417685e-01
9.287925696594426794e-01 8.784153005464481190e-01 9.953560371517027328e-01 9.332365747460087402e-01 9.287925696594426794e-01
5.100619195046439680e-01 5.340314136125654532e-01 1.578947368421052544e-01 2.437275985663082123e-01 5.100619195046439680e-01
9.311145510835913131e-01 8.789115646258502945e-01 1.000000000000000000e+00 9.355539464156408247e-01 9.311145510835913131e-01
9.311145510835913131e-01 8.789115646258502945e-01 1.000000000000000000e+00 9.355539464156408247e-01 9.311145510835913131e-01
4.760061919504643968e-01 3.945578231292516946e-01 8.978328173374612586e-02 1.462799495586380727e-01 4.760061919504643413e-01
7.616099071207430571e-01 8.275193798449612670e-01 6.609907120743033770e-01 7.349397590361446131e-01 7.616099071207429461e-01
4.806501547987616085e-01 4.193548387096774355e-01 1.006191950464396245e-01 1.622971285892634008e-01 4.806501547987615530e-01
9.311145510835913131e-01 8.789115646258502945e-01 1.000000000000000000e+00 9.355539464156408247e-01 9.311145510835913131e-01
4.535603715170278827e-01 2.457627118644067910e-01 4.489164086687306293e-02 7.591623036649212952e-02 4.535603715170278827e-01
4.311145510835913131e-01 0.000000000000000000e+00 0.000000000000000000e+00 0.000000000000000000e+00 4.311145510835913131e-01
9.303405572755417685e-01 8.777173913043477826e-01 1.000000000000000000e+00 9.348769898697539826e-01 9.303405572755417685e-01
4.311145510835913131e-01 0.000000000000000000e+00 0.000000000000000000e+00 0.000000000000000000e+00 4.311145510835913131e-01
9.311145510835913131e-01 8.789115646258502945e-01 1.000000000000000000e+00 9.355539464156408247e-01 9.311145510835913131e-01
9.311145510835913131e-01 8.789115646258502945e-01 1.000000000000000000e+00 9.355539464156408247e-01 9.311145510835913131e-01
9.311145510835913131e-01 8.789115646258502945e-01 1.000000000000000000e+00 9.355539464156408247e-01 9.311145510835913131e-01
4.311145510835913131e-01 0.000000000000000000e+00 0.000000000000000000e+00 0.000000000000000000e+00 4.311145510835913131e-01
5.108359133126935125e-01 5.364583333333333703e-01 1.594427244582043435e-01 2.458233890214797657e-01 5.108359133126935125e-01
4.311145510835913131e-01 0.000000000000000000e+00 0.000000000000000000e+00 0.000000000000000000e+00 4.311145510835913131e-01
9.311145510835913131e-01 8.789115646258502945e-01 1.000000000000000000e+00 9.355539464156408247e-01 9.311145510835913131e-01
7.267801857585138858e-01 8.110403397027601269e-01 5.913312693498452566e-01 6.839749328558639707e-01 7.267801857585139969e-01
7.020123839009287936e-01 7.972665148063781126e-01 5.417956656346749611e-01 6.451612903225807383e-01 7.020123839009287936e-01
9.303405572755417685e-01 8.777173913043477826e-01 1.000000000000000000e+00 9.348769898697539826e-01 9.303405572755417685e-01
4.311145510835913131e-01 0.000000000000000000e+00 0.000000000000000000e+00 0.000000000000000000e+00 4.311145510835913131e-01
9.311145510835913131e-01 8.789115646258502945e-01 1.000000000000000000e+00 9.355539464156408247e-01 9.311145510835913131e-01
9.311145510835913131e-01 8.789115646258502945e-01 1.000000000000000000e+00 9.355539464156408247e-01 9.311145510835913131e-01
4.311145510835913131e-01 0.000000000000000000e+00 0.000000000000000000e+00 0.000000000000000000e+00 4.311145510835913131e-01
