6.571207430340557654e-01 5.932047750229568761e-01 1.000000000000000000e+00 7.446685878962535643e-01 6.571207430340557654e-01
6.571207430340557654e-01 5.932047750229568761e-01 1.000000000000000000e+00 7.446685878962535643e-01 6.571207430340557654e-01
6.571207430340557654e-01 5.932047750229568761e-01 1.000000000000000000e+00 7.446685878962535643e-01 6.571207430340557654e-01
6.571207430340557654e-01 5.932047750229568761e-01 1.000000000000000000e+00 7.446685878962535643e-01 6.571207430340557654e-01
6.571207430340557654e-01 5.932047750229568761e-01 1.000000000000000000e+00 7.446685878962535643e-01 6.571207430340557654e-01
4.032507739938080427e-01 4.178712220762155205e-01 4.922600619195046656e-01 4.520255863539445751e-01 4.032507739938080427e-01
1.640866873065015552e-01 1.991150442477876079e-02 1.393188854489164040e-02 1.639344262295081706e-02 1.640866873065015275e-01
6.571207430340557654e-01 5.932047750229568761e-01 1.000000000000000000e+00 7.446685878962535643e-01 6.571207430340557654e-01
6.571207430340557654e-01 5.932047750229568761e-01 1.000000000000000000e+00 7.446685878962535643e-01 6.571207430340557654e-01
6.571207430340557654e-01 5.932047750229568761e-01 1.000000000000000000e+00 7.446685878962535643e-01 6.571207430340557654e-01
6.571207430340557654e-01 5.932047750229568761e-01 1.000000000000000000e+00 7.446685878962535643e-01 6.571207430340557654e-01
6.571207430340557654e-01 5.932047750229568761e-01 1.000000000000000000e+00 7.446685878962535643e-01 6.571207430340557654e-01
6.571207430340557654e-01 5.932047750229568761e-01 1.000000000000000000e+00 7.446685878962535643e-01 6.571207430340557654e-01
6.571207430340557654e-01 5.932047750229568761e-01 1.000000000000000000e+00 7.446685878962535643e-01 6.571207430340557654e-01
6.571207430340557654e-01 5.932047750229568761e-01 1.000000000000000000e+00 7.446685878962535643e-01 6.571207430340557654e-01
6.571207430340557654e-01 5.932047750229568761e-01 1.000000000000000000e+00 7.446685878962535643e-01 6.571207430340557654e-01
6.571207430340557654e-01 5.932047750229568761e-01 1.000000000000000000e+00 7.446685878962535643e-01 6.571207430340557654e-01
6.571207430340557654e-01 5.932047750229568761e-01 1.000000000000000000e+00 7.446685878962535643e-01 6.571207430340557654e-01
6.571207430340557654e-01 5.932047750229568761e-01 1.000000000000000000e+00 7.446685878962535643e-01 6.571207430340557654e-01
6.571207430340557654e-01 5.932047750229568761e-01 1.000000000000000000e+00 7.446685878962535643e-01 6.571207430340557654e-01
4.195046439628483115e-01 4.335038363171355713e-01 5.247678018575850922e-01 4.747899159663865332e-01 4.195046439628482560e-01
6.571207430340557654e-01 5.932047750229568761e-01 1.000000000000000000e+00 7.446685878962535643e-01 6.571207430340557654e-01
1.578947368421052544e-01 2.252252252252252233e-03 1.547987616099071300e-03 1.834862385321101019e-03 1.578947368421052544e-01
6.571207430340557654e-01 5.932047750229568761e-01 1.000000000000000000e+00 7.446685878962535643e-01 6.571207430340557654e-01
6.571207430340557654e-01 5.932047750229568761e-01 1.000000000000000000e+00 7.446685878962535643e-01 6.571207430340557654e-01
6.571207430340557654e-01 5.932047750229568761e-01 1.000000000000000000e+00 7.446685878962535643e-01 6.571207430340557654e-01
6.571207430340557654e-01 5.932047750229568761e-01 1.000000000000000000e+00 7.446685878962535643e-01 6.571207430340557654e-01
2.027863777089783381e-01 1.175298804780876560e-01 9.133126934984520107e-02 1.027874564459930334e-01 2.027863777089783104e-01
6.571207430340557654e-01 5.932047750229568761e-01 1.000000000000000000e+00 7.446685878962535643e-01 6.571207430340557654e-01
6.571207430340557654e-01 5.932047750229568761e-01 1.000000000000000000e+00 7.446685878962535643e-01 6.571207430340557654e-01
6.571207430340557654e-01 5.932047750229568761e-01 1.000000000000000000e+00 7.446685878962535643e-01 6.571207430340557654e-01
6.571207430340557654e-01 5.932047750229568761e-01 1.000000000000000000e+00 7.446685878962535643e-01 6.571207430340557654e-01
2.360681114551083648e-01 1.871559633027523040e-01 1.578947368421052544e-01 1.712846347607052955e-01 2.360681114551083648e-01
6.571207430340557654e-01 5.932047750229568761e-01 1.000000000000000000e+00 7.446685878962535643e-01 6.571207430340557654e-01
6.571207430340557654e-01 5.932047750229568761e-01 1.000000000000000000e+00 7.446685878962535643e-01 6.571207430340557654e-01
6.571207430340557654e-01 5.932047750229568761e-01 1.000000000000000000e+00 7.446685878962535643e-01 6.571207430340557654e-01
6.571207430340557654e-01 5.932047750229568761e-01 1.000000000000000000e+00 7.446685878962535643e-01 6.571207430340557654e-01
