5.425696594427245056e-01 5.292242295430392707e-01 7.708978328173374805e-01 6.275992438563327003e-01 5.425696594427245056e-01
5.905572755417957120e-01 5.583250249252242892e-01 8.668730650154798933e-01 6.791995148574893060e-01 5.905572755417956010e-01
1.842105263157894635e-01 7.322175732217572897e-02 5.417956656346749333e-02 6.227758007117437100e-02 1.842105263157894635e-01
5.727554179566562986e-01 5.479591836734694077e-01 8.312693498452012886e-01 6.605166051660517068e-01 5.727554179566562986e-01
6.571207430340557654e-01 5.932047750229568761e-01 1.000000000000000000e+00 7.446685878962535643e-01 6.571207430340557654e-01
6.571207430340557654e-01 5.932047750229568761e-01 1.000000000000000000e+00 7.446685878962535643e-01 6.571207430340557654e-01
6.354489164086687403e-01 5.824693685202638749e-01 9.566563467492260608e-01 7.240773286467486747e-01 6.354489164086687403e-01
6.571207430340557654e-01 5.932047750229568761e-01 1.000000000000000000e+00 7.446685878962535643e-01 6.571207430340557654e-01
6.571207430340557654e-01 5.932047750229568761e-01 1.000000000000000000e+00 7.446685878962535643e-01 6.571207430340557654e-01
6.571207430340557654e-01 5.932047750229568761e-01 1.000000000000000000e+00 7.446685878962535643e-01 6.571207430340557654e-01
6.571207430340557654e-01 5.932047750229568761e-01 1.000000000000000000e+00 7.446685878962535643e-01 6.571207430340557654e-01
6.571207430340557654e-01 5.932047750229568761e-01 1.000000000000000000e+00 7.446685878962535643e-01 6.571207430340557654e-01
6.571207430340557654e-01 5.932047750229568761e-01 1.000000000000000000e+00 7.446685878962535643e-01 6.571207430340557654e-01
6.571207430340557654e-01 5.932047750229568761e-01 1.000000000000000000e+00 7.446685878962535643e-01 6.571207430340557654e-01
6.571207430340557654e-01 5.932047750229568761e-01 1.000000000000000000e+00 7.446685878962535643e-01 6.571207430340557654e-01
6.571207430340557654e-01 5.932047750229568761e-01 1.000000000000000000e+00 7.446685878962535643e-01 6.571207430340557654e-01
6.571207430340557654e-01 5.932047750229568761e-01 1.000000000000000000e+00 7.446685878962535643e-01 6.571207430340557654e-01
6.571207430340557654e-01 5.932047750229568761e-01 1.000000000000000000e+00 7.446685878962535643e-01 6.571207430340557654e-01
6.571207430340557654e-01 5.932047750229568761e-01 1.000000000000000000e+00 7.446685878962535643e-01 6.571207430340557654e-01
6.571207430340557654e-01 5.932047750229568761e-01 1.000000000000000000e+00 7.446685878962535643e-01 6.571207430340557654e-01
6.571207430340557654e-01 5.932047750229568761e-01 1.000000000000000000e+00 7.446685878962535643e-01 6.571207430340557654e-01
2.066563467492260053e-01 1.262327416173570083e-01 9.907120743034056320e-02 1.110147441457068479e-01 2.066563467492259776e-01
6.571207430340557654e-01 5.932047750229568761e-01 1.000000000000000000e+00 7.446685878962535643e-01 6.571207430340557654e-01
6.571207430340557654e-01 5.932047750229568761e-01 1.000000000000000000e+00 7.446685878962535643e-01 6.571207430340557654e-01
6.571207430340557654e-01 5.932047750229568761e-01 1.000000000000000000e+00 7.446685878962535643e-01 6.571207430340557654e-01
6.571207430340557654e-01 5.932047750229568761e-01 1.000000000000000000e+00 7.446685878962535643e-01 6.571207430340557654e-01
4.450464396284829482e-01 4.564417177914110169e-01 5.758513931888544768e-01 5.092402464065708401e-01 4.450464396284829482e-01
6.571207430340557654e-01 5.932047750229568761e-01 1.000000000000000000e+00 7.446685878962535643e-01 6.571207430340557654e-01
6.571207430340557654e-01 5.932047750229568761e-01 1.000000000000000000e+00 7.446685878962535643e-01 6.571207430340557654e-01
6.571207430340557654e-01 5.932047750229568761e-01 1.000000000000000000e+00 7.446685878962535643e-01 6.571207430340557654e-01
6.571207430340557654e-01 5.932047750229568761e-01 1.000000000000000000e+00 7.446685878962535643e-01 6.571207430340557654e-01
6.571207430340557654e-01 5.932047750229568761e-01 1.000000000000000000e+00 7.446685878962535643e-01 6.571207430340557654e-01
1.904024767801857643e-01 8.847736625514403264e-02 6.656346749226006720e-02 7.597173144876324946e-02 1.904024767801857643e-01
6.571207430340557654e-01 5.932047750229568761e-01 1.000000000000000000e+00 7.446685878962535643e-01 6.571207430340557654e-01
6.571207430340557654e-01 5.932047750229568761e-01 1.000000000000000000e+00 7.446685878962535643e-01 6.571207430340557654e-01
6.571207430340557654e-01 5.932047750229568761e-01 1.000000000000000000e+00 7.446685878962535643e-01 6.571207430340557654e-01
6.571207430340557654e-01 5.932047750229568761e-01 1.000000000000000000e+00 7.446685878962535643e-01 6.571207430340557654e-01
