6.571207430340557654e-01 5.932047750229568761e-01 1.000000000000000000e+00 7.446685878962535643e-01 6.571207430340557654e-01
6.571207430340557654e-01 5.932047750229568761e-01 1.000000000000000000e+00 7.446685878962535643e-01 6.571207430340557654e-01
6.571207430340557654e-01 5.932047750229568761e-01 1.000000000000000000e+00 7.446685878962535643e-01 6.571207430340557654e-01
6.571207430340557654e-01 5.932047750229568761e-01 1.000000000000000000e+00 7.446685878962535643e-01 6.571207430340557654e-01
6.571207430340557654e-01 5.932047750229568761e-01 1.000000000000000000e+00 7.446685878962535643e-01 6.571207430340557654e-01
6.571207430340557654e-01 5.932047750229568761e-01 1.000000000000000000e+00 7.446685878962535643e-01 6.571207430340557654e-01
6.571207430340557654e-01 5.932047750229568761e-01 1.000000000000000000e+00 7.446685878962535643e-01 6.571207430340557654e-01
1.609907120743034048e-01 1.116071428571428596e-02 7.739938080495356067e-03 9.140767824497256222e-03 1.609907120743034048e-01
6.571207430340557654e-01 5.932047750229568761e-01 1.000000000000000000e+00 7.446685878962535643e-01 6.571207430340557654e-01
6.571207430340557654e-01 5.932047750229568761e-01 1.000000000000000000e+00 7.446685878962535643e-01 6.571207430340557654e-01
3.421052631578947456e-01 3.504398826979472359e-01 3.699690402476780160e-01 3.599397590361445576e-01 3.421052631578947456e-01
6.571207430340557654e-01 5.932047750229568761e-01 1.000000000000000000e+00 7.446685878962535643e-01 6.571207430340557654e-01
6.571207430340557654e-01 5.932047750229568761e-01 1.000000000000000000e+00 7.446685878962535643e-01 6.571207430340557654e-01
6.571207430340557654e-01 5.932047750229568761e-01 1.000000000000000000e+00 7.446685878962535643e-01 6.571207430340557654e-01
6.571207430340557654e-01 5.932047750229568761e-01 1.000000000000000000e+00 7.446685878962535643e-01 6.571207430340557654e-01
6.571207430340557654e-01 5.932047750229568761e-01 1.000000000000000000e+00 7.446685878962535643e-01 6.571207430340557654e-01
6.571207430340557654e-01 5.932047750229568761e-01 1.000000000000000000e+00 7.446685878962535643e-01 6.571207430340557654e-01
6.571207430340557654e-01 5.932047750229568761e-01 1.000000000000000000e+00 7.446685878962535643e-01 6.571207430340557654e-01
6.571207430340557654e-01 5.932047750229568761e-01 1.000000000000000000e+00 7.446685878962535643e-01 6.571207430340557654e-01
6.571207430340557654e-01 5.932047750229568761e-01 1.000000000000000000e+00 7.446685878962535643e-01 6.571207430340557654e-01
6.571207430340557654e-01 5.932047750229568761e-01 1.000000000000000000e+00 7.446685878962535643e-01 6.571207430340557654e-01
6.571207430340557654e-01 5.932047750229568761e-01 1.000000000000000000e+00 7.446685878962535643e-01 6.571207430340557654e-01
6.571207430340557654e-01 5.932047750229568761e-01 1.000000000000000000e+00 7.446685878962535643e-01 6.571207430340557654e-01
6.571207430340557654e-01 5.932047750229568761e-01 1.000000000000000000e+00 7.446685878962535643e-01 6.571207430340557654e-01
6.571207430340557654e-01 5.932047750229568761e-01 1.000000000000000000e+00 7.446685878962535643e-01 6.571207430340557654e-01
6.571207430340557654e-01 5.932047750229568761e-01 1.000000000000000000e+00 7.446685878962535643e-01 6.571207430340557654e-01
6.571207430340557654e-01 5.932047750229568761e-01 1.000000000000000000e+00 7.446685878962535643e-01 6.571207430340557654e-01
6.571207430340557654e-01 5.932047750229568761e-01 1.000000000000000000e+00 7.446685878962535643e-01 6.571207430340557654e-01
6.462848297213622528e-01 5.879069767441860161e-01 9.783281733746129749e-01 7.344567112144101406e-01 6.462848297213621418e-01
6.571207430340557654e-01 5.932047750229568761e-01 1.000000000000000000e+00 7.446685878962535643e-01 6.571207430340557654e-01
6.571207430340557654e-01 5.932047750229568761e-01 1.000000000000000000e+00 7.446685878962535643e-01 6.571207430340557654e-01
6.571207430340557654e-01 5.932047750229568761e-01 1.000000000000000000e+00 7.446685878962535643e-01 6.571207430340557654e-01
6.571207430340557654e-01 5.932047750229568761e-01 1.000000000000000000e+00 7.446685878962535643e-01 6.571207430340557654e-01
6.571207430340557654e-01 5.932047750229568761e-01 1.000000000000000000e+00 7.446685878962535643e-01 6.571207430340557654e-01
6.571207430340557654e-01 5.932047750229568761e-01 1.000000000000000000e+00 7.446685878962535643e-01 6.571207430340557654e-01
6.571207430340557654e-01 5.932047750229568761e-01 1.000000000000000000e+00 7.446685878962535643e-01 6.571207430340557654e-01
6.571207430340557654e-01 5.932047750229568761e-01 1.000000000000000000e+00 7.446685878962535643e-01 6.571207430340557654e-01
