9.133126934984520107e-01 8.522427440633245643e-01 1.000000000000000000e+00 9.202279202279202153e-01 9.133126934984520107e-01
9.071207430340557654e-01 8.506666666666666821e-01 9.876160990712073984e-01 9.140401146131805765e-01 9.071207430340556543e-01
9.133126934984520107e-01 8.522427440633245643e-01 1.000000000000000000e+00 9.202279202279202153e-01 9.133126934984520107e-01
9.133126934984520107e-01 8.522427440633245643e-01 1.000000000000000000e+00 9.202279202279202153e-01 9.133126934984520107e-01
9.133126934984520107e-01 8.522427440633245643e-01 1.000000000000000000e+00 9.202279202279202153e-01 9.133126934984520107e-01
9.133126934984520107e-01 8.522427440633245643e-01 1.000000000000000000e+00 9.202279202279202153e-01 9.133126934984520107e-01
8.986068111455108864e-01 8.484438430311231905e-01 9.705882352941176405e-01 9.054151624548736343e-01 8.986068111455108864e-01
4.187306501547987669e-01 5.882352941176470507e-02 1.083591331269349867e-02 1.830065359477124273e-02 4.187306501547987114e-01
9.133126934984520107e-01 8.522427440633245643e-01 1.000000000000000000e+00 9.202279202279202153e-01 9.133126934984520107e-01
9.133126934984520107e-01 8.522427440633245643e-01 1.000000000000000000e+00 9.202279202279202153e-01 9.133126934984520107e-01
5.572755417956656299e-01 6.241610738255033430e-01 2.879256965944272384e-01 3.940677966101694962e-01 5.572755417956656299e-01
9.133126934984520107e-01 8.522427440633245643e-01 1.000000000000000000e+00 9.202279202279202153e-01 9.133126934984520107e-01
9.133126934984520107e-01 8.522427440633245643e-01 1.000000000000000000e+00 9.202279202279202153e-01 9.133126934984520107e-01
9.133126934984520107e-01 8.522427440633245643e-01 1.000000000000000000e+00 9.202279202279202153e-01 9.133126934984520107e-01
9.133126934984520107e-01 8.522427440633245643e-01 1.000000000000000000e+00 9.202279202279202153e-01 9.133126934984520107e-01
9.133126934984520107e-01 8.522427440633245643e-01 1.000000000000000000e+00 9.202279202279202153e-01 9.133126934984520107e-01
9.133126934984520107e-01 8.522427440633245643e-01 1.000000000000000000e+00 9.202279202279202153e-01 9.133126934984520107e-01
9.133126934984520107e-01 8.522427440633245643e-01 1.000000000000000000e+00 9.202279202279202153e-01 9.133126934984520107e-01
9.133126934984520107e-01 8.522427440633245643e-01 1.000000000000000000e+00 9.202279202279202153e-01 9.133126934984520107e-01
9.133126934984520107e-01 8.522427440633245643e-01 1.000000000000000000e+00 9.202279202279202153e-01 9.133126934984520107e-01
9.133126934984520107e-01 8.522427440633245643e-01 1.000000000000000000e+00 9.202279202279202153e-01 9.133126934984520107e-01
9.133126934984520107e-01 8.522427440633245643e-01 1.000000000000000000e+00 9.202279202279202153e-01 9.133126934984520107e-01
9.133126934984520107e-01 8.522427440633245643e-01 1.000000000000000000e+00 9.202279202279202153e-01 9.133126934984520107e-01
9.133126934984520107e-01 8.522427440633245643e-01 1.000000000000000000e+00 9.202279202279202153e-01 9.133126934984520107e-01
9.133126934984520107e-01 8.522427440633245643e-01 1.000000000000000000e+00 9.202279202279202153e-01 9.133126934984520107e-01
9.133126934984520107e-01 8.522427440633245643e-01 1.000000000000000000e+00 9.202279202279202153e-01 9.133126934984520107e-01
9.133126934984520107e-01 8.522427440633245643e-01 1.000000000000000000e+00 9.202279202279202153e-01 9.133126934984520107e-01
7.097523219814241280e-01 7.737373737373737237e-01 5.928792569659442346e-01 6.713409290096405968e-01 7.097523219814241280e-01
8.916408668730649856e-01 8.465753424657533888e-01 9.566563467492260608e-01 8.982558139534883024e-01 8.916408668730649856e-01
9.133126934984520107e-01 8.522427440633245643e-01 1.000000000000000000e+00 9.202279202279202153e-01 9.133126934984520107e-01
6.199690402476780715e-01 7.044854881266491287e-01 4.133126934984520107e-01 5.209756097560974686e-01 6.199690402476779605e-01
9.133126934984520107e-01 8.522427440633245643e-01 1.000000000000000000e+00 9.202279202279202153e-01 9.133126934984520107e-01
9.133126934984520107e-01 8.522427440633245643e-01 1.000000000000000000e+00 9.202279202279202153e-01 9.133126934984520107e-01
9.133126934984520107e-01 8.522427440633245643e-01 1.000000000000000000e+00 9.202279202279202153e-01 9.133126934984520107e-01
9.133126934984520107e-01 8.522427440633245643e-01 1.000000000000000000e+00 9.202279202279202153e-01 9.133126934984520107e-01
9.133126934984520107e-01 8.522427440633245643e-01 1.000000000000000000e+00 9.202279202279202153e-01 9.133126934984520107e-01
9.133126934984520107e-01 8.522427440633245643e-01 1.000000000000000000e+00 9.202279202279202153e-01 9.133126934984520107e-01
