9.133126934984520107e-01 8.522427440633245643e-01 1.000000000000000000e+00 9.202279202279202153e-01 9.133126934984520107e-01
9.133126934984520107e-01 8.522427440633245643e-01 1.000000000000000000e+00 9.202279202279202153e-01 9.133126934984520107e-01
8.854489164086687403e-01 8.448753462603878495e-01 9.442724458204334592e-01 8.918128654970760572e-01 8.854489164086687403e-01
8.738390092879256832e-01 8.415841584158415545e-01 9.210526315789473450e-01 8.795269770879527993e-01 8.738390092879256832e-01
9.133126934984520107e-01 8.522427440633245643e-01 1.000000000000000000e+00 9.202279202279202153e-01 9.133126934984520107e-01
4.852941176470588203e-01 4.536585365853658680e-01 1.439628482972136192e-01 2.185663924794359336e-01 4.852941176470587648e-01
4.821981424148606976e-01 4.427860696517412764e-01 1.377708978328173461e-01 2.101534828807556099e-01 4.821981424148606976e-01
9.133126934984520107e-01 8.522427440633245643e-01 1.000000000000000000e+00 9.202279202279202153e-01 9.133126934984520107e-01
9.133126934984520107e-01 8.522427440633245643e-01 1.000000000000000000e+00 9.202279202279202153e-01 9.133126934984520107e-01
9.133126934984520107e-01 8.522427440633245643e-01 1.000000000000000000e+00 9.202279202279202153e-01 9.133126934984520107e-01
4.783281733746130304e-01 4.285714285714285476e-01 1.300309597523219840e-01 1.995249406175771956e-01 4.783281733746129749e-01
9.133126934984520107e-01 8.522427440633245643e-01 1.000000000000000000e+00 9.202279202279202153e-01 9.133126934984520107e-01
9.133126934984520107e-01 8.522427440633245643e-01 1.000000000000000000e+00 9.202279202279202153e-01 9.133126934984520107e-01
9.133126934984520107e-01 8.522427440633245643e-01 1.000000000000000000e+00 9.202279202279202153e-01 9.133126934984520107e-01
9.133126934984520107e-01 8.522427440633245643e-01 1.000000000000000000e+00 9.202279202279202153e-01 9.133126934984520107e-01
9.133126934984520107e-01 8.522427440633245643e-01 1.000000000000000000e+00 9.202279202279202153e-01 9.133126934984520107e-01
9.133126934984520107e-01 8.522427440633245643e-01 1.000000000000000000e+00 9.202279202279202153e-01 9.133126934984520107e-01
9.133126934984520107e-01 8.522427440633245643e-01 1.000000000000000000e+00 9.202279202279202153e-01 9.133126934984520107e-01
9.133126934984520107e-01 8.522427440633245643e-01 1.000000000000000000e+00 9.202279202279202153e-01 9.133126934984520107e-01
9.133126934984520107e-01 8.522427440633245643e-01 1.000000000000000000e+00 9.202279202279202153e-01 9.133126934984520107e-01
4.303405572755417685e-01 1.641791044776119424e-01 3.405572755417956426e-02 5.641025641025641107e-02 4.303405572755417685e-01
9.133126934984520107e-01 8.522427440633245643e-01 1.000000000000000000e+00 9.202279202279202153e-01 9.133126934984520107e-01
4.140866873065015552e-01 8.849557522123893682e-03 1.547987616099071300e-03 2.635046113306982983e-03 4.140866873065015552e-01
9.133126934984520107e-01 8.522427440633245643e-01 1.000000000000000000e+00 9.202279202279202153e-01 9.133126934984520107e-01
9.133126934984520107e-01 8.522427440633245643e-01 1.000000000000000000e+00 9.202279202279202153e-01 9.133126934984520107e-01
9.133126934984520107e-01 8.522427440633245643e-01 1.000000000000000000e+00 9.202279202279202153e-01 9.133126934984520107e-01
9.009287925696594090e-01 8.490566037735849392e-01 9.752321981424149078e-01 9.077809798270893848e-01 9.009287925696595201e-01
4.489164086687306709e-01 2.911392405063291111e-01 7.120743034055727894e-02 1.144278606965174194e-01 4.489164086687306154e-01
5.650154798761609642e-01 6.363636363636363535e-01 3.034055727554179627e-01 4.109014675052410359e-01 5.650154798761609642e-01
9.133126934984520107e-01 8.522427440633245643e-01 1.000000000000000000e+00 9.202279202279202153e-01 9.133126934984520107e-01
9.133126934984520107e-01 8.522427440633245643e-01 1.000000000000000000e+00 9.202279202279202153e-01 9.133126934984520107e-01
8.777089783281734059e-01 8.426966292134830949e-01 9.287925696594426794e-01 8.836524300441825908e-01 8.777089783281734059e-01
8.877708978328173739e-01 8.455172413793103914e-01 9.489164086687306154e-01 8.942377826404085406e-01 8.877708978328172629e-01
9.133126934984520107e-01 8.522427440633245643e-01 1.000000000000000000e+00 9.202279202279202153e-01 9.133126934984520107e-01
9.133126934984520107e-01 8.522427440633245643e-01 1.000000000000000000e+00 9.202279202279202153e-01 9.133126934984520107e-01
8.521671826625386581e-01 8.350515463917526082e-01 8.777089783281734059e-01 8.558490566037736391e-01 8.521671826625386581e-01
9.133126934984520107e-01 8.522427440633245643e-01 1.000000000000000000e+00 9.202279202279202153e-01 9.133126934984520107e-01
