7.074303405572754944e-01 7.723577235772357552e-01 5.882352941176470784e-01 6.678383128295255489e-01 7.074303405572756054e-01
8.243034055727553877e-01 8.258164852255054367e-01 8.219814241486068651e-01 8.238944918541506457e-01 8.243034055727554987e-01
4.179566563467492224e-01 5.084745762711864736e-02 9.287925696594426933e-03 1.570680628272251231e-02 4.179566563467492779e-01
5.255417956656346368e-01 5.642023346303501885e-01 2.244582043343653355e-01 3.211517165005537411e-01 5.255417956656346368e-01
6.540247678018575872e-01 7.352245862884160266e-01 4.814241486068111531e-01 5.818521983161833999e-01 6.540247678018575872e-01
9.133126934984520107e-01 8.522427440633245643e-01 1.000000000000000000e+00 9.202279202279202153e-01 9.133126934984520107e-01
4.140866873065015552e-01 8.849557522123893682e-03 1.547987616099071300e-03 2.635046113306982983e-03 4.140866873065015552e-01
9.133126934984520107e-01 8.522427440633245643e-01 1.000000000000000000e+00 9.202279202279202153e-01 9.133126934984520107e-01
9.133126934984520107e-01 8.522427440633245643e-01 1.000000000000000000e+00 9.202279202279202153e-01 9.133126934984520107e-01
7.461300309597522773e-01 7.933579335793358167e-01 6.656346749226006443e-01 7.239057239057238302e-01 7.461300309597523883e-01
9.133126934984520107e-01 8.522427440633245643e-01 1.000000000000000000e+00 9.202279202279202153e-01 9.133126934984520107e-01
9.133126934984520107e-01 8.522427440633245643e-01 1.000000000000000000e+00 9.202279202279202153e-01 9.133126934984520107e-01
9.133126934984520107e-01 8.522427440633245643e-01 1.000000000000000000e+00 9.202279202279202153e-01 9.133126934984520107e-01
9.133126934984520107e-01 8.522427440633245643e-01 1.000000000000000000e+00 9.202279202279202153e-01 9.133126934984520107e-01
8.188854489164086869e-01 8.238993710691824290e-01 8.111455108359133526e-01 8.174726989079563744e-01 8.188854489164086869e-01
9.133126934984520107e-01 8.522427440633245643e-01 1.000000000000000000e+00 9.202279202279202153e-01 9.133126934984520107e-01
9.133126934984520107e-01 8.522427440633245643e-01 1.000000000000000000e+00 9.202279202279202153e-01 9.133126934984520107e-01
9.133126934984520107e-01 8.522427440633245643e-01 1.000000000000000000e+00 9.202279202279202153e-01 9.133126934984520107e-01
9.133126934984520107e-01 8.522427440633245643e-01 1.000000000000000000e+00 9.202279202279202153e-01 9.133126934984520107e-01
9.133126934984520107e-01 8.522427440633245643e-01 1.000000000000000000e+00 9.202279202279202153e-01 9.133126934984520107e-01
9.133126934984520107e-01 8.522427440633245643e-01 1.000000000000000000e+00 9.202279202279202153e-01 9.133126934984520107e-01
4.187306501547987669e-01 5.882352941176470507e-02 1.083591331269349867e-02 1.830065359477124273e-02 4.187306501547987114e-01
9.133126934984520107e-01 8.522427440633245643e-01 1.000000000000000000e+00 9.202279202279202153e-01 9.133126934984520107e-01
9.133126934984520107e-01 8.522427440633245643e-01 1.000000000000000000e+00 9.202279202279202153e-01 9.133126934984520107e-01
9.133126934984520107e-01 8.522427440633245643e-01 1.000000000000000000e+00 9.202279202279202153e-01 9.133126934984520107e-01
8.312693498452012886e-01 8.282208588957055140e-01 8.359133126934984448e-01 8.320493066255778558e-01 8.312693498452011776e-01
5.921052631578946901e-01 6.734693877551020114e-01 3.575851393188854699e-01 4.671385237613751018e-01 5.921052631578948011e-01
9.133126934984520107e-01 8.522427440633245643e-01 1.000000000000000000e+00 9.202279202279202153e-01 9.133126934984520107e-01
9.133126934984520107e-01 8.522427440633245643e-01 1.000000000000000000e+00 9.202279202279202153e-01 9.133126934984520107e-01
9.133126934984520107e-01 8.522427440633245643e-01 1.000000000000000000e+00 9.202279202279202153e-01 9.133126934984520107e-01
9.133126934984520107e-01 8.522427440633245643e-01 1.000000000000000000e+00 9.202279202279202153e-01 9.133126934984520107e-01
9.133126934984520107e-01 8.522427440633245643e-01 1.000000000000000000e+00 9.202279202279202153e-01 9.133126934984520107e-01
8.877708978328173739e-01 8.455172413793103914e-01 9.489164086687306154e-01 8.942377826404085406e-01 8.877708978328172629e-01
4.821981424148606976e-01 4.427860696517412764e-01 1.377708978328173461e-01 2.101534828807556099e-01 4.821981424148606976e-01
9.133126934984520107e-01 8.522427440633245643e-01 1.000000000000000000e+00 9.202279202279202153e-01 9.133126934984520107e-01
4.326625386996904021e-01 1.824817518248175174e-01 3.869969040247678294e-02 6.385696040868454881e-02 4.326625386996904021e-01
9.133126934984520107e-01 8.522427440633245643e-01 1.000000000000000000e+00 9.202279202279202153e-01 9.133126934984520107e-01
