9.055727554179566763e-01 8.411458333333333703e-01 1.000000000000000000e+00 9.137199434229137385e-01 9.055727554179566763e-01
9.017027863777089536e-01 8.357050452781371597e-01 1.000000000000000000e+00 9.105003523608174998e-01 9.017027863777089536e-01
9.032507739938080427e-01 8.378728923476005397e-01 1.000000000000000000e+00 9.117854622441777801e-01 9.032507739938080427e-01
9.032507739938080427e-01 8.378728923476005397e-01 1.000000000000000000e+00 9.117854622441777801e-01 9.032507739938080427e-01
9.009287925696594090e-01 8.346253229974159860e-01 1.000000000000000000e+00 9.098591549295774739e-01 9.009287925696594090e-01
9.032507739938080427e-01 8.378728923476005397e-01 1.000000000000000000e+00 9.117854622441777801e-01 9.032507739938080427e-01
8.993808049535603200e-01 8.324742268041237514e-01 1.000000000000000000e+00 9.085794655414908272e-01 8.993808049535603200e-01
9.032507739938080427e-01 8.378728923476005397e-01 1.000000000000000000e+00 9.117854622441777801e-01 9.032507739938080427e-01
9.001547987616098645e-01 8.335483870967741460e-01 1.000000000000000000e+00 9.092188599577761821e-01 9.001547987616099755e-01
9.047987616099071317e-01 8.400520156046814568e-01 1.000000000000000000e+00 9.130742049469964261e-01 9.047987616099071317e-01
8.978328173374613419e-01 8.303341902313624567e-01 1.000000000000000000e+00 9.073033707865169051e-01 8.978328173374612309e-01
9.001547987616098645e-01 8.335483870967741460e-01 1.000000000000000000e+00 9.092188599577761821e-01 9.001547987616099755e-01
8.993808049535603200e-01 8.324742268041237514e-01 1.000000000000000000e+00 9.085794655414908272e-01 8.993808049535603200e-01
9.009287925696594090e-01 8.346253229974159860e-01 1.000000000000000000e+00 9.098591549295774739e-01 9.009287925696594090e-01
9.032507739938080427e-01 8.378728923476005397e-01 1.000000000000000000e+00 9.117854622441777801e-01 9.032507739938080427e-01
9.001547987616098645e-01 8.335483870967741460e-01 1.000000000000000000e+00 9.092188599577761821e-01 9.001547987616099755e-01
8.986068111455108864e-01 8.314028314028314437e-01 1.000000000000000000e+00 9.079409697821504421e-01 8.986068111455107754e-01
8.970588235294117974e-01 8.292682926829267887e-01 1.000000000000000000e+00 9.066666666666667318e-01 8.970588235294117974e-01
9.001547987616098645e-01 8.335483870967741460e-01 1.000000000000000000e+00 9.092188599577761821e-01 9.001547987616099755e-01
9.009287925696594090e-01 8.346253229974159860e-01 1.000000000000000000e+00 9.098591549295774739e-01 9.009287925696594090e-01
9.032507739938080427e-01 8.378728923476005397e-01 1.000000000000000000e+00 9.117854622441777801e-01 9.032507739938080427e-01
9.009287925696594090e-01 8.346253229974159860e-01 1.000000000000000000e+00 9.098591549295774739e-01 9.009287925696594090e-01
9.017027863777089536e-01 8.357050452781371597e-01 1.000000000000000000e+00 9.105003523608174998e-01 9.017027863777089536e-01
8.955108359133127083e-01 8.271446862996159055e-01 1.000000000000000000e+00 9.053959355290820410e-01 8.955108359133127083e-01
9.009287925696594090e-01 8.346253229974159860e-01 1.000000000000000000e+00 9.098591549295774739e-01 9.009287925696594090e-01
9.047987616099071317e-01 8.400520156046814568e-01 1.000000000000000000e+00 9.130742049469964261e-01 9.047987616099071317e-01
9.001547987616098645e-01 8.335483870967741460e-01 1.000000000000000000e+00 9.092188599577761821e-01 9.001547987616099755e-01
9.040247678018575872e-01 8.389610389610389074e-01 1.000000000000000000e+00 9.124293785310734206e-01 9.040247678018575872e-01
8.993808049535603200e-01 8.324742268041237514e-01 1.000000000000000000e+00 9.085794655414908272e-01 8.993808049535603200e-01
9.009287925696594090e-01 8.346253229974159860e-01 1.000000000000000000e+00 9.098591549295774739e-01 9.009287925696594090e-01
9.032507739938080427e-01 8.378728923476005397e-01 1.000000000000000000e+00 9.117854622441777801e-01 9.032507739938080427e-01
8.986068111455108864e-01 8.314028314028314437e-01 1.000000000000000000e+00 9.079409697821504421e-01 8.986068111455107754e-01
9.001547987616098645e-01 8.335483870967741460e-01 1.000000000000000000e+00 9.092188599577761821e-01 9.001547987616099755e-01
9.001547987616098645e-01 8.335483870967741460e-01 1.000000000000000000e+00 9.092188599577761821e-01 9.001547987616099755e-01
9.017027863777089536e-01 8.357050452781371597e-01 1.000000000000000000e+00 9.105003523608174998e-01 9.017027863777089536e-01
9.017027863777089536e-01 8.357050452781371597e-01 1.000000000000000000e+00 9.105003523608174998e-01 9.017027863777089536e-01
9.032507739938080427e-01 8.378728923476005397e-01 1.000000000000000000e+00 9.117854622441777801e-01 9.032507739938080427e-01
