9.017027863777089536e-01 8.357050452781371597e-01 1.000000000000000000e+00 9.105003523608174998e-01 9.017027863777089536e-01
7.221362229102167296e-01 7.642725598526703967e-01 6.424148606811145301e-01 6.980656013456686404e-01 7.221362229102166186e-01
4.636222910216718507e-01 3.864734299516908167e-01 1.238390092879256971e-01 1.875732708089097311e-01 4.636222910216718507e-01
8.993808049535603200e-01 8.324742268041237514e-01 1.000000000000000000e+00 9.085794655414908272e-01 8.993808049535603200e-01
8.993808049535603200e-01 8.324742268041237514e-01 1.000000000000000000e+00 9.085794655414908272e-01 8.993808049535603200e-01
9.017027863777089536e-01 8.357050452781371597e-01 1.000000000000000000e+00 9.105003523608174998e-01 9.017027863777089536e-01
5.286377708978328149e-01 5.622895622895622836e-01 2.585139318885448789e-01 3.541887592788971473e-01 5.286377708978327039e-01
6.911764705882352811e-01 7.484909456740442835e-01 5.758513931888544768e-01 6.509186351706036655e-01 6.911764705882352811e-01
9.024767801857584981e-01 8.367875647668393535e-01 1.000000000000000000e+00 9.111424541607898719e-01 9.024767801857584981e-01
9.032507739938080427e-01 8.378728923476005397e-01 1.000000000000000000e+00 9.117854622441777801e-01 9.032507739938080427e-01
9.024767801857584981e-01 8.367875647668393535e-01 1.000000000000000000e+00 9.111424541607898719e-01 9.024767801857584981e-01
9.032507739938080427e-01 8.378728923476005397e-01 1.000000000000000000e+00 9.117854622441777801e-01 9.032507739938080427e-01
8.978328173374613419e-01 8.303341902313624567e-01 1.000000000000000000e+00 9.073033707865169051e-01 8.978328173374612309e-01
9.024767801857584981e-01 8.367875647668393535e-01 1.000000000000000000e+00 9.111424541607898719e-01 9.024767801857584981e-01
8.993808049535603200e-01 8.324742268041237514e-01 1.000000000000000000e+00 9.085794655414908272e-01 8.993808049535603200e-01
9.055727554179566763e-01 8.411458333333333703e-01 1.000000000000000000e+00 9.137199434229137385e-01 9.055727554179566763e-01
7.948916408668730282e-01 7.935285053929121979e-01 7.972136222910216619e-01 7.953667953667953316e-01 7.948916408668730282e-01
9.017027863777089536e-01 8.357050452781371597e-01 1.000000000000000000e+00 9.105003523608174998e-01 9.017027863777089536e-01
9.017027863777089536e-01 8.357050452781371597e-01 1.000000000000000000e+00 9.105003523608174998e-01 9.017027863777089536e-01
8.993808049535603200e-01 8.324742268041237514e-01 1.000000000000000000e+00 9.085794655414908272e-01 8.993808049535603200e-01
9.009287925696594090e-01 8.346253229974159860e-01 1.000000000000000000e+00 9.098591549295774739e-01 9.009287925696594090e-01
9.009287925696594090e-01 8.346253229974159860e-01 1.000000000000000000e+00 9.098591549295774739e-01 9.009287925696594090e-01
8.993808049535603200e-01 8.324742268041237514e-01 1.000000000000000000e+00 9.085794655414908272e-01 8.993808049535603200e-01
9.017027863777089536e-01 8.357050452781371597e-01 1.000000000000000000e+00 9.105003523608174998e-01 9.017027863777089536e-01
9.024767801857584981e-01 8.367875647668393535e-01 1.000000000000000000e+00 9.111424541607898719e-01 9.024767801857584981e-01
9.009287925696594090e-01 8.346253229974159860e-01 1.000000000000000000e+00 9.098591549295774739e-01 9.009287925696594090e-01
7.678018575851393024e-01 7.826797385620914982e-01 7.414860681114551211e-01 7.615262321144673496e-01 7.678018575851395244e-01
9.017027863777089536e-01 8.357050452781371597e-01 1.000000000000000000e+00 9.105003523608174998e-01 9.017027863777089536e-01
8.993808049535603200e-01 8.324742268041237514e-01 1.000000000000000000e+00 9.085794655414908272e-01 8.993808049535603200e-01
9.040247678018575872e-01 8.389610389610389074e-01 1.000000000000000000e+00 9.124293785310734206e-01 9.040247678018575872e-01
9.001547987616098645e-01 8.335483870967741460e-01 1.000000000000000000e+00 9.092188599577761821e-01 9.001547987616099755e-01
9.017027863777089536e-01 8.357050452781371597e-01 1.000000000000000000e+00 9.105003523608174998e-01 9.017027863777089536e-01
9.032507739938080427e-01 8.378728923476005397e-01 1.000000000000000000e+00 9.117854622441777801e-01 9.032507739938080427e-01
8.947368421052631637e-01 8.260869565217391353e-01 1.000000000000000000e+00 9.047619047619046562e-01 8.947368421052631637e-01
9.032507739938080427e-01 8.378728923476005397e-01 1.000000000000000000e+00 9.117854622441777801e-01 9.032507739938080427e-01
7.337461300309597867e-01 7.677304964539006793e-01 6.702786377708978005e-01 7.157024793388430117e-01 7.337461300309596757e-01
9.001547987616098645e-01 8.335483870967741460e-01 1.000000000000000000e+00 9.092188599577761821e-01 9.001547987616099755e-01
