9.032507739938080427e-01 8.378728923476005397e-01 1.000000000000000000e+00 9.117854622441777801e-01 9.032507739938080427e-01
9.040247678018575872e-01 8.389610389610389074e-01 1.000000000000000000e+00 9.124293785310734206e-01 9.040247678018575872e-01
9.009287925696594090e-01 8.346253229974159860e-01 1.000000000000000000e+00 9.098591549295774739e-01 9.009287925696594090e-01
9.071207430340557654e-01 8.433420365535247987e-01 1.000000000000000000e+00 9.150141643059489516e-01 9.071207430340556543e-01
9.009287925696594090e-01 8.346253229974159860e-01 1.000000000000000000e+00 9.098591549295774739e-01 9.009287925696594090e-01
8.993808049535603200e-01 8.324742268041237514e-01 1.000000000000000000e+00 9.085794655414908272e-01 8.993808049535603200e-01
8.993808049535603200e-01 8.324742268041237514e-01 1.000000000000000000e+00 9.085794655414908272e-01 8.993808049535603200e-01
9.001547987616098645e-01 8.335483870967741460e-01 1.000000000000000000e+00 9.092188599577761821e-01 9.001547987616099755e-01
9.032507739938080427e-01 8.378728923476005397e-01 1.000000000000000000e+00 9.117854622441777801e-01 9.032507739938080427e-01
8.993808049535603200e-01 8.324742268041237514e-01 1.000000000000000000e+00 9.085794655414908272e-01 8.993808049535603200e-01
9.017027863777089536e-01 8.357050452781371597e-01 1.000000000000000000e+00 9.105003523608174998e-01 9.017027863777089536e-01
9.001547987616098645e-01 8.335483870967741460e-01 1.000000000000000000e+00 9.092188599577761821e-01 9.001547987616099755e-01
9.001547987616098645e-01 8.335483870967741460e-01 1.000000000000000000e+00 9.092188599577761821e-01 9.001547987616099755e-01
9.009287925696594090e-01 8.346253229974159860e-01 1.000000000000000000e+00 9.098591549295774739e-01 9.009287925696594090e-01
8.962848297213622528e-01 8.282051282051282604e-01 1.000000000000000000e+00 9.060308555399719799e-01 8.962848297213622528e-01
8.986068111455108864e-01 8.314028314028314437e-01 1.000000000000000000e+00 9.079409697821504421e-01 8.986068111455107754e-01
9.024767801857584981e-01 8.367875647668393535e-01 1.000000000000000000e+00 9.111424541607898719e-01 9.024767801857584981e-01
9.047987616099071317e-01 8.400520156046814568e-01 1.000000000000000000e+00 9.130742049469964261e-01 9.047987616099071317e-01
9.009287925696594090e-01 8.346253229974159860e-01 1.000000000000000000e+00 9.098591549295774739e-01 9.009287925696594090e-01
9.032507739938080427e-01 8.378728923476005397e-01 1.000000000000000000e+00 9.117854622441777801e-01 9.032507739938080427e-01
9.024767801857584981e-01 8.367875647668393535e-01 1.000000000000000000e+00 9.111424541607898719e-01 9.024767801857584981e-01
9.009287925696594090e-01 8.346253229974159860e-01 1.000000000000000000e+00 9.098591549295774739e-01 9.009287925696594090e-01
9.032507739938080427e-01 8.378728923476005397e-01 1.000000000000000000e+00 9.117854622441777801e-01 9.032507739938080427e-01
9.024767801857584981e-01 8.367875647668393535e-01 1.000000000000000000e+00 9.111424541607898719e-01 9.024767801857584981e-01
9.009287925696594090e-01 8.346253229974159860e-01 1.000000000000000000e+00 9.098591549295774739e-01 9.009287925696594090e-01
8.962848297213622528e-01 8.282051282051282604e-01 1.000000000000000000e+00 9.060308555399719799e-01 8.962848297213622528e-01
9.017027863777089536e-01 8.357050452781371597e-01 1.000000000000000000e+00 9.105003523608174998e-01 9.017027863777089536e-01
9.017027863777089536e-01 8.357050452781371597e-01 1.000000000000000000e+00 9.105003523608174998e-01 9.017027863777089536e-01
9.001547987616098645e-01 8.335483870967741460e-01 1.000000000000000000e+00 9.092188599577761821e-01 9.001547987616099755e-01
9.001547987616098645e-01 8.335483870967741460e-01 1.000000000000000000e+00 9.092188599577761821e-01 9.001547987616099755e-01
9.009287925696594090e-01 8.346253229974159860e-01 1.000000000000000000e+00 9.098591549295774739e-01 9.009287925696594090e-01
9.032507739938080427e-01 8.378728923476005397e-01 1.000000000000000000e+00 9.117854622441777801e-01 9.032507739938080427e-01
9.024767801857584981e-01 8.367875647668393535e-01 1.000000000000000000e+00 9.111424541607898719e-01 9.024767801857584981e-01
9.001547987616098645e-01 8.335483870967741460e-01 1.000000000000000000e+00 9.092188599577761821e-01 9.001547987616099755e-01
9.017027863777089536e-01 8.357050452781371597e-01 1.000000000000000000e+00 9.105003523608174998e-01 9.017027863777089536e-01
9.017027863777089536e-01 8.357050452781371597e-01 1.000000000000000000e+00 9.105003523608174998e-01 9.017027863777089536e-01
8.993808049535603200e-01 8.324742268041237514e-01 1.000000000000000000e+00 9.085794655414908272e-01 8.993808049535603200e-01
