9.063467492260062208e-01 8.422425032594523797e-01 1.000000000000000000e+00 9.143665958952582606e-01 9.063467492260062208e-01
4.473684210526315819e-01 3.045977011494253039e-01 8.204334365325077760e-02 1.292682926829268331e-01 4.473684210526315819e-01
9.063467492260062208e-01 8.422425032594523797e-01 1.000000000000000000e+00 9.143665958952582606e-01 9.063467492260062208e-01
4.071207430340557099e-01 8.196721311475410263e-03 1.547987616099071300e-03 2.604166666666666522e-03 4.071207430340557654e-01
4.078947368421052544e-01 1.626016260162601798e-02 3.095975232198142600e-03 5.201560468140442248e-03 4.078947368421053099e-01
5.890092879256966230e-01 6.610644257703081061e-01 3.653250773993808043e-01 4.705882352941176405e-01 5.890092879256966230e-01
4.210526315789473450e-01 1.357142857142857040e-01 2.941176470588235253e-02 4.834605597964376084e-02 4.210526315789473450e-01
4.109907120743034326e-01 4.724409448818897572e-02 9.287925696594426933e-03 1.552393272962483868e-02 4.109907120743034881e-01
4.078947368421052544e-01 1.626016260162601798e-02 3.095975232198142600e-03 5.201560468140442248e-03 4.078947368421053099e-01
6.547987616099071317e-01 7.262443438914026883e-01 4.969040247678018773e-01 5.900735294117647189e-01 6.547987616099071317e-01
4.071207430340557099e-01 8.196721311475410263e-03 1.547987616099071300e-03 2.604166666666666522e-03 4.071207430340557654e-01
4.102167182662538880e-01 3.968253968253968034e-02 7.739938080495356067e-03 1.295336787564766758e-02 4.102167182662539435e-01
9.063467492260062208e-01 8.422425032594523797e-01 1.000000000000000000e+00 9.143665958952582606e-01 9.063467492260062208e-01
4.179566563467492224e-01 1.102941176470588203e-01 2.321981424148606907e-02 3.836317135549872220e-02 4.179566563467492779e-01
4.109907120743034326e-01 4.724409448818897572e-02 9.287925696594426933e-03 1.552393272962483868e-02 4.109907120743034881e-01
9.063467492260062208e-01 8.422425032594523797e-01 1.000000000000000000e+00 9.143665958952582606e-01 9.063467492260062208e-01
9.063467492260062208e-01 8.422425032594523797e-01 1.000000000000000000e+00 9.143665958952582606e-01 9.063467492260062208e-01
4.071207430340557099e-01 8.196721311475410263e-03 1.547987616099071300e-03 2.604166666666666522e-03 4.071207430340557654e-01
6.431888544891640747e-01 7.166276346604215641e-01 4.736842105263157632e-01 5.703634669151910197e-01 6.431888544891640747e-01
4.071207430340557099e-01 8.196721311475410263e-03 1.547987616099071300e-03 2.604166666666666522e-03 4.071207430340557654e-01
9.063467492260062208e-01 8.422425032594523797e-01 1.000000000000000000e+00 9.143665958952582606e-01 9.063467492260062208e-01
4.094427244582043435e-01 3.200000000000000067e-02 6.191950464396285200e-03 1.037613488975356636e-02 4.094427244582043990e-01
4.071207430340557099e-01 8.196721311475410263e-03 1.547987616099071300e-03 2.604166666666666522e-03 4.071207430340557654e-01
5.147058823529411242e-01 5.363984674329501656e-01 2.167182662538699733e-01 3.087100330760749745e-01 5.147058823529412352e-01
4.272445820433436459e-01 1.824324324324324287e-01 4.179566563467491946e-02 6.801007556675062182e-02 4.272445820433437014e-01
4.125386996904024661e-01 6.201550387596899139e-02 1.238390092879257040e-02 2.064516129032258063e-02 4.125386996904024661e-01
4.334365325077399467e-01 2.243589743589743668e-01 5.417956656346749333e-02 8.728179551122194901e-02 4.334365325077399467e-01
4.226006191950464341e-01 1.478873239436619691e-01 3.250773993808049600e-02 5.329949238578680221e-02 4.226006191950464896e-01
4.195046439628483115e-01 1.231884057971014551e-01 2.631578947368420907e-02 4.336734693877550284e-02 4.195046439628483670e-01
4.078947368421052544e-01 1.626016260162601798e-02 3.095975232198142600e-03 5.201560468140442248e-03 4.078947368421053099e-01
4.071207430340557099e-01 8.196721311475410263e-03 1.547987616099071300e-03 2.604166666666666522e-03 4.071207430340557654e-01
4.226006191950464341e-01 1.478873239436619691e-01 3.250773993808049600e-02 5.329949238578680221e-02 4.226006191950464896e-01
4.071207430340557099e-01 8.196721311475410263e-03 1.547987616099071300e-03 2.604166666666666522e-03 4.071207430340557654e-01
4.272445820433436459e-01 1.824324324324324287e-01 4.179566563467491946e-02 6.801007556675062182e-02 4.272445820433437014e-01
5.054179566563467008e-01 5.140562248995983463e-01 1.981424148606811264e-01 2.860335195530726016e-01 5.054179566563468118e-01
9.063467492260062208e-01 8.422425032594523797e-01 1.000000000000000000e+00 9.143665958952582606e-01 9.063467492260062208e-01
9.063467492260062208e-01 8.422425032594523797e-01 1.000000000000000000e+00 9.143665958952582606e-01 9.063467492260062208e-01
