4.071207430340557099e-01 8.196721311475410263e-03 1.547987616099071300e-03 2.604166666666666522e-03 4.071207430340557654e-01
4.117647058823529216e-01 5.468750000000000000e-02 1.083591331269349867e-02 1.808785529715762133e-02 4.117647058823529216e-01
4.071207430340557099e-01 8.196721311475410263e-03 1.547987616099071300e-03 2.604166666666666522e-03 4.071207430340557654e-01
4.326625386996904021e-01 2.193548387096774244e-01 5.263157894736841813e-02 8.489388264669163464e-02 4.326625386996904576e-01
4.071207430340557099e-01 8.196721311475410263e-03 1.547987616099071300e-03 2.604166666666666522e-03 4.071207430340557654e-01
5.572755417956656299e-01 6.170886075949366667e-01 3.018575851393188736e-01 4.054054054054054279e-01 5.572755417956656299e-01
4.071207430340557099e-01 8.196721311475410263e-03 1.547987616099071300e-03 2.604166666666666522e-03 4.071207430340557654e-01
9.063467492260062208e-01 8.422425032594523797e-01 1.000000000000000000e+00 9.143665958952582606e-01 9.063467492260062208e-01
9.063467492260062208e-01 8.422425032594523797e-01 1.000000000000000000e+00 9.143665958952582606e-01 9.063467492260062208e-01
4.109907120743034326e-01 4.724409448818897572e-02 9.287925696594426933e-03 1.552393272962483868e-02 4.109907120743034881e-01
9.063467492260062208e-01 8.422425032594523797e-01 1.000000000000000000e+00 9.143665958952582606e-01 9.063467492260062208e-01
4.233746130030959787e-01 1.538461538461538547e-01 3.405572755417956426e-02 5.576679340937895635e-02 4.233746130030959787e-01
9.063467492260062208e-01 8.422425032594523797e-01 1.000000000000000000e+00 9.143665958952582606e-01 9.063467492260062208e-01
4.256965944272445568e-01 1.712328767123287576e-01 3.869969040247678294e-02 6.313131313131313538e-02 4.256965944272446123e-01
5.634674922600618752e-01 6.265432098765432167e-01 3.142414860681114752e-01 4.185567010309279024e-01 5.634674922600620972e-01
4.071207430340557099e-01 8.196721311475410263e-03 1.547987616099071300e-03 2.604166666666666522e-03 4.071207430340557654e-01
4.133126934984520107e-01 6.923076923076923461e-02 1.393188854489164040e-02 2.319587628865979467e-02 4.133126934984520107e-01
9.063467492260062208e-01 8.422425032594523797e-01 1.000000000000000000e+00 9.143665958952582606e-01 9.063467492260062208e-01
7.283281733746129749e-01 7.746741154562383214e-01 6.439628482972136192e-01 7.032967032967032406e-01 7.283281733746130859e-01
4.233746130030959787e-01 1.538461538461538547e-01 3.405572755417956426e-02 5.576679340937895635e-02 4.233746130030959787e-01
4.071207430340557099e-01 8.196721311475410263e-03 1.547987616099071300e-03 2.604166666666666522e-03 4.071207430340557654e-01
4.125386996904024661e-01 6.201550387596899139e-02 1.238390092879257040e-02 2.064516129032258063e-02 4.125386996904024661e-01
4.071207430340557099e-01 8.196721311475410263e-03 1.547987616099071300e-03 2.604166666666666522e-03 4.071207430340557654e-01
5.595975232198142635e-01 6.206896551724138122e-01 3.065015479876160853e-01 4.103626943005180827e-01 5.595975232198142635e-01
4.287925696594427349e-01 1.933333333333333293e-01 4.489164086687306293e-02 7.286432160804019731e-02 4.287925696594427905e-01
5.712074303405573206e-01 6.377245508982035682e-01 3.297213622291021440e-01 4.346938775510204023e-01 5.712074303405573206e-01
4.613003095975232171e-01 3.697916666666666852e-01 1.099071207430340619e-01 1.694510739856801840e-01 4.613003095975232171e-01
9.063467492260062208e-01 8.422425032594523797e-01 1.000000000000000000e+00 9.143665958952582606e-01 9.063467492260062208e-01
9.063467492260062208e-01 8.422425032594523797e-01 1.000000000000000000e+00 9.143665958952582606e-01 9.063467492260062208e-01
9.063467492260062208e-01 8.422425032594523797e-01 1.000000000000000000e+00 9.143665958952582606e-01 9.063467492260062208e-01
9.063467492260062208e-01 8.422425032594523797e-01 1.000000000000000000e+00 9.143665958952582606e-01 9.063467492260062208e-01
9.063467492260062208e-01 8.422425032594523797e-01 1.000000000000000000e+00 9.143665958952582606e-01 9.063467492260062208e-01
4.063467492260061653e-01 0.000000000000000000e+00 0.000000000000000000e+00 0.000000000000000000e+00 4.063467492260062208e-01
4.117647058823529216e-01 5.468750000000000000e-02 1.083591331269349867e-02 1.808785529715762133e-02 4.117647058823529216e-01
9.063467492260062208e-01 8.422425032594523797e-01 1.000000000000000000e+00 9.143665958952582606e-01 9.063467492260062208e-01
4.133126934984520107e-01 6.923076923076923461e-02 1.393188854489164040e-02 2.319587628865979467e-02 4.133126934984520107e-01
4.380804953560371584e-01 2.530864197530864335e-01 6.346749226006191680e-02 1.014851485148514781e-01 4.380804953560372139e-01
