4.504643962848297045e-01 3.202247191011236005e-01 8.823529411764706454e-02 1.383495145631067902e-01 4.504643962848297600e-01
9.063467492260062208e-01 8.422425032594523797e-01 1.000000000000000000e+00 9.143665958952582606e-01 9.063467492260062208e-01
4.071207430340557099e-01 8.196721311475410263e-03 1.547987616099071300e-03 2.604166666666666522e-03 4.071207430340557654e-01
4.071207430340557099e-01 8.196721311475410263e-03 1.547987616099071300e-03 2.604166666666666522e-03 4.071207430340557654e-01
4.109907120743034326e-01 4.724409448818897572e-02 9.287925696594426933e-03 1.552393272962483868e-02 4.109907120743034881e-01
4.179566563467492224e-01 1.102941176470588203e-01 2.321981424148606907e-02 3.836317135549872220e-02 4.179566563467492779e-01
4.071207430340557099e-01 8.196721311475410263e-03 1.547987616099071300e-03 2.604166666666666522e-03 4.071207430340557654e-01
4.071207430340557099e-01 8.196721311475410263e-03 1.547987616099071300e-03 2.604166666666666522e-03 4.071207430340557654e-01
9.063467492260062208e-01 8.422425032594523797e-01 1.000000000000000000e+00 9.143665958952582606e-01 9.063467492260062208e-01
4.396284829721362475e-01 2.621951219512195230e-01 6.656346749226006720e-02 1.061728395061728447e-01 4.396284829721363030e-01
4.071207430340557099e-01 8.196721311475410263e-03 1.547987616099071300e-03 2.604166666666666522e-03 4.071207430340557654e-01
4.233746130030959787e-01 1.538461538461538547e-01 3.405572755417956426e-02 5.576679340937895635e-02 4.233746130030959787e-01
4.071207430340557099e-01 8.196721311475410263e-03 1.547987616099071300e-03 2.604166666666666522e-03 4.071207430340557654e-01
4.164086687306501333e-01 9.701492537313433084e-02 2.012383900928792560e-02 3.333333333333333287e-02 4.164086687306501888e-01
9.063467492260062208e-01 8.422425032594523797e-01 1.000000000000000000e+00 9.143665958952582606e-01 9.063467492260062208e-01
4.551083591331269163e-01 3.423913043478261087e-01 9.752321981424148800e-02 1.518072289156626453e-01 4.551083591331269718e-01
4.256965944272445568e-01 1.712328767123287576e-01 3.869969040247678294e-02 6.313131313131313538e-02 4.256965944272446123e-01
4.218266253869968896e-01 1.418439716312056842e-01 3.095975232198142427e-02 5.082592121982211497e-02 4.218266253869968896e-01
4.256965944272445568e-01 1.712328767123287576e-01 3.869969040247678294e-02 6.313131313131313538e-02 4.256965944272446123e-01
4.133126934984520107e-01 6.923076923076923461e-02 1.393188854489164040e-02 2.319587628865979467e-02 4.133126934984520107e-01
4.125386996904024661e-01 6.201550387596899139e-02 1.238390092879257040e-02 2.064516129032258063e-02 4.125386996904024661e-01
4.287925696594427349e-01 1.933333333333333293e-01 4.489164086687306293e-02 7.286432160804019731e-02 4.287925696594427905e-01
4.071207430340557099e-01 8.196721311475410263e-03 1.547987616099071300e-03 2.604166666666666522e-03 4.071207430340557654e-01
4.078947368421052544e-01 1.626016260162601798e-02 3.095975232198142600e-03 5.201560468140442248e-03 4.078947368421053099e-01
4.133126934984520107e-01 6.923076923076923461e-02 1.393188854489164040e-02 2.319587628865979467e-02 4.133126934984520107e-01
9.063467492260062208e-01 8.422425032594523797e-01 1.000000000000000000e+00 9.143665958952582606e-01 9.063467492260062208e-01
4.094427244582043435e-01 3.200000000000000067e-02 6.191950464396285200e-03 1.037613488975356636e-02 4.094427244582043990e-01
4.140866873065015552e-01 7.633587786259542207e-02 1.547987616099071213e-02 2.574002574002574179e-02 4.140866873065015552e-01
4.667182662538699733e-01 3.919597989949748507e-01 1.207430340557275605e-01 1.846153846153846256e-01 4.667182662538700288e-01
9.063467492260062208e-01 8.422425032594523797e-01 1.000000000000000000e+00 9.143665958952582606e-01 9.063467492260062208e-01
9.063467492260062208e-01 8.422425032594523797e-01 1.000000000000000000e+00 9.143665958952582606e-01 9.063467492260062208e-01
4.520123839009287936e-01 3.277777777777777790e-01 9.133126934984520107e-02 1.428571428571428770e-01 4.520123839009287936e-01
4.226006191950464341e-01 1.478873239436619691e-01 3.250773993808049600e-02 5.329949238578680221e-02 4.226006191950464896e-01
4.071207430340557099e-01 8.196721311475410263e-03 1.547987616099071300e-03 2.604166666666666522e-03 4.071207430340557654e-01
9.063467492260062208e-01 8.422425032594523797e-01 1.000000000000000000e+00 9.143665958952582606e-01 9.063467492260062208e-01
7.739938080495356587e-01 7.969798657718121238e-01 7.352941176470588758e-01 7.648953301127213722e-01 7.739938080495356587e-01
9.063467492260062208e-01 8.422425032594523797e-01 1.000000000000000000e+00 9.143665958952582606e-01 9.063467492260062208e-01
