5.317460317460317443e-01 0.000000000000000000e+00 0.000000000000000000e+00 0.000000000000000000e+00 4.620689655172413590e-01
5.572519083969466047e-01 0.000000000000000000e+00 0.000000000000000000e+00 0.000000000000000000e+00 4.709677419354838523e-01
6.324503311258278249e-01 4.000000000000000222e-01 7.476635514018691031e-02 1.259842519685039075e-01 5.066139468008626912e-01
8.630573248407643616e-01 8.720930232558139483e-01 7.009345794392523032e-01 7.772020725388600892e-01 8.238972414104474007e-01
6.518771331058020868e-01 5.925925925925925597e-01 1.495327102803738206e-01 2.388059701492537268e-01 5.451964626670686709e-01
6.317567567567567988e-01 4.444444444444444198e-01 7.476635514018691031e-02 1.280000000000000027e-01 5.109281511150670640e-01
5.848375451263537750e-01 0.000000000000000000e+00 0.000000000000000000e+00 0.000000000000000000e+00 4.764705882352940902e-01
6.538461538461538547e-01 7.222222222222222099e-01 1.214953271028037379e-01 2.080000000000000182e-01 5.467811831044744331e-01
6.067796610169491345e-01 2.000000000000000111e-01 2.803738317757009310e-02 4.918032786885245811e-02 4.821037979717637256e-01
9.596273291925465632e-01 8.916666666666667185e-01 1.000000000000000000e+00 9.427312775330397576e-01 9.697674418604650404e-01
5.851063829787234161e-01 0.000000000000000000e+00 0.000000000000000000e+00 0.000000000000000000e+00 4.714285714285714191e-01
6.212624584717607590e-01 1.818181818181818232e-01 1.869158878504672758e-02 3.389830508474575566e-02 4.861499181038635431e-01
6.047297297297297147e-01 0.000000000000000000e+00 0.000000000000000000e+00 0.000000000000000000e+00 4.735449735449735464e-01
9.596273291925465632e-01 8.916666666666667185e-01 1.000000000000000000e+00 9.427312775330397576e-01 9.697674418604650404e-01
9.596273291925465632e-01 8.916666666666667185e-01 1.000000000000000000e+00 9.427312775330397576e-01 9.697674418604650404e-01
9.596273291925465632e-01 8.916666666666667185e-01 1.000000000000000000e+00 9.427312775330397576e-01 9.697674418604650404e-01
9.625000000000000222e-01 8.991596638655462437e-01 1.000000000000000000e+00 9.469026548672566657e-01 9.718309859154928843e-01
6.310344827586207295e-01 5.000000000000000000e-01 8.411214953271027583e-02 1.439999999999999891e-01 5.174659108319288325e-01
9.656249999999999556e-01 9.067796610169491789e-01 1.000000000000000000e+00 9.511111111111111294e-01 9.741784037558686160e-01
4.618834080717488799e-01 0.000000000000000000e+00 0.000000000000000000e+00 0.000000000000000000e+00 4.439655172413793371e-01
5.958904109589041598e-01 0.000000000000000000e+00 0.000000000000000000e+00 0.000000000000000000e+00 4.702702702702702409e-01
6.524590163934426146e-01 5.294117647058823595e-01 8.411214953271027583e-02 1.451612903225806273e-01 5.218540545643348683e-01
5.241935483870967527e-01 0.000000000000000000e+00 0.000000000000000000e+00 0.000000000000000000e+00 4.609929078014184389e-01
6.219931271477663337e-01 4.210526315789473450e-01 7.476635514018691031e-02 1.269841269841269771e-01 5.074918732222674089e-01
9.596273291925465632e-01 8.916666666666667185e-01 1.000000000000000000e+00 9.427312775330397576e-01 9.697674418604650404e-01
9.596273291925465632e-01 8.916666666666667185e-01 1.000000000000000000e+00 9.427312775330397576e-01 9.697674418604650404e-01
6.271777003484320101e-01 5.000000000000000000e-01 9.345794392523364136e-02 1.574803149606299191e-01 5.189511941848390375e-01
5.812274368231047372e-01 0.000000000000000000e+00 0.000000000000000000e+00 0.000000000000000000e+00 4.735294117647058654e-01
5.256916996047430457e-01 0.000000000000000000e+00 0.000000000000000000e+00 0.000000000000000000e+00 4.554794520547945091e-01
6.666666666666666297e-01 6.400000000000000133e-01 1.495327102803738206e-01 2.424242424242424032e-01 5.514502929640211493e-01
6.250000000000000000e-01 1.875000000000000000e-01 2.803738317757009310e-02 4.878048780487804353e-02 4.823113745156142329e-01
7.675159235668790325e-01 8.148148148148147696e-01 4.112149532710280275e-01 5.465838509316770510e-01 6.814528872635333689e-01
6.193548387096774466e-01 0.000000000000000000e+00 0.000000000000000000e+00 0.000000000000000000e+00 4.729064039408866771e-01
6.205787781350482479e-01 0.000000000000000000e+00 0.000000000000000000e+00 0.000000000000000000e+00 4.730392156862744946e-01
9.596273291925465632e-01 8.916666666666667185e-01 1.000000000000000000e+00 9.427312775330397576e-01 9.697674418604650404e-01
9.595015576323987494e-01 8.916666666666667185e-01 1.000000000000000000e+00 9.427312775330397576e-01 9.696261682242991453e-01
7.055016181229772920e-01 7.105263157894736725e-01 2.523364485981308136e-01 3.724137931034482429e-01 5.989405015267881272e-01
