9.671052631578946901e-01 9.145299145299145005e-01 1.000000000000000000e+00 9.553571428571429047e-01 9.746192893401014468e-01
9.596273291925465632e-01 8.916666666666667185e-01 1.000000000000000000e+00 9.427312775330397576e-01 9.697674418604650404e-01
9.596273291925465632e-01 8.916666666666667185e-01 1.000000000000000000e+00 9.427312775330397576e-01 9.697674418604650404e-01
7.049180327868852514e-01 7.073170731707316694e-01 2.710280373831775447e-01 3.918918918918918859e-01 6.052109883885584685e-01
9.596273291925465632e-01 8.916666666666667185e-01 1.000000000000000000e+00 9.427312775330397576e-01 9.697674418604650404e-01
9.596273291925465632e-01 8.916666666666667185e-01 1.000000000000000000e+00 9.427312775330397576e-01 9.697674418604650404e-01
7.796052631578946901e-01 8.846153846153845812e-01 4.299065420560747586e-01 5.786163522012578442e-01 6.997248446320982751e-01
7.133550488599348371e-01 7.317073170731707155e-01 2.803738317757009102e-01 4.054054054054053724e-01 6.126869158878505139e-01
7.543252595155709450e-01 8.750000000000000000e-01 3.925233644859812965e-01 5.419354838709677935e-01 6.797781657594742510e-01
9.596273291925465632e-01 8.916666666666667185e-01 1.000000000000000000e+00 9.427312775330397576e-01 9.697674418604650404e-01
9.651898734177215555e-01 9.067796610169491789e-01 1.000000000000000000e+00 9.511111111111111294e-01 9.736842105263158187e-01
9.596273291925465632e-01 8.916666666666667185e-01 1.000000000000000000e+00 9.427312775330397576e-01 9.697674418604650404e-01
6.472491909385112985e-01 4.500000000000000111e-01 8.411214953271027583e-02 1.417322834645669272e-01 5.148283519940778374e-01
9.596273291925465632e-01 8.916666666666667185e-01 1.000000000000000000e+00 9.427312775330397576e-01 9.697674418604650404e-01
7.199999999999999734e-01 7.948717948717948234e-01 2.897196261682242757e-01 4.246575342465752634e-01 6.241344244830758781e-01
9.596273291925465632e-01 8.916666666666667185e-01 1.000000000000000000e+00 9.427312775330397576e-01 9.697674418604650404e-01
9.626168224299065379e-01 8.991596638655462437e-01 1.000000000000000000e+00 9.469026548672566657e-01 9.719626168224299034e-01
6.020066889632107454e-01 0.000000000000000000e+00 0.000000000000000000e+00 0.000000000000000000e+00 4.687500000000000000e-01
9.596273291925465632e-01 8.916666666666667185e-01 1.000000000000000000e+00 9.427312775330397576e-01 9.697674418604650404e-01
9.493670886075948889e-01 9.026548672566371279e-01 9.532710280373831724e-01 9.272727272727272485e-01 9.503197245450073494e-01
9.596273291925465632e-01 8.916666666666667185e-01 1.000000000000000000e+00 9.427312775330397576e-01 9.697674418604650404e-01
9.596273291925465632e-01 8.916666666666667185e-01 1.000000000000000000e+00 9.427312775330397576e-01 9.697674418604650404e-01
9.596273291925465632e-01 8.916666666666667185e-01 1.000000000000000000e+00 9.427312775330397576e-01 9.697674418604650404e-01
9.596273291925465632e-01 8.916666666666667185e-01 1.000000000000000000e+00 9.427312775330397576e-01 9.697674418604650404e-01
9.596273291925465632e-01 8.916666666666667185e-01 1.000000000000000000e+00 9.427312775330397576e-01 9.697674418604650404e-01
7.199999999999999734e-01 7.948717948717948234e-01 2.897196261682242757e-01 4.246575342465752634e-01 6.241344244830758781e-01
6.125827814569536622e-01 0.000000000000000000e+00 0.000000000000000000e+00 0.000000000000000000e+00 4.743589743589743390e-01
5.965517241379310054e-01 0.000000000000000000e+00 0.000000000000000000e+00 0.000000000000000000e+00 4.726775956284153257e-01
6.445182724252491724e-01 5.000000000000000000e-01 7.476635514018691031e-02 1.300813008130081161e-01 5.167646208690624965e-01
9.686520376175548064e-01 9.145299145299145005e-01 1.000000000000000000e+00 9.553571428571429047e-01 9.764150943396227023e-01
6.720779220779220520e-01 6.071428571428570953e-01 1.588785046728971861e-01 2.518518518518518268e-01 5.520760682568466304e-01
9.596273291925465632e-01 8.916666666666667185e-01 1.000000000000000000e+00 9.427312775330397576e-01 9.697674418604650404e-01
9.596273291925465632e-01 8.916666666666667185e-01 1.000000000000000000e+00 9.427312775330397576e-01 9.697674418604650404e-01
5.672727272727272618e-01 0.000000000000000000e+00 0.000000000000000000e+00 0.000000000000000000e+00 4.642857142857143016e-01
9.121621621621621712e-01 9.090909090909090606e-01 8.411214953271027861e-01 8.737864077669902363e-01 8.967512238540275016e-01
9.596273291925465632e-01 8.916666666666667185e-01 1.000000000000000000e+00 9.427312775330397576e-01 9.697674418604650404e-01
9.596273291925465632e-01 8.916666666666667185e-01 1.000000000000000000e+00 9.427312775330397576e-01 9.697674418604650404e-01
