5.627376425855513675e-01 0.000000000000000000e+00 0.000000000000000000e+00 0.000000000000000000e+00 4.743589743589743390e-01
6.487341772151898889e-01 4.090909090909091161e-01 8.411214953271027583e-02 1.395348837209302306e-01 5.109555962974555721e-01
4.663677130044843189e-01 0.000000000000000000e+00 0.000000000000000000e+00 0.000000000000000000e+00 4.482758620689655249e-01
6.047297297297297147e-01 0.000000000000000000e+00 0.000000000000000000e+00 0.000000000000000000e+00 4.735449735449735464e-01
4.571428571428571286e-01 2.666666666666666630e-01 3.738317757009345516e-02 6.557377049180326822e-02 4.652935305326195703e-01
5.904059040590405871e-01 0.000000000000000000e+00 0.000000000000000000e+00 0.000000000000000000e+00 4.878048780487804770e-01
5.655737704918032405e-01 5.333333333333333259e-01 7.476635514018691031e-02 1.311475409836065364e-01 5.118357323146189852e-01
6.741935483870967749e-01 6.250000000000000000e-01 1.401869158878504551e-01 2.290076335877862523e-01 5.479259702591960934e-01
9.596273291925465632e-01 8.916666666666667185e-01 1.000000000000000000e+00 9.427312775330397576e-01 9.697674418604650404e-01
7.679738562091503740e-01 8.214285714285713969e-01 4.299065420560747586e-01 5.644171779141103906e-01 6.898276428873338917e-01
8.114478114478114179e-01 9.047619047619047672e-01 5.327102803738317238e-01 6.705882352941175961e-01 7.505656665027052865e-01
9.093851132686083805e-01 9.157894736842104866e-01 8.130841121495326895e-01 8.613861386138613740e-01 8.867400758767465252e-01
8.078175895765472569e-01 8.333333333333333703e-01 5.607476635514018204e-01 6.703910614525139255e-01 7.503738317757009391e-01
9.478827361563517684e-01 9.174311926605505096e-01 9.345794392523364413e-01 9.259259259259260411e-01 9.447897196261683117e-01
9.596273291925465632e-01 8.916666666666667185e-01 1.000000000000000000e+00 9.427312775330397576e-01 9.697674418604650404e-01
5.756457564575645502e-01 0.000000000000000000e+00 0.000000000000000000e+00 0.000000000000000000e+00 4.756097560975609539e-01
5.687732342007435493e-01 0.000000000000000000e+00 0.000000000000000000e+00 0.000000000000000000e+00 4.722222222222222099e-01
5.486381322957198936e-01 0.000000000000000000e+00 0.000000000000000000e+00 0.000000000000000000e+00 4.699999999999999734e-01
4.278846153846153633e-01 0.000000000000000000e+00 0.000000000000000000e+00 0.000000000000000000e+00 4.405940594059405968e-01
7.377622377622378158e-01 8.478260869565217295e-01 3.644859813084111999e-01 5.098039215686274161e-01 6.626899180285072966e-01
9.426751592356688025e-01 9.158878504672897103e-01 9.158878504672897103e-01 9.158878504672897103e-01 9.362047947988622054e-01
5.362903225806451291e-01 0.000000000000000000e+00 0.000000000000000000e+00 0.000000000000000000e+00 4.716312056737588798e-01
6.983606557377048940e-01 7.272727272727272929e-01 2.242990654205607448e-01 3.428571428571428603e-01 5.894222599830076792e-01
8.547854785478548045e-01 8.539325842696628976e-01 7.102803738317756688e-01 7.755102040816326259e-01 8.219769216097653208e-01
9.478827361563517684e-01 9.174311926605505096e-01 9.345794392523364413e-01 9.259259259259260411e-01 9.447897196261683117e-01
9.596273291925465632e-01 8.916666666666667185e-01 1.000000000000000000e+00 9.427312775330397576e-01 9.697674418604650404e-01
5.296442687747036082e-01 0.000000000000000000e+00 0.000000000000000000e+00 0.000000000000000000e+00 4.589041095890410982e-01
5.952380952380952328e-01 0.000000000000000000e+00 0.000000000000000000e+00 0.000000000000000000e+00 4.679144385026737796e-01
5.760869565217391353e-01 0.000000000000000000e+00 0.000000000000000000e+00 0.000000000000000000e+00 4.704142011834319681e-01
5.625000000000000000e-01 2.727272727272727071e-01 2.803738317757009310e-02 5.084745762711864042e-02 4.871730540048923586e-01
5.772357723577236088e-01 6.153846153846154188e-01 7.476635514018691031e-02 1.333333333333333315e-01 5.193975660593020960e-01
5.913978494623656212e-01 0.000000000000000000e+00 0.000000000000000000e+00 0.000000000000000000e+00 4.796511627906976938e-01
9.417475728155340065e-01 9.158878504672897103e-01 9.158878504672897103e-01 9.158878504672897103e-01 9.356666975108725026e-01
7.361563517915309385e-01 7.954545454545454142e-01 3.271028037383177378e-01 4.635761589403973315e-01 6.410514018691588767e-01
4.826086956521739024e-01 0.000000000000000000e+00 0.000000000000000000e+00 0.000000000000000000e+00 4.512195121951219634e-01
5.538461538461538769e-01 0.000000000000000000e+00 0.000000000000000000e+00 0.000000000000000000e+00 4.705882352941176405e-01
6.301369863013698280e-01 4.736842105263157632e-01 8.411214953271027583e-02 1.428571428571428492e-01 5.150290477393281163e-01
