5.217391304347825942e-01 0.000000000000000000e+00 0.000000000000000000e+00 0.000000000000000000e+00 3.906976744186046457e-01
5.217391304347825942e-01 0.000000000000000000e+00 0.000000000000000000e+00 0.000000000000000000e+00 3.906976744186046457e-01
5.217391304347825942e-01 0.000000000000000000e+00 0.000000000000000000e+00 0.000000000000000000e+00 3.906976744186046457e-01
8.566978193146417286e-01 6.993464052287581278e-01 1.000000000000000000e+00 8.230769230769230393e-01 8.925233644859812410e-01
8.593750000000000000e-01 7.039473684210526550e-01 1.000000000000000000e+00 8.262548262548262690e-01 8.943661971830986213e-01
5.478547854785478233e-01 3.125000000000000000e-02 9.345794392523363789e-03 1.438848920863309254e-02 4.255912645432003982e-01
8.928571428571429047e-01 7.642857142857142350e-01 1.000000000000000000e+00 8.663967611336031993e-01 9.179104477611940149e-01
5.784313725490196623e-01 2.500000000000000000e-01 1.028037383177570069e-01 1.456953642384105907e-01 4.684872962945569319e-01
5.217391304347825942e-01 0.000000000000000000e+00 0.000000000000000000e+00 0.000000000000000000e+00 3.906976744186046457e-01
8.785942492012779326e-01 7.379310344827586521e-01 1.000000000000000000e+00 8.492063492063492980e-01 9.077669902912620659e-01
5.217391304347825942e-01 0.000000000000000000e+00 0.000000000000000000e+00 0.000000000000000000e+00 3.906976744186046457e-01
7.791798107255520911e-01 6.528925619834711203e-01 7.383177570093457653e-01 6.929824561403509220e-01 7.691588785046729049e-01
5.217391304347825942e-01 0.000000000000000000e+00 0.000000000000000000e+00 0.000000000000000000e+00 3.906976744186046457e-01
5.217391304347825942e-01 0.000000000000000000e+00 0.000000000000000000e+00 0.000000000000000000e+00 3.906976744186046457e-01
8.566978193146417286e-01 6.993464052287581278e-01 1.000000000000000000e+00 8.230769230769230393e-01 8.925233644859812410e-01
8.675078864353312769e-01 7.181208053691274795e-01 1.000000000000000000e+00 8.359375000000000000e-01 9.000000000000000222e-01
8.566978193146417286e-01 6.993464052287581278e-01 1.000000000000000000e+00 8.230769230769230393e-01 8.925233644859812410e-01
8.675078864353312769e-01 7.181208053691274795e-01 1.000000000000000000e+00 8.359375000000000000e-01 9.000000000000000222e-01
5.348101265822784445e-01 2.380952380952380820e-02 9.345794392523363789e-03 1.342281879194630670e-02 4.065867727943477394e-01
5.217391304347825942e-01 0.000000000000000000e+00 0.000000000000000000e+00 0.000000000000000000e+00 3.906976744186046457e-01
5.394321766561513964e-01 6.666666666666666574e-02 2.803738317757009310e-02 3.947368421052631360e-02 4.140186915887850150e-01
8.566978193146417286e-01 6.993464052287581278e-01 1.000000000000000000e+00 8.230769230769230393e-01 8.925233644859812410e-01
5.217391304347825942e-01 0.000000000000000000e+00 0.000000000000000000e+00 0.000000000000000000e+00 3.906976744186046457e-01
5.217391304347825942e-01 0.000000000000000000e+00 0.000000000000000000e+00 0.000000000000000000e+00 3.906976744186046457e-01
5.217391304347825942e-01 0.000000000000000000e+00 0.000000000000000000e+00 0.000000000000000000e+00 3.906976744186046457e-01
8.566978193146417286e-01 6.993464052287581278e-01 1.000000000000000000e+00 8.230769230769230393e-01 8.925233644859812410e-01
5.217391304347825942e-01 0.000000000000000000e+00 0.000000000000000000e+00 0.000000000000000000e+00 3.906976744186046457e-01
5.333333333333333259e-01 0.000000000000000000e+00 0.000000000000000000e+00 0.000000000000000000e+00 4.038461538461538547e-01
5.335463258785942964e-01 2.439024390243902524e-02 9.345794392523363789e-03 1.351351351351351079e-02 4.075855185554849158e-01
5.217391304347825942e-01 0.000000000000000000e+00 0.000000000000000000e+00 0.000000000000000000e+00 3.906976744186046457e-01
5.217391304347825942e-01 0.000000000000000000e+00 0.000000000000000000e+00 0.000000000000000000e+00 3.906976744186046457e-01
9.136212624584717501e-01 8.045112781954887327e-01 1.000000000000000000e+00 8.916666666666667185e-01 9.329896907216495006e-01
5.217391304347825942e-01 0.000000000000000000e+00 0.000000000000000000e+00 0.000000000000000000e+00 3.906976744186046457e-01
8.166666666666666519e-01 7.452830188679244738e-01 7.383177570093457653e-01 7.417840375586854940e-01 7.992106919761754469e-01
8.540372670807453437e-01 6.948051948051947591e-01 1.000000000000000000e+00 8.199233716475095024e-01 8.906976744186045902e-01
8.566978193146417286e-01 6.993464052287581278e-01 1.000000000000000000e+00 8.230769230769230393e-01 8.925233644859812410e-01
5.283018867924528239e-01 0.000000000000000000e+00 0.000000000000000000e+00 0.000000000000000000e+00 3.981042654028436045e-01
