8.730158730158730229e-01 7.278911564625850650e-01 1.000000000000000000e+00 8.425196850393700254e-01 9.038461538461538547e-01
7.304075235109718234e-01 5.945945945945946276e-01 6.168224299065420135e-01 6.055045871559632253e-01 7.022791394815728339e-01
8.730158730158730229e-01 7.278911564625850650e-01 1.000000000000000000e+00 8.425196850393700254e-01 9.038461538461538547e-01
5.217391304347825942e-01 0.000000000000000000e+00 0.000000000000000000e+00 0.000000000000000000e+00 3.906976744186046457e-01
5.266457680250783424e-01 2.173913043478260809e-02 9.345794392523363789e-03 1.307189542483659823e-02 3.985408217245635654e-01
8.566978193146417286e-01 6.993464052287581278e-01 1.000000000000000000e+00 8.230769230769230393e-01 8.925233644859812410e-01
5.217391304347825942e-01 0.000000000000000000e+00 0.000000000000000000e+00 0.000000000000000000e+00 3.906976744186046457e-01
5.217391304347825942e-01 0.000000000000000000e+00 0.000000000000000000e+00 0.000000000000000000e+00 3.906976744186046457e-01
5.910543130990415506e-01 3.090909090909090828e-01 1.588785046728971861e-01 2.098765432098765316e-01 4.872062426277106728e-01
8.675078864353312769e-01 7.181208053691274795e-01 1.000000000000000000e+00 8.359375000000000000e-01 9.000000000000000222e-01
5.217391304347825942e-01 0.000000000000000000e+00 0.000000000000000000e+00 0.000000000000000000e+00 3.906976744186046457e-01
5.217391304347825942e-01 0.000000000000000000e+00 0.000000000000000000e+00 0.000000000000000000e+00 3.906976744186046457e-01
8.540372670807453437e-01 6.948051948051947591e-01 1.000000000000000000e+00 8.199233716475095024e-01 8.906976744186045902e-01
8.540372670807453437e-01 6.948051948051947591e-01 1.000000000000000000e+00 8.199233716475095024e-01 8.906976744186045902e-01
5.217391304347825942e-01 0.000000000000000000e+00 0.000000000000000000e+00 0.000000000000000000e+00 3.906976744186046457e-01
8.730158730158730229e-01 7.278911564625850650e-01 1.000000000000000000e+00 8.425196850393700254e-01 9.038461538461538547e-01
8.317460317460317887e-01 6.956521739130434590e-01 8.971962616822429792e-01 7.836734693877550617e-01 8.476365923795832202e-01
8.593750000000000000e-01 7.039473684210526550e-01 1.000000000000000000e+00 8.262548262548262690e-01 8.943661971830986213e-01
8.785942492012779326e-01 7.379310344827586521e-01 1.000000000000000000e+00 8.492063492063492980e-01 9.077669902912620659e-01
5.217391304347825942e-01 0.000000000000000000e+00 0.000000000000000000e+00 0.000000000000000000e+00 3.906976744186046457e-01
8.422712933753943032e-01 7.021276595744680993e-01 9.252336448598130758e-01 7.983870967741936164e-01 8.626168224299065601e-01
7.523809523809523725e-01 6.306306306306306286e-01 6.542056074766354756e-01 6.422018348623852457e-01 7.285451114306253917e-01
7.111111111111111382e-01 5.833333333333333703e-01 5.233644859813083583e-01 5.517241379310344751e-01 6.655283968368080894e-01
5.301587301587301626e-01 2.325581395348837177e-02 9.345794392523363789e-03 1.333333333333333245e-02 4.037113587347231913e-01
8.540372670807453437e-01 6.948051948051947591e-01 1.000000000000000000e+00 8.199233716475095024e-01 8.906976744186045902e-01
5.217391304347825942e-01 0.000000000000000000e+00 0.000000000000000000e+00 0.000000000000000000e+00 3.906976744186046457e-01
5.217391304347825942e-01 0.000000000000000000e+00 0.000000000000000000e+00 0.000000000000000000e+00 3.906976744186046457e-01
5.217391304347825942e-01 0.000000000000000000e+00 0.000000000000000000e+00 0.000000000000000000e+00 3.906976744186046457e-01
5.333333333333333259e-01 0.000000000000000000e+00 0.000000000000000000e+00 0.000000000000000000e+00 4.038461538461538547e-01
8.730158730158730229e-01 7.278911564625850650e-01 1.000000000000000000e+00 8.425196850393700254e-01 9.038461538461538547e-01
5.217391304347825942e-01 0.000000000000000000e+00 0.000000000000000000e+00 0.000000000000000000e+00 3.906976744186046457e-01
5.266457680250783424e-01 2.173913043478260809e-02 9.345794392523363789e-03 1.307189542483659823e-02 3.985408217245635654e-01
5.439739413680781954e-01 7.692307692307692735e-02 2.803738317757009310e-02 4.109589041095890877e-02 4.240186915887850239e-01
5.399361022364217444e-01 6.976744186046511531e-02 2.803738317757009310e-02 4.000000000000000083e-02 4.169313129480082813e-01
5.217391304347825942e-01 0.000000000000000000e+00 0.000000000000000000e+00 0.000000000000000000e+00 3.906976744186046457e-01
8.675078864353312769e-01 7.181208053691274795e-01 1.000000000000000000e+00 8.359375000000000000e-01 9.000000000000000222e-01
8.675078864353312769e-01 7.181208053691274795e-01 1.000000000000000000e+00 8.359375000000000000e-01 9.000000000000000222e-01
