5.310559006211179600e-01 0.000000000000000000e+00 0.000000000000000000e+00 0.000000000000000000e+00 3.976744186046511365e-01
5.345911949685534514e-01 0.000000000000000000e+00 0.000000000000000000e+00 0.000000000000000000e+00 4.028436018957345932e-01
5.728813559322033511e-01 4.761904761904761640e-02 9.345794392523363789e-03 1.562499999999999827e-02 4.514814078345594783e-01
8.938906752411575063e-01 7.642857142857142350e-01 1.000000000000000000e+00 8.663967611336031993e-01 9.191176470588235947e-01
9.297658862876254648e-01 8.359375000000000000e-01 1.000000000000000000e+00 9.106382978723404076e-01 9.453125000000000000e-01
5.752508361204012877e-01 4.545454545454545581e-02 9.345794392523363789e-03 1.550387596899224611e-02 4.499853971962616273e-01
9.084967320261437829e-01 7.925925925925926263e-01 1.000000000000000000e+00 8.842975206611569661e-01 9.296482412060301792e-01
8.853503184713376051e-01 7.482517482517482277e-01 1.000000000000000000e+00 8.559999999999999831e-01 9.130434782608696231e-01
5.310559006211179600e-01 0.000000000000000000e+00 0.000000000000000000e+00 0.000000000000000000e+00 3.976744186046511365e-01
8.853503184713376051e-01 7.482517482517482277e-01 1.000000000000000000e+00 8.559999999999999831e-01 9.130434782608696231e-01
5.310559006211179600e-01 0.000000000000000000e+00 0.000000000000000000e+00 0.000000000000000000e+00 3.976744186046511365e-01
8.996763754045307149e-01 7.753623188405797118e-01 1.000000000000000000e+00 8.734693877551020780e-01 9.232673267326731992e-01
5.310559006211179600e-01 0.000000000000000000e+00 0.000000000000000000e+00 0.000000000000000000e+00 3.976744186046511365e-01
5.445859872611464869e-01 0.000000000000000000e+00 0.000000000000000000e+00 0.000000000000000000e+00 4.130434782608695676e-01
8.825396825396825129e-01 7.430555555555555802e-01 1.000000000000000000e+00 8.525896414342629681e-01 9.110576923076922906e-01
5.592105263157894912e-01 3.448275862068965469e-02 9.345794392523363789e-03 1.470588235294117453e-02 4.336069073485459002e-01
8.714733542319749171e-01 7.229729729729730270e-01 1.000000000000000000e+00 8.392156862745098200e-01 9.033018867924528239e-01
9.055374592833875802e-01 7.867647058823529216e-01 1.000000000000000000e+00 8.806584362139917577e-01 9.274999999999999911e-01
5.477707006369426646e-01 2.702702702702702853e-02 9.345794392523363789e-03 1.388888888888888638e-02 4.177163754571311949e-01
5.408805031446540790e-01 2.439024390243902524e-02 9.345794392523363789e-03 1.351351351351351079e-02 4.098861673384417426e-01
5.551948051948052409e-01 5.882352941176470507e-02 1.869158878504672758e-02 2.836879432624113059e-02 4.297438043427721510e-01
8.742138364779874493e-01 7.278911564625850650e-01 1.000000000000000000e+00 8.425196850393700254e-01 9.052132701421801153e-01
5.310559006211179600e-01 0.000000000000000000e+00 0.000000000000000000e+00 0.000000000000000000e+00 3.976744186046511365e-01
5.606557377049180557e-01 3.448275862068965469e-02 9.345794392523363789e-03 1.470588235294117453e-02 4.339658264891909090e-01
5.445859872611464869e-01 0.000000000000000000e+00 0.000000000000000000e+00 0.000000000000000000e+00 4.130434782608695676e-01
8.825396825396825129e-01 7.430555555555555802e-01 1.000000000000000000e+00 8.525896414342629681e-01 9.110576923076922906e-01
5.379746835443037778e-01 0.000000000000000000e+00 0.000000000000000000e+00 0.000000000000000000e+00 4.066985645933014482e-01
5.915032679738562171e-01 2.857142857142856984e-01 1.121495327102803724e-01 1.610738255033556943e-01 4.806978819330296471e-01
5.498392282958198818e-01 0.000000000000000000e+00 0.000000000000000000e+00 0.000000000000000000e+00 4.191176470588235392e-01
5.310559006211179600e-01 0.000000000000000000e+00 0.000000000000000000e+00 0.000000000000000000e+00 3.976744186046511365e-01
5.310559006211179600e-01 0.000000000000000000e+00 0.000000000000000000e+00 0.000000000000000000e+00 3.976744186046511365e-01
9.084967320261437829e-01 7.925925925925926263e-01 1.000000000000000000e+00 8.842975206611569661e-01 9.296482412060301792e-01
5.396825396825396526e-01 0.000000000000000000e+00 0.000000000000000000e+00 0.000000000000000000e+00 4.086538461538461453e-01
8.127090301003344619e-01 7.684210526315788936e-01 6.822429906542055722e-01 7.227722772277226371e-01 7.838298286604361564e-01
8.687500000000000222e-01 7.181208053691274795e-01 1.000000000000000000e+00 8.359375000000000000e-01 9.014084507042253724e-01
8.742138364779874493e-01 7.278911564625850650e-01 1.000000000000000000e+00 8.425196850393700254e-01 9.052132701421801153e-01
6.141479099678456288e-01 3.773584905660377631e-01 1.869158878504672827e-01 2.500000000000000000e-01 5.125755909840572500e-01
