8.825396825396825129e-01 7.430555555555555802e-01 1.000000000000000000e+00 8.525896414342629681e-01 9.110576923076922906e-01
5.916955017301037678e-01 1.333333333333333315e-01 1.869158878504672758e-02 3.278688524590163411e-02 4.736315086782376671e-01
8.742138364779874493e-01 7.278911564625850650e-01 1.000000000000000000e+00 8.425196850393700254e-01 9.052132701421801153e-01
5.310559006211179600e-01 0.000000000000000000e+00 0.000000000000000000e+00 0.000000000000000000e+00 3.976744186046511365e-01
5.445859872611464869e-01 0.000000000000000000e+00 0.000000000000000000e+00 0.000000000000000000e+00 4.130434782608695676e-01
8.938906752411575063e-01 7.642857142857142350e-01 1.000000000000000000e+00 8.663967611336031993e-01 9.191176470588235947e-01
5.360501567398119338e-01 2.325581395348837177e-02 9.345794392523363789e-03 1.333333333333333245e-02 4.056162934226767436e-01
5.411392405063291111e-01 0.000000000000000000e+00 0.000000000000000000e+00 0.000000000000000000e+00 4.090909090909090606e-01
5.757575757575758013e-01 4.761904761904761640e-02 9.345794392523363789e-03 1.562499999999999827e-02 4.520413182488932091e-01
8.910256410256410797e-01 7.588652482269503396e-01 1.000000000000000000e+00 8.629032258064516236e-01 9.170731707317072434e-01
5.310559006211179600e-01 0.000000000000000000e+00 0.000000000000000000e+00 0.000000000000000000e+00 3.976744186046511365e-01
5.530546623794212469e-01 2.941176470588235253e-02 9.345794392523363789e-03 1.418439716312056530e-02 4.237905442550851665e-01
8.938906752411575063e-01 7.642857142857142350e-01 1.000000000000000000e+00 8.663967611336031993e-01 9.191176470588235947e-01
8.633540372670807095e-01 7.086092715231787631e-01 1.000000000000000000e+00 8.294573643410853014e-01 8.976744186046511365e-01
5.310559006211179600e-01 0.000000000000000000e+00 0.000000000000000000e+00 0.000000000000000000e+00 3.976744186046511365e-01
9.055374592833875802e-01 7.867647058823529216e-01 1.000000000000000000e+00 8.806584362139917577e-01 9.274999999999999911e-01
8.013029315960912280e-01 7.169811320754716499e-01 7.102803738317756688e-01 7.136150234741782672e-01 7.801401869158878233e-01
8.853503184713376051e-01 7.482517482517482277e-01 1.000000000000000000e+00 8.559999999999999831e-01 9.130434782608696231e-01
8.753993610223642641e-01 7.428571428571428825e-01 9.719626168224299034e-01 8.421052631578946901e-01 8.986026676345159059e-01
5.408805031446540790e-01 2.439024390243902524e-02 9.345794392523363789e-03 1.351351351351351079e-02 4.098861673384417426e-01
5.681818181818182323e-01 1.176470588235294101e-01 3.738317757009345516e-02 5.673758865248226119e-02 4.440647231134049466e-01
5.501618122977346426e-01 5.555555555555555247e-02 1.869158878504672758e-02 2.797202797202797200e-02 4.251873785509391879e-01
6.102236421725240056e-01 3.636363636363636465e-01 1.869158878504672827e-01 2.469135802469135665e-01 5.085064876145539703e-01
5.445859872611464869e-01 2.631578947368420907e-02 9.345794392523363789e-03 1.379310344827586188e-02 4.153009165199331720e-01
8.633540372670807095e-01 7.086092715231787631e-01 1.000000000000000000e+00 8.294573643410853014e-01 8.976744186046511365e-01
5.310559006211179600e-01 0.000000000000000000e+00 0.000000000000000000e+00 0.000000000000000000e+00 3.976744186046511365e-01
5.310559006211179600e-01 0.000000000000000000e+00 0.000000000000000000e+00 0.000000000000000000e+00 3.976744186046511365e-01
5.310559006211179600e-01 0.000000000000000000e+00 0.000000000000000000e+00 0.000000000000000000e+00 3.976744186046511365e-01
5.498392282958198818e-01 0.000000000000000000e+00 0.000000000000000000e+00 0.000000000000000000e+00 4.191176470588235392e-01
8.881789137380191601e-01 7.535211267605633756e-01 1.000000000000000000e+00 8.594377510040159818e-01 9.150485436893203151e-01
5.310559006211179600e-01 0.000000000000000000e+00 0.000000000000000000e+00 0.000000000000000000e+00 3.976744186046511365e-01
5.477707006369426646e-01 2.702702702702702853e-02 9.345794392523363789e-03 1.388888888888888638e-02 4.177163754571311949e-01
5.537459283387622389e-01 3.125000000000000000e-02 9.345794392523363789e-03 1.438848920863309254e-02 4.271728971962616139e-01
5.530546623794212469e-01 2.941176470588235253e-02 9.345794392523363789e-03 1.418439716312056530e-02 4.237905442550851665e-01
5.310559006211179600e-01 0.000000000000000000e+00 0.000000000000000000e+00 0.000000000000000000e+00 3.976744186046511365e-01
8.797468354430380000e-01 7.379310344827586521e-01 1.000000000000000000e+00 8.492063492063492980e-01 9.090909090909090606e-01
8.633540372670807095e-01 7.086092715231787631e-01 1.000000000000000000e+00 8.294573643410853014e-01 8.976744186046511365e-01
