5.411392405063291111e-01 0.000000000000000000e+00 0.000000000000000000e+00 0.000000000000000000e+00 4.090909090909090606e-01
8.742138364779874493e-01 7.278911564625850650e-01 1.000000000000000000e+00 8.425196850393700254e-01 9.052132701421801153e-01
9.084967320261437829e-01 7.925925925925926263e-01 1.000000000000000000e+00 8.842975206611569661e-01 9.296482412060301792e-01
6.977491961414791222e-01 5.822784810126582222e-01 4.299065420560747586e-01 4.946236559139784439e-01 6.340709180868608907e-01
5.310559006211179600e-01 0.000000000000000000e+00 0.000000000000000000e+00 0.000000000000000000e+00 3.976744186046511365e-01
5.824915824915825047e-01 1.304347826086956486e-01 2.803738317757009310e-02 4.615384615384614947e-02 4.613871126414165746e-01
5.310559006211179600e-01 0.000000000000000000e+00 0.000000000000000000e+00 0.000000000000000000e+00 3.976744186046511365e-01
5.498392282958198818e-01 0.000000000000000000e+00 0.000000000000000000e+00 0.000000000000000000e+00 4.191176470588235392e-01
9.084967320261437829e-01 7.925925925925926263e-01 1.000000000000000000e+00 8.842975206611569661e-01 9.296482412060301792e-01
8.910256410256410797e-01 7.588652482269503396e-01 1.000000000000000000e+00 8.629032258064516236e-01 9.170731707317072434e-01
8.853503184713376051e-01 7.482517482517482277e-01 1.000000000000000000e+00 8.559999999999999831e-01 9.130434782608696231e-01
8.938906752411575063e-01 7.642857142857142350e-01 1.000000000000000000e+00 8.663967611336031993e-01 9.191176470588235947e-01
7.667731629392970927e-01 6.603773584905660021e-01 6.542056074766354756e-01 6.572769953051643688e-01 7.397241629616185810e-01
5.474683544303797778e-01 7.142857142857142461e-02 2.803738317757009310e-02 4.026845637583892357e-02 4.207172561820864409e-01
8.797468354430380000e-01 7.379310344827586521e-01 1.000000000000000000e+00 8.492063492063492980e-01 9.090909090909090606e-01
5.310559006211179600e-01 0.000000000000000000e+00 0.000000000000000000e+00 0.000000000000000000e+00 3.976744186046511365e-01
5.310559006211179600e-01 0.000000000000000000e+00 0.000000000000000000e+00 0.000000000000000000e+00 3.976744186046511365e-01
8.881789137380191601e-01 7.535211267605633756e-01 1.000000000000000000e+00 8.594377510040159818e-01 9.150485436893203151e-01
7.967741935483870774e-01 6.964285714285713969e-01 7.289719626168223998e-01 7.123287671232876317e-01 7.807421389438791159e-01
9.084967320261437829e-01 7.925925925925926263e-01 1.000000000000000000e+00 8.842975206611569661e-01 9.296482412060301792e-01
8.967741935483870552e-01 7.697841726618704916e-01 1.000000000000000000e+00 8.699186991869918284e-01 9.211822660098522020e-01
5.310559006211179600e-01 0.000000000000000000e+00 0.000000000000000000e+00 0.000000000000000000e+00 3.976744186046511365e-01
5.498392282958198818e-01 0.000000000000000000e+00 0.000000000000000000e+00 0.000000000000000000e+00 4.191176470588235392e-01
7.738853503184713878e-01 6.636363636363636909e-01 6.822429906542055722e-01 6.728110599078340748e-01 7.517495146507743309e-01
5.474683544303797778e-01 7.142857142857142461e-02 2.803738317757009310e-02 4.026845637583892357e-02 4.207172561820864409e-01
8.797468354430380000e-01 7.379310344827586521e-01 1.000000000000000000e+00 8.492063492063492980e-01 9.090909090909090606e-01
5.310559006211179600e-01 0.000000000000000000e+00 0.000000000000000000e+00 0.000000000000000000e+00 3.976744186046511365e-01
5.310559006211179600e-01 0.000000000000000000e+00 0.000000000000000000e+00 0.000000000000000000e+00 3.976744186046511365e-01
5.310559006211179600e-01 0.000000000000000000e+00 0.000000000000000000e+00 0.000000000000000000e+00 3.976744186046511365e-01
5.652173913043477826e-01 4.000000000000000083e-02 9.345794392523363789e-03 1.515151515151515020e-02 4.421728971962616273e-01
5.329153605015674033e-01 0.000000000000000000e+00 0.000000000000000000e+00 0.000000000000000000e+00 4.009433962264150608e-01
5.445859872611464869e-01 2.631578947368420907e-02 9.345794392523363789e-03 1.379310344827586188e-02 4.153009165199331720e-01
8.742138364779874493e-01 7.278911564625850650e-01 1.000000000000000000e+00 8.425196850393700254e-01 9.052132701421801153e-01
8.910256410256410797e-01 7.588652482269503396e-01 1.000000000000000000e+00 8.629032258064516236e-01 9.170731707317072434e-01
5.379746835443037778e-01 0.000000000000000000e+00 0.000000000000000000e+00 0.000000000000000000e+00 4.066985645933014482e-01
5.463258785942491924e-01 0.000000000000000000e+00 0.000000000000000000e+00 0.000000000000000000e+00 4.150485436893203706e-01
5.463258785942491924e-01 0.000000000000000000e+00 0.000000000000000000e+00 0.000000000000000000e+00 4.150485436893203706e-01
