9.565217391304348116e-01 8.842975206611570771e-01 1.000000000000000000e+00 9.385964912280702066e-01 9.674418604651162656e-01
9.565217391304348116e-01 8.842975206611570771e-01 1.000000000000000000e+00 9.385964912280702066e-01 9.674418604651162656e-01
9.565217391304348116e-01 8.842975206611570771e-01 1.000000000000000000e+00 9.385964912280702066e-01 9.674418604651162656e-01
6.184210526315789824e-01 2.000000000000000111e-01 2.803738317757009310e-02 4.918032786885245811e-02 4.835618387969068399e-01
9.565217391304348116e-01 8.842975206611570771e-01 1.000000000000000000e+00 9.385964912280702066e-01 9.674418604651162656e-01
9.565217391304348116e-01 8.842975206611570771e-01 1.000000000000000000e+00 9.385964912280702066e-01 9.674418604651162656e-01
9.593749999999999778e-01 8.916666666666667185e-01 1.000000000000000000e+00 9.427312775330397576e-01 9.694835680751173745e-01
9.595015576323987494e-01 8.916666666666667185e-01 1.000000000000000000e+00 9.427312775330397576e-01 9.696261682242991453e-01
9.591194968553459210e-01 9.051724137931034253e-01 9.813084112149532690e-01 9.417040358744394046e-01 9.645878548965761690e-01
9.565217391304348116e-01 8.842975206611570771e-01 1.000000000000000000e+00 9.385964912280702066e-01 9.674418604651162656e-01
8.557993730407523758e-01 8.505747126436781214e-01 6.915887850467289377e-01 7.628865979381442841e-01 8.151340151648738264e-01
9.565217391304348116e-01 8.842975206611570771e-01 1.000000000000000000e+00 9.385964912280702066e-01 9.674418604651162656e-01
6.835443037974683334e-01 6.129032258064516236e-01 1.775700934579439172e-01 2.753623188405797118e-01 5.600769127576800122e-01
9.565217391304348116e-01 8.842975206611570771e-01 1.000000000000000000e+00 9.385964912280702066e-01 9.674418604651162656e-01
6.122448979591836871e-01 0.000000000000000000e+00 0.000000000000000000e+00 0.000000000000000000e+00 4.812834224598930288e-01
9.565217391304348116e-01 8.842975206611570771e-01 1.000000000000000000e+00 9.385964912280702066e-01 9.674418604651162656e-01
9.470404984423675954e-01 8.879310344827586743e-01 9.626168224299065379e-01 9.237668161434977598e-01 9.509345794392524143e-01
9.409836065573770059e-01 9.238095238095238582e-01 9.065420560747663448e-01 9.150943396226416393e-01 9.330690078353629513e-01
9.565217391304348116e-01 8.842975206611570771e-01 1.000000000000000000e+00 9.385964912280702066e-01 9.674418604651162656e-01
7.019867549668874496e-01 7.297297297297297147e-01 2.523364485981308136e-01 3.749999999999999445e-01 6.005271986580397181e-01
9.565217391304348116e-01 8.842975206611570771e-01 1.000000000000000000e+00 9.385964912280702066e-01 9.674418604651162656e-01
9.565217391304348116e-01 8.842975206611570771e-01 1.000000000000000000e+00 9.385964912280702066e-01 9.674418604651162656e-01
9.565217391304348116e-01 8.842975206611570771e-01 1.000000000000000000e+00 9.385964912280702066e-01 9.674418604651162656e-01
9.463722397476340698e-01 8.813559322033898136e-01 9.719626168224299034e-01 9.244444444444444020e-01 9.526479750778816813e-01
9.565217391304348116e-01 8.842975206611570771e-01 1.000000000000000000e+00 9.385964912280702066e-01 9.674418604651162656e-01
6.122448979591836871e-01 0.000000000000000000e+00 0.000000000000000000e+00 0.000000000000000000e+00 4.812834224598930288e-01
6.153846153846154188e-01 0.000000000000000000e+00 0.000000000000000000e+00 0.000000000000000000e+00 4.682926829268292401e-01
6.107382550335570537e-01 0.000000000000000000e+00 0.000000000000000000e+00 0.000000000000000000e+00 4.764397905759162333e-01
5.719424460431654644e-01 0.000000000000000000e+00 0.000000000000000000e+00 0.000000000000000000e+00 4.649122807017543879e-01
9.565217391304348116e-01 8.842975206611570771e-01 1.000000000000000000e+00 9.385964912280702066e-01 9.674418604651162656e-01
7.373417721518987777e-01 7.608695652173913526e-01 3.271028037383177378e-01 4.575163398692810302e-01 6.372356123954747709e-01
9.565217391304348116e-01 8.842975206611570771e-01 1.000000000000000000e+00 9.385964912280702066e-01 9.674418604651162656e-01
9.595015576323987494e-01 8.916666666666667185e-01 1.000000000000000000e+00 9.427312775330397576e-01 9.696261682242991453e-01
5.759717314487632356e-01 0.000000000000000000e+00 0.000000000000000000e+00 0.000000000000000000e+00 4.630681818181818232e-01
7.574750830564783710e-01 7.931034482758620996e-01 4.299065420560747586e-01 5.575757575757576134e-01 6.840254359764910141e-01
8.691588785046728827e-01 8.571428571428570953e-01 7.289719626168223998e-01 7.878787878787878451e-01 8.341121495327101787e-01
9.565217391304348116e-01 8.842975206611570771e-01 1.000000000000000000e+00 9.385964912280702066e-01 9.674418604651162656e-01
