5.746268656716417844e-01 0.000000000000000000e+00 0.000000000000000000e+00 0.000000000000000000e+00 4.782608695652174058e-01
5.940959409594095408e-01 0.000000000000000000e+00 0.000000000000000000e+00 0.000000000000000000e+00 4.908536585365853577e-01
6.238244514106583427e-01 0.000000000000000000e+00 0.000000000000000000e+00 0.000000000000000000e+00 4.693396226415094130e-01
7.124183006535947937e-01 7.435897435897436125e-01 2.710280373831775447e-01 3.972602739726027177e-01 6.103883905508852292e-01
6.688963210702341122e-01 6.538461538461538547e-01 1.588785046728971861e-01 2.556390977443608881e-01 5.560017523364485514e-01
6.261980830670926812e-01 0.000000000000000000e+00 0.000000000000000000e+00 0.000000000000000000e+00 4.757281553398058360e-01
6.942675159235668358e-01 6.774193548387096309e-01 1.962616822429906482e-01 3.043478260869565410e-01 5.739762517495146099e-01
6.176470588235294379e-01 0.000000000000000000e+00 0.000000000000000000e+00 0.000000000000000000e+00 4.748743718592964846e-01
5.734767025089605452e-01 0.000000000000000000e+00 0.000000000000000000e+00 0.000000000000000000e+00 4.651162790697674354e-01
9.565217391304348116e-01 8.842975206611570771e-01 1.000000000000000000e+00 9.385964912280702066e-01 9.674418604651162656e-01
5.601503759398496207e-01 0.000000000000000000e+00 0.000000000000000000e+00 0.000000000000000000e+00 4.685534591194968623e-01
6.412698412698413231e-01 2.857142857142856984e-01 3.738317757009345516e-02 6.611570247933883093e-02 4.946531272465851670e-01
7.109634551495016552e-01 7.500000000000000000e-01 2.803738317757009102e-01 4.081632653061223470e-01 6.144137200115618036e-01
9.595015576323987494e-01 8.916666666666667185e-01 1.000000000000000000e+00 9.427312775330397576e-01 9.696261682242991453e-01
6.822429906542055722e-01 5.757575757575758013e-01 1.775700934579439172e-01 2.714285714285714080e-01 5.560747663551400821e-01
9.565217391304348116e-01 8.842975206611570771e-01 1.000000000000000000e+00 9.385964912280702066e-01 9.674418604651162656e-01
9.595015576323987494e-01 8.916666666666667185e-01 1.000000000000000000e+00 9.427312775330397576e-01 9.696261682242991453e-01
6.503267973856209361e-01 5.000000000000000000e-01 1.028037383177570069e-01 1.705426356589147263e-01 5.237636782041045214e-01
9.565217391304348116e-01 8.842975206611570771e-01 1.000000000000000000e+00 9.385964912280702066e-01 9.674418604651162656e-01
4.915966386554621592e-01 0.000000000000000000e+00 0.000000000000000000e+00 0.000000000000000000e+00 4.465648854961832281e-01
5.081300813008130524e-01 0.000000000000000000e+00 0.000000000000000000e+00 0.000000000000000000e+00 4.496402877697841527e-01
8.849840255591053806e-01 8.817204301075268758e-01 7.663551401869158619e-01 8.199999999999999512e-01 8.564785409672442951e-01
5.902777777777777901e-01 0.000000000000000000e+00 0.000000000000000000e+00 0.000000000000000000e+00 4.696132596685083094e-01
6.310344827586207295e-01 5.000000000000000000e-01 8.411214953271027583e-02 1.439999999999999891e-01 5.174659108319288325e-01
9.595015576323987494e-01 8.916666666666667185e-01 1.000000000000000000e+00 9.427312775330397576e-01 9.696261682242991453e-01
6.822429906542055722e-01 5.757575757575758013e-01 1.775700934579439172e-01 2.714285714285714080e-01 5.560747663551400821e-01
6.806451612903225978e-01 6.333333333333333037e-01 1.775700934579439172e-01 2.773722627737226221e-01 5.616914506698585940e-01
5.169491525423728362e-01 0.000000000000000000e+00 0.000000000000000000e+00 0.000000000000000000e+00 4.728682170542635732e-01
5.870307167235494505e-01 0.000000000000000000e+00 0.000000000000000000e+00 0.000000000000000000e+00 4.623655913978494403e-01
9.523809523809523281e-01 8.898305084745762317e-01 9.813084112149532690e-01 9.333333333333332371e-01 9.594042056074766345e-01
5.853658536585365502e-01 0.000000000000000000e+00 0.000000000000000000e+00 0.000000000000000000e+00 4.666666666666666741e-01
7.515923566878981443e-01 8.085106382978722861e-01 3.551401869158878344e-01 4.935064935064934488e-01 6.558309630231613507e-01
6.039603960396039417e-01 0.000000000000000000e+00 0.000000000000000000e+00 0.000000000000000000e+00 4.668367346938775420e-01
6.190476190476190688e-01 0.000000000000000000e+00 0.000000000000000000e+00 0.000000000000000000e+00 4.687500000000000000e-01
9.565217391304348116e-01 8.842975206611570771e-01 1.000000000000000000e+00 9.385964912280702066e-01 9.674418604651162656e-01
9.595015576323987494e-01 8.916666666666667185e-01 1.000000000000000000e+00 9.427312775330397576e-01 9.696261682242991453e-01
9.565217391304348116e-01 8.842975206611570771e-01 1.000000000000000000e+00 9.385964912280702066e-01 9.674418604651162656e-01
