5.375494071146245112e-01 0.000000000000000000e+00 0.000000000000000000e+00 0.000000000000000000e+00 4.657534246575342207e-01
9.034267912772585563e-01 8.653846153846154188e-01 8.411214953271027861e-01 8.530805687203791843e-01 8.878504672897195027e-01
5.886524822695035075e-01 0.000000000000000000e+00 0.000000000000000000e+00 0.000000000000000000e+00 4.742857142857143105e-01
6.464968152866241713e-01 4.166666666666666852e-01 9.345794392523364136e-02 1.526717557251908441e-01 5.129125468418438416e-01
6.161971830985915055e-01 4.545454545454545303e-01 9.345794392523364136e-02 1.550387596899225062e-01 5.128306668778710442e-01
6.518771331058020868e-01 5.999999999999999778e-01 1.401869158878504551e-01 2.272727272727272652e-01 5.432117375138176829e-01
6.228956228956229468e-01 3.809523809523809312e-01 7.476635514018691031e-02 1.249999999999999861e-01 5.031726512543039931e-01
8.012618296529968598e-01 8.333333333333333703e-01 5.140186915887849928e-01 6.358381502890172454e-01 7.308188696039162879e-01
9.565217391304348116e-01 8.842975206611570771e-01 1.000000000000000000e+00 9.385964912280702066e-01 9.674418604651162656e-01
9.065420560747663448e-01 8.666666666666666963e-01 8.504672897196261516e-01 8.584905660377358805e-01 8.925233644859813520e-01
7.707006369426752102e-01 8.181818181818182323e-01 4.205607476635513930e-01 5.555555555555555802e-01 6.861257844597949962e-01
6.426116838487972993e-01 6.153846153846154188e-01 7.476635514018691031e-02 1.333333333333333315e-01 5.237962210483543268e-01
8.013245033112582627e-01 8.507462686567164312e-01 5.327102803738317238e-01 6.551724137931034253e-01 7.407141145458902010e-01
6.120401337792642504e-01 0.000000000000000000e+00 0.000000000000000000e+00 0.000000000000000000e+00 4.765625000000000000e-01
9.565217391304348116e-01 8.842975206611570771e-01 1.000000000000000000e+00 9.385964912280702066e-01 9.674418604651162656e-01
9.038461538461538547e-01 9.052631578947368807e-01 8.037383177570093240e-01 8.514851485148514643e-01 8.799179393663094650e-01
6.047297297297297147e-01 0.000000000000000000e+00 0.000000000000000000e+00 0.000000000000000000e+00 4.735449735449735464e-01
5.122950819672130729e-01 0.000000000000000000e+00 0.000000000000000000e+00 0.000000000000000000e+00 4.562043795620437936e-01
5.783972125435540290e-01 0.000000000000000000e+00 0.000000000000000000e+00 0.000000000000000000e+00 4.611111111111111382e-01
7.398119122257053037e-01 7.500000000000000000e-01 3.364485981308411033e-01 4.645161290322579739e-01 6.399224122729677555e-01
7.594936708860760000e-01 7.924528301886792914e-01 3.925233644859812965e-01 5.249999999999999112e-01 6.699458927693064947e-01
5.547169811320754595e-01 0.000000000000000000e+00 0.000000000000000000e+00 0.000000000000000000e+00 4.651898734177215000e-01
8.603174603174603696e-01 8.461538461538461453e-01 7.196261682242990343e-01 7.777777777777777901e-01 8.261592379583033718e-01
9.595015576323987494e-01 8.916666666666667185e-01 1.000000000000000000e+00 9.427312775330397576e-01 9.696261682242991453e-01
6.120401337792642504e-01 0.000000000000000000e+00 0.000000000000000000e+00 0.000000000000000000e+00 4.765625000000000000e-01
9.565217391304348116e-01 8.842975206611570771e-01 1.000000000000000000e+00 9.385964912280702066e-01 9.674418604651162656e-01
5.366795366795367173e-01 0.000000000000000000e+00 0.000000000000000000e+00 0.000000000000000000e+00 4.572368421052631637e-01
5.745454545454545814e-01 0.000000000000000000e+00 0.000000000000000000e+00 0.000000000000000000e+00 4.702380952380952328e-01
5.568181818181817677e-01 0.000000000000000000e+00 0.000000000000000000e+00 0.000000000000000000e+00 4.681528662420382236e-01
6.178571428571428825e-01 5.000000000000000000e-01 7.476635514018691031e-02 1.300813008130081161e-01 5.142617902868564794e-01
6.202090592334494890e-01 4.444444444444444198e-01 7.476635514018691031e-02 1.280000000000000027e-01 5.096053997923156720e-01
6.578947368421053099e-01 5.600000000000000533e-01 1.308411214953270896e-01 2.121212121212120993e-01 5.375017790217752056e-01
9.375000000000000000e-01 8.918918918918918859e-01 9.252336448598130758e-01 9.082568807339449490e-01 9.344478083453994222e-01
9.563862928348909609e-01 8.842975206611570771e-01 1.000000000000000000e+00 9.385964912280702066e-01 9.672897196261681652e-01
4.666666666666666741e-01 0.000000000000000000e+00 0.000000000000000000e+00 0.000000000000000000e+00 4.449152542372881158e-01
5.928571428571428603e-01 1.818181818181818232e-01 1.869158878504672758e-02 3.389830508474575566e-02 4.833342336988817323e-01
6.363636363636363535e-01 5.714285714285713969e-01 1.121495327102803724e-01 1.874999999999999722e-01 5.309351015506709182e-01
