5.618729096989966143e-01 3.846153846153846367e-02 9.345794392523363789e-03 1.503759398496240518e-02 4.395687305295949421e-01
5.551948051948052409e-01 3.125000000000000000e-02 9.345794392523363789e-03 1.438848920863309254e-02 4.275584693355651833e-01
6.056338028169013787e-01 1.428571428571428492e-01 9.345794392523363789e-03 1.754385964912280604e-02 4.877237446538887355e-01
9.055374592833875802e-01 7.867647058823529216e-01 1.000000000000000000e+00 8.806584362139917577e-01 9.274999999999999911e-01
9.055374592833875802e-01 7.867647058823529216e-01 1.000000000000000000e+00 8.806584362139917577e-01 9.274999999999999911e-01
6.677631578947368363e-01 5.483870967741935054e-01 3.177570093457943723e-01 4.023668639053253893e-01 5.878125148251814869e-01
8.769716088328075587e-01 7.328767123287671659e-01 1.000000000000000000e+00 8.458498023715415037e-01 9.071428571428571397e-01
5.841584158415841221e-01 2.285714285714285643e-01 7.476635514018691031e-02 1.126760563380281577e-01 4.685056265496853056e-01
5.408805031446540790e-01 2.439024390243902524e-02 9.345794392523363789e-03 1.351351351351351079e-02 4.098861673384417426e-01
8.938906752411575063e-01 7.642857142857142350e-01 1.000000000000000000e+00 8.663967611336031993e-01 9.191176470588235947e-01
5.704697986577180746e-01 4.347826086956521618e-02 9.345794392523363789e-03 1.538461538461538200e-02 4.470812741596124629e-01
9.205298013245033495e-01 8.167938931297710203e-01 1.000000000000000000e+00 8.991596638655461327e-01 9.384615384615384581e-01
5.480769230769231282e-01 2.777777777777777624e-02 9.345794392523363789e-03 1.398601398601398600e-02 4.193070435377250771e-01
6.655405405405405705e-01 5.869565217391304879e-01 2.523364485981308136e-01 3.529411764705882026e-01 5.759036740345151451e-01
8.825396825396825129e-01 7.430555555555555802e-01 1.000000000000000000e+00 8.525896414342629681e-01 9.110576923076922906e-01
8.823529411764705621e-01 7.751937984496124479e-01 9.345794392523364413e-01 8.474576271186440302e-01 8.944253980181281483e-01
8.769716088328075587e-01 7.328767123287671659e-01 1.000000000000000000e+00 8.458498023715415037e-01 9.071428571428571397e-01
9.025974025974026205e-01 7.810218978102190235e-01 1.000000000000000000e+00 8.770491803278688270e-01 9.253731343283582156e-01
5.816326530612244694e-01 1.000000000000000056e-01 1.869158878504672758e-02 3.149606299212597688e-02 4.612174521465340904e-01
5.639344262295081789e-01 3.571428571428571230e-02 9.345794392523363789e-03 1.481481481481481191e-02 4.364910790144435060e-01
6.442953020134227771e-01 5.116279069767442067e-01 2.056074766355140138e-01 2.933333333333333348e-01 5.478299163282280837e-01
8.797468354430380000e-01 7.379310344827586521e-01 1.000000000000000000e+00 8.492063492063492980e-01 9.090909090909090606e-01
5.310559006211179600e-01 0.000000000000000000e+00 0.000000000000000000e+00 0.000000000000000000e+00 3.976744186046511365e-01
5.629139072847682002e-01 3.703703703703703498e-02 9.345794392523363789e-03 1.492537313432835792e-02 4.380062305295949754e-01
6.655405405405405705e-01 5.869565217391304879e-01 2.523364485981308136e-01 3.529411764705882026e-01 5.759036740345151451e-01
8.825396825396825129e-01 7.430555555555555802e-01 1.000000000000000000e+00 8.525896414342629681e-01 9.110576923076922906e-01
5.733333333333333615e-01 1.111111111111111049e-01 2.803738317757009310e-02 4.477611940298507204e-02 4.518425257856761856e-01
5.602605863192182678e-01 3.333333333333333287e-02 9.345794392523363789e-03 1.459854014598539924e-02 4.321728971962616184e-01
5.641891891891891442e-01 4.166666666666666435e-02 9.345794392523363789e-03 1.526717557251908164e-02 4.438263363497008118e-01
5.719063545150501193e-01 4.347826086956521618e-02 9.345794392523363789e-03 1.538461538461538200e-02 4.473812305295949421e-01
5.737704918032786594e-01 2.051282051282051211e-01 7.476635514018691031e-02 1.095890410958904049e-01 4.591003492872651748e-01
9.084967320261437829e-01 7.925925925925926263e-01 1.000000000000000000e+00 8.842975206611569661e-01 9.296482412060301792e-01
5.629139072847682002e-01 3.703703703703703498e-02 9.345794392523363789e-03 1.492537313432835792e-02 4.380062305295949754e-01
8.059210526315789824e-01 7.307692307692307265e-01 7.102803738317756688e-01 7.203791469194312791e-01 7.840741970681721629e-01
8.825396825396825129e-01 7.430555555555555802e-01 1.000000000000000000e+00 8.525896414342629681e-01 9.110576923076922906e-01
8.797468354430380000e-01 7.379310344827586521e-01 1.000000000000000000e+00 8.492063492063492980e-01 9.090909090909090606e-01
8.580858085808580338e-01 7.807017543859648967e-01 8.317757009345794206e-01 8.054298642533935793e-01 8.521123402632081456e-01
