5.592105263157894912e-01 3.448275862068965469e-02 9.345794392523363789e-03 1.470588235294117453e-02 4.336069073485459002e-01
8.797468354430380000e-01 7.379310344827586521e-01 1.000000000000000000e+00 8.492063492063492980e-01 9.090909090909090606e-01
9.114754098360655643e-01 7.985074626865671377e-01 1.000000000000000000e+00 8.879668049792530660e-01 9.318181818181818787e-01
7.516556291390728006e-01 6.951219512195121464e-01 5.327102803738317238e-01 6.031746031746031411e-01 7.022525760843517650e-01
5.348101265822784445e-01 0.000000000000000000e+00 0.000000000000000000e+00 0.000000000000000000e+00 4.043062200956937802e-01
5.616883116883116811e-01 6.250000000000000000e-02 1.869158878504672758e-02 2.877697841726618508e-02 4.347189287208815811e-01
5.816326530612244694e-01 5.555555555555555247e-02 9.345794392523363789e-03 1.600000000000000033e-02 4.592183517417161576e-01
5.821917808219178037e-01 1.052631578947368363e-01 1.869158878504672758e-02 3.174603174603174427e-02 4.633998484465774448e-01
8.938906752411575063e-01 7.642857142857142350e-01 1.000000000000000000e+00 8.663967611336031993e-01 9.191176470588235947e-01
8.881789137380191601e-01 7.535211267605633756e-01 1.000000000000000000e+00 8.594377510040159818e-01 9.150485436893203151e-01
8.938906752411575063e-01 7.642857142857142350e-01 1.000000000000000000e+00 8.663967611336031993e-01 9.191176470588235947e-01
8.910256410256410797e-01 7.588652482269503396e-01 1.000000000000000000e+00 8.629032258064516236e-01 9.170731707317072434e-01
5.856164383561643927e-01 1.111111111111111049e-01 1.869158878504672758e-02 3.200000000000000067e-02 4.661025511492801199e-01
5.932203389830508211e-01 2.758620689655172376e-01 7.476635514018691031e-02 1.176470588235293963e-01 4.815321137403062446e-01
8.853503184713376051e-01 7.482517482517482277e-01 1.000000000000000000e+00 8.559999999999999831e-01 9.130434782608696231e-01
5.685618729096989510e-01 4.166666666666666435e-02 9.345794392523363789e-03 1.526717557251908164e-02 4.447770638629283124e-01
5.762711864406779849e-01 5.000000000000000278e-02 9.345794392523363789e-03 1.574803149606298844e-02 4.541409823026446579e-01
6.794871794871795156e-01 5.454545454545454142e-01 3.925233644859812965e-01 4.565217391304347005e-01 6.108958285844541258e-01
5.874587458745874624e-01 2.500000000000000000e-01 8.411214953271027583e-02 1.258741258741258584e-01 4.731785237459469329e-01
9.114754098360655643e-01 7.985074626865671377e-01 1.000000000000000000e+00 8.879668049792530660e-01 9.318181818181818787e-01
9.084967320261437829e-01 7.925925925925926263e-01 1.000000000000000000e+00 8.842975206611569661e-01 9.296482412060301792e-01
5.808580858085808929e-01 2.368421052631578816e-01 8.411214953271027583e-02 1.241379310344827569e-01 4.680764829296203966e-01
5.752508361204012877e-01 8.333333333333332871e-02 1.869158878504672758e-02 3.053435114503816328e-02 4.520541277258566804e-01
5.551948051948052409e-01 3.125000000000000000e-02 9.345794392523363789e-03 1.438848920863309254e-02 4.275584693355651833e-01
5.932203389830508211e-01 2.758620689655172376e-01 7.476635514018691031e-02 1.176470588235293963e-01 4.815321137403062446e-01
8.853503184713376051e-01 7.482517482517482277e-01 1.000000000000000000e+00 8.559999999999999831e-01 9.130434782608696231e-01
5.408805031446540790e-01 2.439024390243902524e-02 9.345794392523363789e-03 1.351351351351351079e-02 4.098861673384417426e-01
5.666666666666666519e-01 4.000000000000000083e-02 9.345794392523363789e-03 1.515151515151515020e-02 4.424967313931528201e-01
5.584415584415584055e-01 3.225806451612903136e-02 9.345794392523363789e-03 1.449275362318840250e-02 4.300460315246198428e-01
5.787671232876712146e-01 5.555555555555555247e-02 9.345794392523363789e-03 1.600000000000000033e-02 4.587269512503157065e-01
5.762711864406779849e-01 5.000000000000000278e-02 9.345794392523363789e-03 1.574803149606298844e-02 4.541409823026446579e-01
5.671140939597315578e-01 4.166666666666666435e-02 9.345794392523363789e-03 1.526717557251908164e-02 4.444634731124920135e-01
8.853503184713376051e-01 7.482517482517482277e-01 1.000000000000000000e+00 8.559999999999999831e-01 9.130434782608696231e-01
5.625000000000000000e-01 3.571428571428571230e-02 9.345794392523363789e-03 1.481481481481481191e-02 4.361449784145358111e-01
5.782312925170067786e-01 5.263157894736841813e-02 9.345794392523363789e-03 1.587301587301587213e-02 4.565445549502723521e-01
5.802047781569965590e-01 5.555555555555555247e-02 9.345794392523363789e-03 1.600000000000000033e-02 4.589739724650788166e-01
5.910652920962199408e-01 1.250000000000000000e-01 1.869158878504672758e-02 3.252032520325202902e-02 4.713023161316537979e-01
