9.102990033222591038e-01 8.174603174603174427e-01 9.626168224299065379e-01 8.841201716738197325e-01 9.220300606994893400e-01
6.179401993355482237e-01 4.000000000000000222e-01 1.495327102803738206e-01 2.176870748299319369e-01 5.129106850370941384e-01
8.525641025641025328e-01 7.328244274809160297e-01 8.971962616822429792e-01 8.067226890756301616e-01 8.632322771825848839e-01
5.533980582524271608e-01 3.030303030303030387e-02 9.345794392523363789e-03 1.428571428571428353e-02 4.254649764041824045e-01
5.443037974683544444e-01 2.564102564102564014e-02 9.345794392523363789e-03 1.369863013698630061e-02 4.137638062871706879e-01
9.114754098360655643e-01 7.985074626865671377e-01 1.000000000000000000e+00 8.879668049792530660e-01 9.318181818181818787e-01
6.353790613718411917e-01 8.000000000000000444e-01 7.476635514018691031e-02 1.367521367521367381e-01 5.315008246289170124e-01
5.714285714285713969e-01 4.761904761904761640e-02 9.345794392523363789e-03 1.562499999999999827e-02 4.511969613673846302e-01
7.475409836065574076e-01 6.744186046511627675e-01 5.420560747663550893e-01 6.010362694300517283e-01 7.003209666761067709e-01
9.025974025974026205e-01 7.810218978102190235e-01 1.000000000000000000e+00 8.770491803278688270e-01 9.253731343283582156e-01
5.443037974683544444e-01 2.564102564102564014e-02 9.345794392523363789e-03 1.369863013698630061e-02 4.137638062871706879e-01
5.508196721311475752e-01 3.125000000000000000e-02 9.345794392523363789e-03 1.438848920863309254e-02 4.263900689134333399e-01
8.910256410256410797e-01 7.588652482269503396e-01 1.000000000000000000e+00 8.629032258064516236e-01 9.170731707317072434e-01
8.910256410256410797e-01 7.588652482269503396e-01 1.000000000000000000e+00 8.629032258064516236e-01 9.170731707317072434e-01
5.498392282958198818e-01 2.857142857142857054e-02 9.345794392523363789e-03 1.408450704225351971e-02 4.213395638629283124e-01
8.996763754045307149e-01 7.753623188405797118e-01 1.000000000000000000e+00 8.734693877551020780e-01 9.232673267326731992e-01
8.161290322580645462e-01 7.155172413793103869e-01 7.757009345794392274e-01 7.443946188340807568e-01 8.065696791123796450e-01
8.881789137380191601e-01 7.535211267605633756e-01 1.000000000000000000e+00 8.594377510040159818e-01 9.150485436893203151e-01
6.798679867986798797e-01 5.806451612903226200e-01 3.364485981308411033e-01 4.260355029585799480e-01 6.018977684531756633e-01
5.807560137457045135e-01 5.882352941176470507e-02 9.345794392523363789e-03 1.612903225806451221e-02 4.611946363266964388e-01
6.384364820846905042e-01 4.629629629629629650e-01 2.336448598130841103e-01 3.105590062111800997e-01 5.443224299065420047e-01
5.821917808219178037e-01 1.052631578947368363e-01 1.869158878504672758e-02 3.174603174603174427e-02 4.633998484465774448e-01
7.877813504823151236e-01 6.846846846846846857e-01 7.102803738317756688e-01 6.972477064220183873e-01 7.693558731903976655e-01
6.331168831168830780e-01 4.464285714285714524e-01 2.336448598130841103e-01 3.067484662576687171e-01 5.397080020458455696e-01
8.910256410256410797e-01 7.588652482269503396e-01 1.000000000000000000e+00 8.629032258064516236e-01 9.170731707317072434e-01
5.498392282958198818e-01 2.857142857142857054e-02 9.345794392523363789e-03 1.408450704225351971e-02 4.213395638629283124e-01
6.075085324232082362e-01 3.333333333333333148e-01 7.476635514018691031e-02 1.221374045801526531e-01 4.943724248819214018e-01
5.310559006211179600e-01 0.000000000000000000e+00 0.000000000000000000e+00 0.000000000000000000e+00 3.976744186046511365e-01
5.310559006211179600e-01 0.000000000000000000e+00 0.000000000000000000e+00 0.000000000000000000e+00 3.976744186046511365e-01
8.853503184713376051e-01 7.482517482517482277e-01 1.000000000000000000e+00 8.559999999999999831e-01 9.130434782608696231e-01
5.533980582524271608e-01 3.030303030303030387e-02 9.345794392523363789e-03 1.428571428571428353e-02 4.254649764041824045e-01
5.773195876288659267e-01 1.000000000000000056e-01 1.869158878504672758e-02 3.149606299212597688e-02 4.604327509142625008e-01
5.685618729096989510e-01 4.166666666666666435e-02 9.345794392523363789e-03 1.526717557251908164e-02 4.447770638629283124e-01
6.111111111111111605e-01 3.809523809523809312e-01 7.476635514018691031e-02 1.249999999999999861e-01 5.014715753601487469e-01
5.657894736842105088e-01 6.896551724137930939e-02 1.869158878504672758e-02 2.941176470588234906e-02 4.408178756107974938e-01
8.910256410256410797e-01 7.588652482269503396e-01 1.000000000000000000e+00 8.629032258064516236e-01 9.170731707317072434e-01
8.910256410256410797e-01 7.588652482269503396e-01 1.000000000000000000e+00 8.629032258064516236e-01 9.170731707317072434e-01
