9.565217391304348116e-01 8.842975206611570771e-01 1.000000000000000000e+00 9.385964912280702066e-01 9.674418604651162656e-01
9.625000000000000222e-01 8.991596638655462437e-01 1.000000000000000000e+00 9.469026548672566657e-01 9.718309859154928843e-01
9.565217391304348116e-01 8.842975206611570771e-01 1.000000000000000000e+00 9.385964912280702066e-01 9.674418604651162656e-01
9.565217391304348116e-01 8.842975206611570771e-01 1.000000000000000000e+00 9.385964912280702066e-01 9.674418604651162656e-01
9.685534591194968623e-01 9.145299145299145005e-01 1.000000000000000000e+00 9.553571428571429047e-01 9.763033175355450011e-01
9.565217391304348116e-01 8.842975206611570771e-01 1.000000000000000000e+00 9.385964912280702066e-01 9.674418604651162656e-01
9.565217391304348116e-01 8.842975206611570771e-01 1.000000000000000000e+00 9.385964912280702066e-01 9.674418604651162656e-01
9.565217391304348116e-01 8.842975206611570771e-01 1.000000000000000000e+00 9.385964912280702066e-01 9.674418604651162656e-01
6.402640264026402406e-01 4.545454545454545303e-01 9.345794392523364136e-02 1.550387596899225062e-01 5.161167270646577210e-01
9.503105590062111974e-01 8.823529411764705621e-01 9.813084112149532690e-01 9.292035398230087395e-01 9.580960660725927891e-01
9.565217391304348116e-01 8.842975206611570771e-01 1.000000000000000000e+00 9.385964912280702066e-01 9.674418604651162656e-01
9.565217391304348116e-01 8.842975206611570771e-01 1.000000000000000000e+00 9.385964912280702066e-01 9.674418604651162656e-01
9.565217391304348116e-01 8.842975206611570771e-01 1.000000000000000000e+00 9.385964912280702066e-01 9.674418604651162656e-01
9.625000000000000222e-01 8.991596638655462437e-01 1.000000000000000000e+00 9.469026548672566657e-01 9.718309859154928843e-01
9.565217391304348116e-01 8.842975206611570771e-01 1.000000000000000000e+00 9.385964912280702066e-01 9.674418604651162656e-01
6.700680272108843205e-01 7.083333333333333703e-01 1.588785046728971861e-01 2.595419847328244156e-01 5.607226747963415248e-01
9.565217391304348116e-01 8.842975206611570771e-01 1.000000000000000000e+00 9.385964912280702066e-01 9.674418604651162656e-01
9.565217391304348116e-01 8.842975206611570771e-01 1.000000000000000000e+00 9.385964912280702066e-01 9.674418604651162656e-01
9.565217391304348116e-01 8.842975206611570771e-01 1.000000000000000000e+00 9.385964912280702066e-01 9.674418604651162656e-01
6.568627450980392135e-01 5.833333333333333703e-01 6.542056074766354479e-02 1.176470588235293963e-01 5.201474663034799661e-01
9.565217391304348116e-01 8.842975206611570771e-01 1.000000000000000000e+00 9.385964912280702066e-01 9.674418604651162656e-01
6.503267973856209361e-01 5.000000000000000000e-01 9.345794392523364136e-02 1.574803149606299191e-01 5.216033438219133123e-01
6.158940397350993745e-01 0.000000000000000000e+00 0.000000000000000000e+00 0.000000000000000000e+00 4.769230769230768940e-01
7.295597484276729050e-01 7.142857142857143016e-01 3.271028037383177378e-01 4.487179487179486781e-01 6.303760464189218649e-01
9.625000000000000222e-01 8.991596638655462437e-01 1.000000000000000000e+00 9.469026548672566657e-01 9.718309859154928843e-01
9.565217391304348116e-01 8.842975206611570771e-01 1.000000000000000000e+00 9.385964912280702066e-01 9.674418604651162656e-01
9.565217391304348116e-01 8.842975206611570771e-01 1.000000000000000000e+00 9.385964912280702066e-01 9.674418604651162656e-01
9.565217391304348116e-01 8.842975206611570771e-01 1.000000000000000000e+00 9.385964912280702066e-01 9.674418604651162656e-01
6.587030716723549784e-01 6.400000000000000133e-01 1.495327102803738206e-01 2.424242424242424032e-01 5.505728067530901715e-01
8.660436137071650942e-01 8.555555555555555136e-01 7.196261682242990343e-01 7.817258883248731083e-01 8.294392523364486625e-01
6.513157894736841813e-01 5.263157894736841813e-01 9.345794392523364136e-02 1.587301587301587213e-01 5.238863323687081852e-01
6.621621621621621712e-01 6.521739130434782705e-01 1.401869158878504551e-01 2.307692307692307265e-01 5.489294367799040231e-01
9.651898734177215555e-01 9.067796610169491789e-01 1.000000000000000000e+00 9.511111111111111294e-01 9.736842105263158187e-01
8.471337579617834734e-01 8.831168831168830780e-01 6.355140186915887446e-01 7.391304347826086474e-01 7.960178789110118336e-01
9.565217391304348116e-01 8.842975206611570771e-01 1.000000000000000000e+00 9.385964912280702066e-01 9.674418604651162656e-01
9.565217391304348116e-01 8.842975206611570771e-01 1.000000000000000000e+00 9.385964912280702066e-01 9.674418604651162656e-01
9.565217391304348116e-01 8.842975206611570771e-01 1.000000000000000000e+00 9.385964912280702066e-01 9.674418604651162656e-01
