9.565217391304348116e-01 8.842975206611570771e-01 1.000000000000000000e+00 9.385964912280702066e-01 9.674418604651162656e-01
9.655172413793103869e-01 9.067796610169491789e-01 1.000000000000000000e+00 9.511111111111111294e-01 9.740566037735848282e-01
9.565217391304348116e-01 8.842975206611570771e-01 1.000000000000000000e+00 9.385964912280702066e-01 9.674418604651162656e-01
9.565217391304348116e-01 8.842975206611570771e-01 1.000000000000000000e+00 9.385964912280702066e-01 9.674418604651162656e-01
9.192546583850931263e-01 8.715596330275229286e-01 8.878504672897196137e-01 8.796296296296297612e-01 9.113670941099760725e-01
9.565217391304348116e-01 8.842975206611570771e-01 1.000000000000000000e+00 9.385964912280702066e-01 9.674418604651162656e-01
9.565217391304348116e-01 8.842975206611570771e-01 1.000000000000000000e+00 9.385964912280702066e-01 9.674418604651162656e-01
9.565217391304348116e-01 8.842975206611570771e-01 1.000000000000000000e+00 9.385964912280702066e-01 9.674418604651162656e-01
9.565217391304348116e-01 8.842975206611570771e-01 1.000000000000000000e+00 9.385964912280702066e-01 9.674418604651162656e-01
9.565217391304348116e-01 8.842975206611570771e-01 1.000000000000000000e+00 9.385964912280702066e-01 9.674418604651162656e-01
9.565217391304348116e-01 8.842975206611570771e-01 1.000000000000000000e+00 9.385964912280702066e-01 9.674418604651162656e-01
9.565217391304348116e-01 8.842975206611570771e-01 1.000000000000000000e+00 9.385964912280702066e-01 9.674418604651162656e-01
9.565217391304348116e-01 8.842975206611570771e-01 1.000000000000000000e+00 9.385964912280702066e-01 9.674418604651162656e-01
9.565217391304348116e-01 8.842975206611570771e-01 1.000000000000000000e+00 9.385964912280702066e-01 9.674418604651162656e-01
9.565217391304348116e-01 8.842975206611570771e-01 1.000000000000000000e+00 9.385964912280702066e-01 9.674418604651162656e-01
9.565217391304348116e-01 8.842975206611570771e-01 1.000000000000000000e+00 9.385964912280702066e-01 9.674418604651162656e-01
9.565217391304348116e-01 8.842975206611570771e-01 1.000000000000000000e+00 9.385964912280702066e-01 9.674418604651162656e-01
7.813504823151125045e-01 8.679245283018868218e-01 4.299065420560747586e-01 5.749999999999999556e-01 6.977964082829393178e-01
9.565217391304348116e-01 8.842975206611570771e-01 1.000000000000000000e+00 9.385964912280702066e-01 9.674418604651162656e-01
9.565217391304348116e-01 8.842975206611570771e-01 1.000000000000000000e+00 9.385964912280702066e-01 9.674418604651162656e-01
9.565217391304348116e-01 8.842975206611570771e-01 1.000000000000000000e+00 9.385964912280702066e-01 9.674418604651162656e-01
8.993710691823899595e-01 8.712871287128712838e-01 8.224299065420560551e-01 8.461538461538461453e-01 8.804092660672365733e-01
9.565217391304348116e-01 8.842975206611570771e-01 1.000000000000000000e+00 9.385964912280702066e-01 9.674418604651162656e-01
9.565217391304348116e-01 8.842975206611570771e-01 1.000000000000000000e+00 9.385964912280702066e-01 9.674418604651162656e-01
9.565217391304348116e-01 8.842975206611570771e-01 1.000000000000000000e+00 9.385964912280702066e-01 9.674418604651162656e-01
9.565217391304348116e-01 8.842975206611570771e-01 1.000000000000000000e+00 9.385964912280702066e-01 9.674418604651162656e-01
9.565217391304348116e-01 8.842975206611570771e-01 1.000000000000000000e+00 9.385964912280702066e-01 9.674418604651162656e-01
9.565217391304348116e-01 8.842975206611570771e-01 1.000000000000000000e+00 9.385964912280702066e-01 9.674418604651162656e-01
9.623824451410658565e-01 8.991596638655462437e-01 1.000000000000000000e+00 9.469026548672566657e-01 9.716981132075471761e-01
9.565217391304348116e-01 8.842975206611570771e-01 1.000000000000000000e+00 9.385964912280702066e-01 9.674418604651162656e-01
7.133956386292834573e-01 6.829268292682927344e-01 2.616822429906541791e-01 3.783783783783783994e-01 6.004672897196262626e-01
9.565217391304348116e-01 8.842975206611570771e-01 1.000000000000000000e+00 9.385964912280702066e-01 9.674418604651162656e-01
8.062500000000000222e-01 8.169014084507042472e-01 5.420560747663550893e-01 6.516853932584268927e-01 7.405116054582948637e-01
9.565217391304348116e-01 8.842975206611570771e-01 1.000000000000000000e+00 9.385964912280702066e-01 9.674418604651162656e-01
9.565217391304348116e-01 8.842975206611570771e-01 1.000000000000000000e+00 9.385964912280702066e-01 9.674418604651162656e-01
9.565217391304348116e-01 8.842975206611570771e-01 1.000000000000000000e+00 9.385964912280702066e-01 9.674418604651162656e-01
9.565217391304348116e-01 8.842975206611570771e-01 1.000000000000000000e+00 9.385964912280702066e-01 9.674418604651162656e-01
