6.764705882352941568e-01 6.818181818181817677e-01 1.401869158878504551e-01 2.325581395348837177e-01 5.525055182454327030e-01
9.595015576323987494e-01 8.916666666666667185e-01 1.000000000000000000e+00 9.427312775330397576e-01 9.696261682242991453e-01
7.207792207792207417e-01 8.181818181818182323e-01 2.523364485981308136e-01 3.857142857142856762e-01 6.112428511647369778e-01
6.645367412140574803e-01 5.416666666666666297e-01 1.214953271028037379e-01 1.984732824427480891e-01 5.340486344251882400e-01
7.403846153846154188e-01 7.708333333333333703e-01 3.457943925233644689e-01 4.774193548387096753e-01 6.460679279689992560e-01
9.620253164556962222e-01 8.991596638655462437e-01 1.000000000000000000e+00 9.469026548672566657e-01 9.712918660287082062e-01
6.821192052980132869e-01 7.391304347826086474e-01 1.588785046728971861e-01 2.615384615384614975e-01 5.640546369518331105e-01
9.625000000000000222e-01 8.991596638655462437e-01 1.000000000000000000e+00 9.469026548672566657e-01 9.718309859154928843e-01
9.593749999999999778e-01 8.916666666666667185e-01 1.000000000000000000e+00 9.427312775330397576e-01 9.694835680751173745e-01
9.652996845425867445e-01 9.067796610169491789e-01 1.000000000000000000e+00 9.511111111111111294e-01 9.738095238095237915e-01
9.053627760252366263e-01 8.888888888888888395e-01 8.224299065420560551e-01 8.543689320388347941e-01 8.850244770805518746e-01
9.565217391304348116e-01 8.842975206611570771e-01 1.000000000000000000e+00 9.385964912280702066e-01 9.674418604651162656e-01
9.565217391304348116e-01 8.842975206611570771e-01 1.000000000000000000e+00 9.385964912280702066e-01 9.674418604651162656e-01
6.632653061224489388e-01 6.818181818181817677e-01 1.401869158878504551e-01 2.325581395348837177e-01 5.513768804038181592e-01
9.565217391304348116e-01 8.842975206611570771e-01 1.000000000000000000e+00 9.385964912280702066e-01 9.674418604651162656e-01
6.687898089171974148e-01 5.600000000000000533e-01 1.308411214953270896e-01 2.121212121212120993e-01 5.388505124384848077e-01
7.805642633228839777e-01 8.032786885245901676e-01 4.579439252336448551e-01 5.833333333333333703e-01 7.006700758243695759e-01
9.623824451410658565e-01 8.991596638655462437e-01 1.000000000000000000e+00 9.469026548672566657e-01 9.716981132075471761e-01
7.968750000000000000e-01 8.181818181818182323e-01 5.046728971962616273e-01 6.242774566473988651e-01 7.241674345136237534e-01
9.565217391304348116e-01 8.842975206611570771e-01 1.000000000000000000e+00 9.385964912280702066e-01 9.674418604651162656e-01
9.565217391304348116e-01 8.842975206611570771e-01 1.000000000000000000e+00 9.385964912280702066e-01 9.674418604651162656e-01
6.402640264026402406e-01 4.444444444444444198e-01 7.476635514018691031e-02 1.280000000000000027e-01 5.118729734884608362e-01
7.038216560509553688e-01 6.842105263157894912e-01 2.429906542056074759e-01 3.586206896551724088e-01 5.925098198564269225e-01
9.565217391304348116e-01 8.842975206611570771e-01 1.000000000000000000e+00 9.385964912280702066e-01 9.674418604651162656e-01
6.632653061224489388e-01 6.818181818181817677e-01 1.401869158878504551e-01 2.325581395348837177e-01 5.513768804038181592e-01
9.565217391304348116e-01 8.842975206611570771e-01 1.000000000000000000e+00 9.385964912280702066e-01 9.674418604651162656e-01
7.156549520766772865e-01 7.045454545454545858e-01 2.897196261682242757e-01 4.105960264900662127e-01 6.133064150258596969e-01
7.041800643086816303e-01 7.142857142857143016e-01 2.336448598130841103e-01 3.521126760563380031e-01 5.923126259849733621e-01
6.883116883116883189e-01 7.037037037037037202e-01 1.775700934579439172e-01 2.835820895522387919e-01 5.688845492165340856e-01
8.267973856209149819e-01 9.218750000000000000e-01 5.514018691588784549e-01 6.900584795321637044e-01 7.631381205090874698e-01
6.187050359712230607e-01 5.294117647058823595e-01 8.411214953271027583e-02 1.451612903225806273e-01 5.186642619008580146e-01
9.565217391304348116e-01 8.842975206611570771e-01 1.000000000000000000e+00 9.385964912280702066e-01 9.674418604651162656e-01
9.561128526645767955e-01 8.842975206611570771e-01 1.000000000000000000e+00 9.385964912280702066e-01 9.669811320754717610e-01
9.565217391304348116e-01 8.842975206611570771e-01 1.000000000000000000e+00 9.385964912280702066e-01 9.674418604651162656e-01
9.565217391304348116e-01 8.842975206611570771e-01 1.000000000000000000e+00 9.385964912280702066e-01 9.674418604651162656e-01
6.131147540983606925e-01 0.000000000000000000e+00 0.000000000000000000e+00 0.000000000000000000e+00 4.722222222222222099e-01
9.565217391304348116e-01 8.842975206611570771e-01 1.000000000000000000e+00 9.385964912280702066e-01 9.674418604651162656e-01
