8.806451612903225534e-01 7.430555555555555802e-01 1.000000000000000000e+00 8.525896414342629681e-01 9.088669950738916814e-01
5.669014084507042472e-01 1.000000000000000056e-01 1.869158878504672758e-02 3.149606299212597688e-02 4.584983367654047459e-01
8.639240506329114444e-01 7.133333333333333748e-01 1.000000000000000000e+00 8.326848249027237747e-01 8.971291866028708872e-01
5.236593059936908157e-01 0.000000000000000000e+00 0.000000000000000000e+00 0.000000000000000000e+00 3.952380952380952217e-01
5.288461538461538547e-01 0.000000000000000000e+00 0.000000000000000000e+00 0.000000000000000000e+00 4.024390243902439268e-01
5.411392405063291111e-01 1.041666666666666713e-01 4.672897196261682068e-02 6.451612903225806273e-02 4.204936725841791900e-01
5.305466237942122465e-01 0.000000000000000000e+00 0.000000000000000000e+00 0.000000000000000000e+00 4.044117647058823595e-01
5.290322580645161477e-01 0.000000000000000000e+00 0.000000000000000000e+00 0.000000000000000000e+00 4.039408866995073955e-01
5.428571428571428159e-01 1.063829787234042562e-01 4.672897196261682068e-02 6.493506493506494281e-02 4.224029475197699224e-01
5.301587301587301626e-01 2.325581395348837177e-02 9.345794392523363789e-03 1.333333333333333245e-02 4.037113587347231913e-01
5.155279503105589800e-01 0.000000000000000000e+00 0.000000000000000000e+00 0.000000000000000000e+00 3.860465116279069853e-01
5.222929936305732435e-01 0.000000000000000000e+00 0.000000000000000000e+00 0.000000000000000000e+00 3.961352657004830746e-01
8.694267515923567169e-01 7.229729729729730270e-01 1.000000000000000000e+00 8.392156862745098200e-01 9.009661835748792313e-01
5.423197492163009947e-01 1.694915254237288060e-01 9.345794392523364136e-02 1.204819277108433589e-01 4.311629342267677689e-01
5.155279503105589800e-01 0.000000000000000000e+00 0.000000000000000000e+00 0.000000000000000000e+00 3.860465116279069853e-01
8.666666666666666963e-01 7.181208053691274795e-01 1.000000000000000000e+00 8.359375000000000000e-01 8.990384615384615641e-01
8.921568627450980893e-01 7.642857142857142350e-01 1.000000000000000000e+00 8.663967611336031993e-01 9.170854271356784215e-01
5.155279503105589800e-01 0.000000000000000000e+00 0.000000000000000000e+00 0.000000000000000000e+00 3.860465116279069853e-01
8.548387096774193727e-01 7.246376811594202882e-01 9.345794392523364413e-01 8.163265306122449161e-01 8.736936605128677868e-01
5.328947368421053099e-01 2.702702702702702853e-02 9.345794392523363789e-03 1.388888888888888638e-02 4.133023388206271131e-01
8.834951456310680129e-01 7.482517482517482277e-01 1.000000000000000000e+00 8.559999999999999831e-01 9.108910891089109230e-01
6.752411575562701218e-01 5.365853658536585691e-01 4.112149532710280275e-01 4.656084656084655826e-01 6.124702217335532550e-01
5.286624203821655987e-01 2.325581395348837177e-02 9.345794392523363789e-03 1.333333333333333245e-02 4.032236218339427802e-01
8.322784810126582222e-01 6.928571428571428381e-01 9.065420560747663448e-01 7.854251012145748723e-01 8.504002146402540596e-01
5.423197492163009947e-01 1.694915254237288060e-01 9.345794392523364136e-02 1.204819277108433589e-01 4.311629342267677689e-01
5.155279503105589800e-01 0.000000000000000000e+00 0.000000000000000000e+00 0.000000000000000000e+00 3.860465116279069853e-01
5.155279503105589800e-01 0.000000000000000000e+00 0.000000000000000000e+00 0.000000000000000000e+00 3.860465116279069853e-01
5.288461538461538547e-01 0.000000000000000000e+00 0.000000000000000000e+00 0.000000000000000000e+00 4.024390243902439268e-01
5.254777070063694211e-01 0.000000000000000000e+00 0.000000000000000000e+00 0.000000000000000000e+00 3.985507246376811530e-01
8.611987381703469779e-01 7.086092715231787631e-01 1.000000000000000000e+00 8.294573643410853014e-01 8.952380952380951662e-01
5.155279503105589800e-01 0.000000000000000000e+00 0.000000000000000000e+00 0.000000000000000000e+00 3.860465116279069853e-01
5.238095238095238360e-01 0.000000000000000000e+00 0.000000000000000000e+00 0.000000000000000000e+00 3.966346153846154188e-01
5.335463258785942964e-01 6.666666666666666574e-02 2.803738317757009310e-02 3.947368421052631360e-02 4.120769440159695041e-01
5.627009646302251200e-01 1.914893617021276584e-01 8.411214953271027583e-02 1.168831168831168665e-01 4.489188198643943029e-01
5.286624203821655987e-01 0.000000000000000000e+00 0.000000000000000000e+00 0.000000000000000000e+00 4.009661835748792313e-01
8.584905660377358805e-01 7.039473684210526550e-01 1.000000000000000000e+00 8.262548262548262690e-01 8.933649289099526714e-01
5.189873417721518889e-01 2.127659574468085055e-02 9.345794392523363789e-03 1.298701298701298787e-02 3.946250503063095105e-01
