5.305466237942122465e-01 0.000000000000000000e+00 0.000000000000000000e+00 0.000000000000000000e+00 4.044117647058823595e-01
8.504672897196261516e-01 6.903225806451612767e-01 1.000000000000000000e+00 8.167938931297709093e-01 8.878504672897196137e-01
5.110410094637224399e-01 0.000000000000000000e+00 0.000000000000000000e+00 0.000000000000000000e+00 3.857142857142857317e-01
5.620915032679738577e-01 2.000000000000000111e-01 8.411214953271027583e-02 1.184210526315789408e-01 4.516038134598224230e-01
5.224358974358974672e-01 0.000000000000000000e+00 0.000000000000000000e+00 0.000000000000000000e+00 3.975609756097561176e-01
5.331125827814569007e-01 2.777777777777777624e-02 9.345794392523363789e-03 1.398601398601398600e-02 4.149293074526718694e-01
5.268138801261830206e-01 2.222222222222222307e-02 9.345794392523363789e-03 1.315789473684210627e-02 3.999109924343568490e-01
5.254777070063694211e-01 0.000000000000000000e+00 0.000000000000000000e+00 0.000000000000000000e+00 3.985507246376811530e-01
8.863636363636363535e-01 7.535211267605633756e-01 1.000000000000000000e+00 8.594377510040159818e-01 9.129353233830845848e-01
7.756410256410256610e-01 6.581196581196581130e-01 7.196261682242990343e-01 6.874999999999998890e-01 7.622521085023934440e-01
8.611987381703469779e-01 7.086092715231787631e-01 1.000000000000000000e+00 8.294573643410853014e-01 8.952380952380951662e-01
8.750000000000000000e-01 7.328767123287671659e-01 1.000000000000000000e+00 8.458498023715415037e-01 9.048780487804878314e-01
5.305466237942122465e-01 0.000000000000000000e+00 0.000000000000000000e+00 0.000000000000000000e+00 4.044117647058823595e-01
5.254777070063694211e-01 0.000000000000000000e+00 0.000000000000000000e+00 0.000000000000000000e+00 3.985507246376811530e-01
8.694267515923567169e-01 7.229729729729730270e-01 1.000000000000000000e+00 8.392156862745098200e-01 9.009661835748792313e-01
5.337620578778135005e-01 2.500000000000000139e-02 9.345794392523363789e-03 1.360544217687074606e-02 4.090846619021439867e-01
5.155279503105589800e-01 0.000000000000000000e+00 0.000000000000000000e+00 0.000000000000000000e+00 3.860465116279069853e-01
8.639240506329114444e-01 7.133333333333333748e-01 1.000000000000000000e+00 8.326848249027237747e-01 8.971291866028708872e-01
5.254777070063694211e-01 0.000000000000000000e+00 0.000000000000000000e+00 0.000000000000000000e+00 3.985507246376811530e-01
9.069767441860464574e-01 7.925925925925926263e-01 1.000000000000000000e+00 8.842975206611569661e-01 9.278350515463917869e-01
8.478260869565217295e-01 6.858974358974359031e-01 1.000000000000000000e+00 8.136882129277566156e-01 8.860465116279070408e-01
5.155279503105589800e-01 0.000000000000000000e+00 0.000000000000000000e+00 0.000000000000000000e+00 3.860465116279069853e-01
5.635179153094462823e-01 2.244897959183673464e-01 1.028037383177570069e-01 1.410256410256410242e-01 4.564018691588784815e-01
8.834951456310680129e-01 7.482517482517482277e-01 1.000000000000000000e+00 8.559999999999999831e-01 9.108910891089109230e-01
5.254777070063694211e-01 0.000000000000000000e+00 0.000000000000000000e+00 0.000000000000000000e+00 3.985507246376811530e-01
8.694267515923567169e-01 7.229729729729730270e-01 1.000000000000000000e+00 8.392156862745098200e-01 9.009661835748792313e-01
5.155279503105589800e-01 0.000000000000000000e+00 0.000000000000000000e+00 0.000000000000000000e+00 3.860465116279069853e-01
5.155279503105589800e-01 0.000000000000000000e+00 0.000000000000000000e+00 0.000000000000000000e+00 3.860465116279069853e-01
5.155279503105589800e-01 0.000000000000000000e+00 0.000000000000000000e+00 0.000000000000000000e+00 3.860465116279069853e-01
5.155279503105589800e-01 0.000000000000000000e+00 0.000000000000000000e+00 0.000000000000000000e+00 3.860465116279069853e-01
5.155279503105589800e-01 0.000000000000000000e+00 0.000000000000000000e+00 0.000000000000000000e+00 3.860465116279069853e-01
5.305466237942122465e-01 0.000000000000000000e+00 0.000000000000000000e+00 0.000000000000000000e+00 4.044117647058823595e-01
8.504672897196261516e-01 6.903225806451612767e-01 1.000000000000000000e+00 8.167938931297709093e-01 8.878504672897196137e-01
8.611987381703469779e-01 7.086092715231787631e-01 1.000000000000000000e+00 8.294573643410853014e-01 8.952380952380951662e-01
6.772151898734176667e-01 5.268817204301075030e-01 4.579439252336448551e-01 4.899999999999999911e-01 6.237088047220855636e-01
5.418060200668896043e-01 3.125000000000000000e-02 9.345794392523363789e-03 1.438848920863309254e-02 4.239437305295949421e-01
5.254777070063694211e-01 0.000000000000000000e+00 0.000000000000000000e+00 0.000000000000000000e+00 3.985507246376811530e-01
