5.155279503105589800e-01 0.000000000000000000e+00 0.000000000000000000e+00 0.000000000000000000e+00 3.860465116279069853e-01
5.155279503105589800e-01 0.000000000000000000e+00 0.000000000000000000e+00 0.000000000000000000e+00 3.860465116279069853e-01
5.155279503105589800e-01 0.000000000000000000e+00 0.000000000000000000e+00 0.000000000000000000e+00 3.860465116279069853e-01
8.666666666666666963e-01 7.181208053691274795e-01 1.000000000000000000e+00 8.359375000000000000e-01 8.990384615384615641e-01
8.355263157894736725e-01 7.244094488188976833e-01 8.598130841121495171e-01 7.863247863247863068e-01 8.410740547464301553e-01
8.806451612903225534e-01 7.430555555555555802e-01 1.000000000000000000e+00 8.525896414342629681e-01 9.088669950738916814e-01
8.722044728434504846e-01 7.278911564625850650e-01 1.000000000000000000e+00 8.425196850393700254e-01 9.029126213592232331e-01
6.038961038961039307e-01 3.636363636363636465e-01 1.869158878504672827e-01 2.469135802469135665e-01 5.063932673083182401e-01
5.155279503105589800e-01 0.000000000000000000e+00 0.000000000000000000e+00 0.000000000000000000e+00 3.860465116279069853e-01
7.459807073954983769e-01 6.296296296296296502e-01 6.355140186915887446e-01 6.325581395348837122e-01 7.197177936595199332e-01
5.155279503105589800e-01 0.000000000000000000e+00 0.000000000000000000e+00 0.000000000000000000e+00 3.860465116279069853e-01
8.750000000000000000e-01 7.328767123287671659e-01 1.000000000000000000e+00 8.458498023715415037e-01 9.048780487804878314e-01
5.155279503105589800e-01 0.000000000000000000e+00 0.000000000000000000e+00 0.000000000000000000e+00 3.860465116279069853e-01
5.288461538461538547e-01 0.000000000000000000e+00 0.000000000000000000e+00 0.000000000000000000e+00 4.024390243902439268e-01
8.694267515923567169e-01 7.229729729729730270e-01 1.000000000000000000e+00 8.392156862745098200e-01 9.009661835748792313e-01
5.155279503105589800e-01 0.000000000000000000e+00 0.000000000000000000e+00 0.000000000000000000e+00 3.860465116279069853e-01
8.557993730407523758e-01 6.993464052287581278e-01 1.000000000000000000e+00 8.230769230769230393e-01 8.915094339622641195e-01
8.557993730407523758e-01 6.993464052287581278e-01 1.000000000000000000e+00 8.230769230769230393e-01 8.915094339622641195e-01
5.155279503105589800e-01 0.000000000000000000e+00 0.000000000000000000e+00 0.000000000000000000e+00 3.860465116279069853e-01
5.155279503105589800e-01 0.000000000000000000e+00 0.000000000000000000e+00 0.000000000000000000e+00 3.860465116279069853e-01
5.404530744336569770e-01 5.128205128205128027e-02 1.869158878504672758e-02 2.739726027397260122e-02 4.177616359766818110e-01
8.531250000000000222e-01 6.948051948051947591e-01 1.000000000000000000e+00 8.199233716475095024e-01 8.896713615023474908e-01
5.155279503105589800e-01 0.000000000000000000e+00 0.000000000000000000e+00 0.000000000000000000e+00 3.860465116279069853e-01
5.322580645161290036e-01 0.000000000000000000e+00 0.000000000000000000e+00 0.000000000000000000e+00 4.064039408866995107e-01
5.288461538461538547e-01 0.000000000000000000e+00 0.000000000000000000e+00 0.000000000000000000e+00 4.024390243902439268e-01
8.694267515923567169e-01 7.229729729729730270e-01 1.000000000000000000e+00 8.392156862745098200e-01 9.009661835748792313e-01
6.793650793650793940e-01 5.326086956521739468e-01 4.579439252336448551e-01 4.924623115577889121e-01 6.256065780014378186e-01
5.307443365695793114e-01 0.000000000000000000e+00 0.000000000000000000e+00 0.000000000000000000e+00 4.059405940594059681e-01
5.348837209302325091e-01 2.857142857142857054e-02 9.345794392523363789e-03 1.408450704225351971e-02 4.170440312168801622e-01
5.305466237942122465e-01 0.000000000000000000e+00 0.000000000000000000e+00 0.000000000000000000e+00 4.044117647058823595e-01
5.320512820512820484e-01 0.000000000000000000e+00 0.000000000000000000e+00 0.000000000000000000e+00 4.048780487804878314e-01
9.069767441860464574e-01 7.925925925925926263e-01 1.000000000000000000e+00 8.842975206611569661e-01 9.278350515463917869e-01
5.155279503105589800e-01 0.000000000000000000e+00 0.000000000000000000e+00 0.000000000000000000e+00 3.860465116279069853e-01
8.317152103559870557e-01 7.131782945736434565e-01 8.598130841121495171e-01 7.796610169491525744e-01 8.383223836402332596e-01
8.504672897196261516e-01 6.903225806451612767e-01 1.000000000000000000e+00 8.167938931297709093e-01 8.878504672897196137e-01
8.531250000000000222e-01 6.948051948051947591e-01 1.000000000000000000e+00 8.199233716475095024e-01 8.896713615023474908e-01
7.307692307692307265e-01 6.138613861386138515e-01 5.794392523364485514e-01 5.961538461538461453e-01 6.945976749487120516e-01
