8.945686900958466081e-01 7.642857142857142350e-01 1.000000000000000000e+00 8.663967611336031993e-01 9.199029126213591478e-01
5.673758865248227368e-01 1.052631578947368363e-01 1.869158878504672758e-02 3.174603174603174427e-02 4.607743658210947668e-01
8.974358974358974672e-01 7.697841726618704916e-01 1.000000000000000000e+00 8.699186991869918284e-01 9.219512195121950526e-01
5.372670807453415742e-01 0.000000000000000000e+00 0.000000000000000000e+00 0.000000000000000000e+00 4.023255813953488524e-01
5.724137931034483096e-01 5.263157894736841813e-02 9.345794392523363789e-03 1.587301587301587213e-02 4.554925693274091691e-01
5.641025641025640969e-01 7.142857142857142461e-02 9.345794392523363789e-03 1.652892561983470773e-02 4.655162706902375436e-01
5.440251572327043927e-01 0.000000000000000000e+00 0.000000000000000000e+00 0.000000000000000000e+00 4.099526066350711040e-01
5.656565656565656353e-01 4.166666666666666435e-02 9.345794392523363789e-03 1.526717557251908164e-02 4.441465814067879214e-01
5.798611111111111605e-01 6.250000000000000000e-02 9.345794392523363789e-03 1.626016260162601451e-02 4.632364331078638320e-01
5.704918032786885362e-01 3.846153846153846367e-02 9.345794392523363789e-03 1.503759398496240518e-02 4.415415840649484780e-01
5.372670807453415742e-01 0.000000000000000000e+00 0.000000000000000000e+00 0.000000000000000000e+00 4.023255813953488524e-01
5.580645161290322953e-01 3.125000000000000000e-02 9.345794392523363789e-03 1.438848920863309254e-02 4.283182173933060000e-01
8.750000000000000000e-01 7.278911564625850650e-01 1.000000000000000000e+00 8.425196850393700254e-01 9.061032863849765029e-01
5.562700964630225009e-01 8.108108108108108558e-02 2.803738317757009310e-02 4.166666666666666435e-02 4.306853582554516779e-01
5.372670807453415742e-01 0.000000000000000000e+00 0.000000000000000000e+00 0.000000000000000000e+00 4.023255813953488524e-01
9.150326797385620603e-01 8.045112781954887327e-01 1.000000000000000000e+00 8.916666666666667185e-01 9.346733668341709045e-01
9.150326797385620603e-01 8.045112781954887327e-01 1.000000000000000000e+00 8.916666666666667185e-01 9.346733668341709045e-01
5.372670807453415742e-01 0.000000000000000000e+00 0.000000000000000000e+00 0.000000000000000000e+00 4.023255813953488524e-01
9.114754098360655643e-01 7.985074626865671377e-01 1.000000000000000000e+00 8.879668049792530660e-01 9.318181818181818787e-01
5.483870967741935054e-01 2.857142857142857054e-02 9.345794392523363789e-03 1.408450704225351971e-02 4.209290548317295988e-01
8.860759493670885556e-01 7.482517482517482277e-01 1.000000000000000000e+00 8.559999999999999831e-01 9.138755980861243966e-01
5.667752442996742968e-01 6.666666666666666574e-02 1.869158878504672758e-02 2.919708029197079849e-02 4.393457943925233589e-01
5.527156549520766404e-01 2.857142857142857054e-02 9.345794392523363789e-03 1.408450704225351971e-02 4.221486253516014142e-01
8.777429467084639780e-01 7.328767123287671659e-01 1.000000000000000000e+00 8.458498023715415037e-01 9.080188679245282390e-01
5.562700964630225009e-01 8.108108108108108558e-02 2.803738317757009310e-02 4.166666666666666435e-02 4.306853582554516779e-01
5.372670807453415742e-01 0.000000000000000000e+00 0.000000000000000000e+00 0.000000000000000000e+00 4.023255813953488524e-01
5.537459283387622389e-01 3.125000000000000000e-02 9.345794392523363789e-03 1.438848920863309254e-02 4.271728971962616139e-01
5.501618122977346426e-01 0.000000000000000000e+00 0.000000000000000000e+00 0.000000000000000000e+00 4.207920792079207772e-01
5.512820512820513219e-01 0.000000000000000000e+00 0.000000000000000000e+00 0.000000000000000000e+00 4.195121951219512035e-01
8.945686900958466081e-01 7.642857142857142350e-01 1.000000000000000000e+00 8.663967611336031993e-01 9.199029126213591478e-01
5.372670807453415742e-01 0.000000000000000000e+00 0.000000000000000000e+00 0.000000000000000000e+00 4.023255813953488524e-01
5.477707006369426646e-01 2.702702702702702853e-02 9.345794392523363789e-03 1.388888888888888638e-02 4.177163754571311949e-01
5.594855305466237549e-01 3.125000000000000000e-02 9.345794392523363789e-03 1.438848920863309254e-02 4.286925050393988745e-01
5.929487179487179516e-01 2.727272727272727071e-01 1.121495327102803724e-01 1.589403973509933565e-01 4.780259858673353013e-01
5.552050473186119772e-01 7.499999999999999722e-02 2.803738317757009310e-02 4.081632653061224858e-02 4.259234534935468774e-01
8.805031446540880768e-01 7.379310344827586521e-01 1.000000000000000000e+00 8.492063492063492980e-01 9.099526066350711595e-01
5.562700964630225009e-01 8.108108108108108558e-02 2.803738317757009310e-02 4.166666666666666435e-02 4.306853582554516779e-01
