5.518394648829431093e-01 3.448275862068965469e-02 9.345794392523363789e-03 1.470588235294117453e-02 4.317562305295949421e-01
8.750000000000000000e-01 7.278911564625850650e-01 1.000000000000000000e+00 8.425196850393700254e-01 9.061032863849765029e-01
5.483870967741935054e-01 2.857142857142857054e-02 9.345794392523363789e-03 1.408450704225351971e-02 4.209290548317295988e-01
5.838926174496644750e-01 2.424242424242424310e-01 7.476635514018691031e-02 1.142857142857142683e-01 4.719381513920830051e-01
5.389408099688473008e-01 0.000000000000000000e+00 0.000000000000000000e+00 0.000000000000000000e+00 4.042056074766355311e-01
5.858585858585858563e-01 1.000000000000000056e-01 1.869158878504672758e-02 3.149606299212597688e-02 4.619773733398918059e-01
5.471698113207547065e-01 2.564102564102564014e-02 9.345794392523363789e-03 1.369863013698630061e-02 4.146255038313327868e-01
5.596026490066224879e-01 0.000000000000000000e+00 0.000000000000000000e+00 0.000000000000000000e+00 4.333333333333333481e-01
8.917197452229299603e-01 7.588652482269503396e-01 1.000000000000000000e+00 8.629032258064516236e-01 9.178743961352656688e-01
8.971061093247588714e-01 7.697841726618704916e-01 1.000000000000000000e+00 8.699186991869918284e-01 9.215686274509804488e-01
8.216560509554140523e-01 7.142857142857143016e-01 7.943925233644859585e-01 7.522123893805310324e-01 8.150706578175086481e-01
8.983606557377049606e-01 7.968750000000000000e-01 9.532710280373831724e-01 8.680851063829787551e-01 9.109789483621258954e-01
6.401273885350318160e-01 4.516129032258064391e-01 2.616822429906541791e-01 3.313609467455621016e-01 5.487155176305927862e-01
5.671140939597315578e-01 4.166666666666666435e-02 9.345794392523363789e-03 1.526717557251908164e-02 4.444634731124920135e-01
8.917197452229299603e-01 7.588652482269503396e-01 1.000000000000000000e+00 8.629032258064516236e-01 9.178743961352656688e-01
5.457413249211356954e-01 2.564102564102564014e-02 9.345794392523363789e-03 1.369863013698630061e-02 4.141967067200711394e-01
5.372670807453415742e-01 0.000000000000000000e+00 0.000000000000000000e+00 0.000000000000000000e+00 4.023255813953488524e-01
8.860759493670885556e-01 7.482517482517482277e-01 1.000000000000000000e+00 8.559999999999999831e-01 9.138755980861243966e-01
5.573770491803278215e-01 0.000000000000000000e+00 0.000000000000000000e+00 0.000000000000000000e+00 4.292929292929292817e-01
9.120521172638436092e-01 7.985074626865671377e-01 1.000000000000000000e+00 8.879668049792530660e-01 9.324999999999999956e-01
8.888888888888888395e-01 7.535211267605633756e-01 1.000000000000000000e+00 8.594377510040159818e-01 9.158653846153845812e-01
5.372670807453415742e-01 0.000000000000000000e+00 0.000000000000000000e+00 0.000000000000000000e+00 4.023255813953488524e-01
5.401929260450161197e-01 2.631578947368420907e-02 9.345794392523363789e-03 1.379310344827586188e-02 4.139866226864576948e-01
9.032258064516128782e-01 7.810218978102190235e-01 1.000000000000000000e+00 8.770491803278688270e-01 9.261083743842364324e-01
5.671140939597315578e-01 4.166666666666666435e-02 9.345794392523363789e-03 1.526717557251908164e-02 4.444634731124920135e-01
8.917197452229299603e-01 7.588652482269503396e-01 1.000000000000000000e+00 8.629032258064516236e-01 9.178743961352656688e-01
5.439739413680781954e-01 2.857142857142857054e-02 9.345794392523363789e-03 1.408450704225351971e-02 4.196728971962616073e-01
5.372670807453415742e-01 0.000000000000000000e+00 0.000000000000000000e+00 0.000000000000000000e+00 4.023255813953488524e-01
5.372670807453415742e-01 0.000000000000000000e+00 0.000000000000000000e+00 0.000000000000000000e+00 4.023255813953488524e-01
5.728813559322033511e-01 4.761904761904761640e-02 9.345794392523363789e-03 1.562499999999999827e-02 4.514814078345594783e-01
5.559105431309904199e-01 2.941176470588235253e-02 9.345794392523363789e-03 1.418439716312056530e-02 4.245758098176208306e-01
5.606557377049180557e-01 3.448275862068965469e-02 9.345794392523363789e-03 1.470588235294117453e-02 4.339658264891909090e-01
8.777429467084639780e-01 7.328767123287671659e-01 1.000000000000000000e+00 8.458498023715415037e-01 9.080188679245282390e-01
8.888888888888888395e-01 7.535211267605633756e-01 1.000000000000000000e+00 8.594377510040159818e-01 9.158653846153845812e-01
5.759493670886075556e-01 2.000000000000000111e-01 8.411214953271027583e-02 1.184210526315789408e-01 4.559316728524794859e-01
5.566343042071197900e-01 0.000000000000000000e+00 0.000000000000000000e+00 0.000000000000000000e+00 4.257425742574257321e-01
5.573770491803278215e-01 3.333333333333333287e-02 9.345794392523363789e-03 1.459854014598539924e-02 4.314405739639384230e-01
