5.372670807453415742e-01 0.000000000000000000e+00 0.000000000000000000e+00 0.000000000000000000e+00 4.023255813953488524e-01
5.451612903225806495e-01 0.000000000000000000e+00 0.000000000000000000e+00 0.000000000000000000e+00 4.162561576354679715e-01
5.738255033557047025e-01 4.545454545454545581e-02 9.345794392523363789e-03 1.550387596899224611e-02 4.496990752067328012e-01
8.917197452229299603e-01 7.588652482269503396e-01 1.000000000000000000e+00 8.629032258064516236e-01 9.178743961352656688e-01
8.758169934640522847e-01 7.804878048780488076e-01 8.971962616822429792e-01 8.347826086956522396e-01 8.807589348612220315e-01
9.061488673139158623e-01 7.867647058823529216e-01 1.000000000000000000e+00 8.806584362139917577e-01 9.282178217821781541e-01
9.090909090909090606e-01 7.925925925925926263e-01 1.000000000000000000e+00 8.842975206611569661e-01 9.303482587064676457e-01
5.704697986577180746e-01 4.347826086956521618e-02 9.345794392523363789e-03 1.538461538461538200e-02 4.470812741596124629e-01
5.372670807453415742e-01 0.000000000000000000e+00 0.000000000000000000e+00 0.000000000000000000e+00 4.023255813953488524e-01
6.486486486486486847e-01 5.272727272727272263e-01 2.710280373831775447e-01 3.580246913580246715e-01 5.667309499085199098e-01
5.372670807453415742e-01 0.000000000000000000e+00 0.000000000000000000e+00 0.000000000000000000e+00 4.023255813953488524e-01
8.945686900958466081e-01 7.642857142857142350e-01 1.000000000000000000e+00 8.663967611336031993e-01 9.199029126213591478e-01
5.457413249211356954e-01 0.000000000000000000e+00 0.000000000000000000e+00 0.000000000000000000e+00 4.119047619047618847e-01
5.733333333333333615e-01 1.612903225806451568e-01 4.672897196261682068e-02 7.246376811594201772e-02 4.560069730279404654e-01
9.061488673139158623e-01 7.867647058823529216e-01 1.000000000000000000e+00 8.806584362139917577e-01 9.282178217821781541e-01
5.537459283387622389e-01 3.125000000000000000e-02 9.345794392523363789e-03 1.438848920863309254e-02 4.271728971962616139e-01
8.750000000000000000e-01 7.278911564625850650e-01 1.000000000000000000e+00 8.425196850393700254e-01 9.061032863849765029e-01
8.974358974358974672e-01 7.697841726618704916e-01 1.000000000000000000e+00 8.699186991869918284e-01 9.219512195121950526e-01
5.451612903225806495e-01 0.000000000000000000e+00 0.000000000000000000e+00 0.000000000000000000e+00 4.162561576354679715e-01
5.406250000000000222e-01 0.000000000000000000e+00 0.000000000000000000e+00 0.000000000000000000e+00 4.061032863849765029e-01
5.814696485623003230e-01 2.391304347826087029e-01 1.028037383177570069e-01 1.437908496732026031e-01 4.664504128481988254e-01
8.832807570977917466e-01 7.430555555555555802e-01 1.000000000000000000e+00 8.525896414342629681e-01 9.119047619047618847e-01
5.372670807453415742e-01 0.000000000000000000e+00 0.000000000000000000e+00 0.000000000000000000e+00 4.023255813953488524e-01
5.527156549520766404e-01 2.857142857142857054e-02 9.345794392523363789e-03 1.408450704225351971e-02 4.221486253516014142e-01
5.733333333333333615e-01 1.612903225806451568e-01 4.672897196261682068e-02 7.246376811594201772e-02 4.560069730279404654e-01
9.061488673139158623e-01 7.867647058823529216e-01 1.000000000000000000e+00 8.806584362139917577e-01 9.282178217821781541e-01
5.488958990536277893e-01 5.000000000000000278e-02 1.869158878504672758e-02 2.721088435374149211e-02 4.188696039163328777e-01
5.723684210526315264e-01 1.515151515151515194e-01 4.672897196261682068e-02 7.142857142857142461e-02 4.522984961335926313e-01
5.566343042071197900e-01 0.000000000000000000e+00 0.000000000000000000e+00 0.000000000000000000e+00 4.257425742574257321e-01
5.372670807453415742e-01 0.000000000000000000e+00 0.000000000000000000e+00 0.000000000000000000e+00 4.023255813953488524e-01
5.439739413680781954e-01 2.857142857142857054e-02 9.345794392523363789e-03 1.408450704225351971e-02 4.196728971962616073e-01
9.120521172638436092e-01 7.985074626865671377e-01 1.000000000000000000e+00 8.879668049792530660e-01 9.324999999999999956e-01
5.460526315789473450e-01 3.030303030303030387e-02 9.345794392523363789e-03 1.428571428571428353e-02 4.234546230845864789e-01
8.127090301003344619e-01 7.684210526315788936e-01 6.822429906542055722e-01 7.227722772277226371e-01 7.838298286604361564e-01
8.722741433021806712e-01 7.229729729729730270e-01 1.000000000000000000e+00 8.392156862745098200e-01 9.042056074766355867e-01
8.777429467084639780e-01 7.328767123287671659e-01 1.000000000000000000e+00 8.458498023715415037e-01 9.080188679245282390e-01
8.106312292358803795e-01 7.358490566037735325e-01 7.289719626168223998e-01 7.323943661971830110e-01 7.923210328548029313e-01
