9.493670886075948889e-01 9.174311926605505096e-01 9.345794392523364413e-01 9.259259259259260411e-01 9.457586191476993198e-01
9.626168224299065379e-01 8.991596638655462437e-01 1.000000000000000000e+00 9.469026548672566657e-01 9.719626168224299034e-01
9.626168224299065379e-01 8.991596638655462437e-01 1.000000000000000000e+00 9.469026548672566657e-01 9.719626168224299034e-01
8.161993769470404780e-01 8.333333333333333703e-01 5.607476635514018204e-01 6.703910614525139255e-01 7.523364485981308691e-01
7.344262295081966929e-01 7.708333333333333703e-01 3.457943925233644689e-01 4.774193548387096753e-01 6.451194184839044166e-01
9.682539682539682557e-01 9.145299145299145005e-01 1.000000000000000000e+00 9.553571428571429047e-01 9.759615384615384359e-01
7.197452229299362569e-01 7.435897435897436125e-01 2.710280373831775447e-01 3.972602739726027177e-01 6.113594293196080720e-01
9.626168224299065379e-01 8.991596638655462437e-01 1.000000000000000000e+00 9.469026548672566657e-01 9.719626168224299034e-01
9.626168224299065379e-01 8.991596638655462437e-01 1.000000000000000000e+00 9.469026548672566657e-01 9.719626168224299034e-01
9.626168224299065379e-01 8.991596638655462437e-01 1.000000000000000000e+00 9.469026548672566657e-01 9.719626168224299034e-01
9.655172413793103869e-01 9.067796610169491789e-01 1.000000000000000000e+00 9.511111111111111294e-01 9.740566037735848282e-01
9.655172413793103869e-01 9.067796610169491789e-01 1.000000000000000000e+00 9.511111111111111294e-01 9.740566037735848282e-01
9.626168224299065379e-01 8.991596638655462437e-01 1.000000000000000000e+00 9.469026548672566657e-01 9.719626168224299034e-01
6.711409395973154668e-01 6.956521739130434590e-01 1.495327102803738206e-01 2.461538461538461120e-01 5.564417478103440562e-01
9.596273291925465632e-01 8.916666666666667185e-01 1.000000000000000000e+00 9.427312775330397576e-01 9.697674418604650404e-01
6.805111821086261559e-01 6.206896551724138122e-01 1.682242990654205517e-01 2.647058823529411797e-01 5.574131204064967093e-01
9.655172413793103869e-01 9.067796610169491789e-01 1.000000000000000000e+00 9.511111111111111294e-01 9.740566037735848282e-01
9.626168224299065379e-01 8.991596638655462437e-01 1.000000000000000000e+00 9.469026548672566657e-01 9.719626168224299034e-01
9.626168224299065379e-01 8.991596638655462437e-01 1.000000000000000000e+00 9.469026548672566657e-01 9.719626168224299034e-01
9.656249999999999556e-01 9.067796610169491789e-01 1.000000000000000000e+00 9.511111111111111294e-01 9.741784037558686160e-01
9.596273291925465632e-01 8.916666666666667185e-01 1.000000000000000000e+00 9.427312775330397576e-01 9.697674418604650404e-01
7.041800643086816303e-01 7.272727272727272929e-01 2.242990654205607448e-01 3.428571428571428603e-01 5.900907091808685889e-01
7.420382165605095004e-01 7.826086956521739468e-01 3.364485981308411033e-01 4.705882352941176405e-01 6.440697096934399069e-01
9.596273291925465632e-01 8.916666666666667185e-01 1.000000000000000000e+00 9.427312775330397576e-01 9.697674418604650404e-01
6.711409395973154668e-01 6.956521739130434590e-01 1.495327102803738206e-01 2.461538461538461120e-01 5.564417478103440562e-01
9.596273291925465632e-01 8.916666666666667185e-01 1.000000000000000000e+00 9.427312775330397576e-01 9.697674418604650404e-01
9.626168224299065379e-01 8.991596638655462437e-01 1.000000000000000000e+00 9.469026548672566657e-01 9.719626168224299034e-01
7.893081761006289776e-01 8.225806451612903691e-01 4.766355140186915862e-01 6.035502958579881394e-01 7.122514062984452998e-01
8.270440251572327428e-01 8.611111111111111605e-01 5.794392523364485514e-01 6.927374301675978119e-01 7.660229437037692213e-01
8.562091503267973414e-01 9.436619718309858795e-01 6.261682242990653791e-01 7.528089887640448952e-01 8.030338608932512390e-01
6.415770609318995898e-01 7.692307692307692735e-01 9.345794392523364136e-02 1.666666666666666574e-01 5.380080417300586726e-01
9.656249999999999556e-01 9.067796610169491789e-01 1.000000000000000000e+00 9.511111111111111294e-01 9.741784037558686160e-01
9.626168224299065379e-01 8.991596638655462437e-01 1.000000000000000000e+00 9.469026548672566657e-01 9.719626168224299034e-01
9.596273291925465632e-01 8.916666666666667185e-01 1.000000000000000000e+00 9.427312775330397576e-01 9.697674418604650404e-01
9.596273291925465632e-01 8.916666666666667185e-01 1.000000000000000000e+00 9.427312775330397576e-01 9.697674418604650404e-01
6.870967741935484208e-01 7.083333333333333703e-01 1.588785046728971861e-01 2.595419847328244156e-01 5.621978730261038004e-01
9.596273291925465632e-01 8.916666666666667185e-01 1.000000000000000000e+00 9.427312775330397576e-01 9.697674418604650404e-01
