5.844594594594594295e-01 1.000000000000000056e-01 1.869158878504672758e-02 3.149606299212597688e-02 4.617267467734757491e-01
8.895899053627760455e-01 7.535211267605633756e-01 1.000000000000000000e+00 8.594377510040159818e-01 9.166666666666667407e-01
5.868055555555555802e-01 7.142857142857142461e-02 9.345794392523363789e-03 1.652892561983470773e-02 4.687612949863168565e-01
6.557377049180327377e-01 5.192307692307692735e-01 2.523364485981308136e-01 3.396226415094338869e-01 5.630369111677522298e-01
5.530546623794212469e-01 2.941176470588235253e-02 9.345794392523363789e-03 1.418439716312056530e-02 4.237905442550851665e-01
5.803278688524590168e-01 1.111111111111111049e-01 2.803738317757009310e-02 4.477611940298507204e-02 4.534126309827243850e-01
5.663430420711974556e-01 3.448275862068965469e-02 9.345794392523363789e-03 1.470588235294117453e-02 4.353659665031923698e-01
6.027874564459930751e-01 1.818181818181818232e-01 1.869158878504672758e-02 3.389830508474575566e-02 4.843457943925233433e-01
9.038461538461538547e-01 7.810218978102190235e-01 1.000000000000000000e+00 8.770491803278688270e-01 9.268292682926828618e-01
6.129032258064516236e-01 3.555555555555555691e-01 1.495327102803738206e-01 2.105263157894737003e-01 5.033377837116155273e-01
9.064516129032258451e-01 7.867647058823529216e-01 1.000000000000000000e+00 8.806584362139917577e-01 9.285714285714286031e-01
9.009584664536741672e-01 7.753623188405797118e-01 1.000000000000000000e+00 8.734693877551020780e-01 9.247572815533980917e-01
5.850340136054421603e-01 1.052631578947368363e-01 1.869158878504672758e-02 3.174603174603174427e-02 4.638912489379778958e-01
6.633333333333333304e-01 5.681818181818182323e-01 2.336448598130841103e-01 3.311258278145695066e-01 5.675996319790809208e-01
8.980891719745223156e-01 7.697841726618704916e-01 1.000000000000000000e+00 8.699186991869918284e-01 9.227053140096618256e-01
5.635179153094462823e-01 3.448275862068965469e-02 9.345794392523363789e-03 1.470588235294117453e-02 4.346728971962616206e-01
5.830508474576271416e-01 5.555555555555555247e-02 9.345794392523363789e-03 1.600000000000000033e-02 4.594601312388147951e-01
5.594855305466237549e-01 3.125000000000000000e-02 9.345794392523363789e-03 1.438848920863309254e-02 4.286925050393988745e-01
5.819397993311036243e-01 9.090909090909091161e-02 1.869158878504672758e-02 3.100775193798449222e-02 4.572624610591900507e-01
9.155844155844156118e-01 8.045112781954887327e-01 1.000000000000000000e+00 8.916666666666667185e-01 9.353233830845771868e-01
8.952380952380952772e-01 7.642857142857142350e-01 1.000000000000000000e+00 8.663967611336031993e-01 9.206730769230768718e-01
6.101694915254237683e-01 3.666666666666666408e-01 1.028037383177570069e-01 1.605839416058394142e-01 5.008699542652614856e-01
6.046511627906976383e-01 3.125000000000000000e-01 9.345794392523364136e-02 1.438848920863309289e-01 4.900279410347817555e-01
8.459016393442623238e-01 7.678571428571429047e-01 8.037383177570093240e-01 7.853881278538813460e-01 8.362125932219389712e-01
6.633333333333333304e-01 5.681818181818182323e-01 2.336448598130841103e-01 3.311258278145695066e-01 5.675996319790809208e-01
8.980891719745223156e-01 7.697841726618704916e-01 1.000000000000000000e+00 8.699186991869918284e-01 9.227053140096618256e-01
5.509554140127388422e-01 2.777777777777777624e-02 9.345794392523363789e-03 1.398601398601398600e-02 4.201318343943292732e-01
5.810810810810810301e-01 5.263157894736841813e-02 9.345794392523363789e-03 1.587301587301587213e-02 4.570538495772140664e-01
5.916955017301037678e-01 1.333333333333333315e-01 1.869158878504672758e-02 3.278688524590163411e-02 4.736315086782376671e-01
5.699999999999999512e-01 4.166666666666666435e-02 9.345794392523363789e-03 1.526717557251908164e-02 4.450874049682823630e-01
5.785953177257524560e-01 4.761904761904761640e-02 9.345794392523363789e-03 1.562499999999999827e-02 4.525895638629283124e-01
5.925925925925925597e-01 6.250000000000000000e-02 9.345794392523363789e-03 1.626016260162601451e-02 4.651992129857352998e-01
8.924050632911392222e-01 7.588652482269503396e-01 1.000000000000000000e+00 8.629032258064516236e-01 9.186602870813397326e-01
5.761589403973509382e-01 4.347826086956521618e-02 9.345794392523363789e-03 1.538461538461538200e-02 4.482626407860051954e-01
5.846645367412141026e-01 2.051282051282051211e-01 7.476635514018691031e-02 1.095890410958904049e-01 4.621404591234915538e-01
6.125827814569536622e-01 3.529411764705882582e-01 1.121495327102803724e-01 1.702127659574468044e-01 4.996645099448837057e-01
5.993031358885017035e-01 1.666666666666666574e-01 1.869158878504672758e-02 3.361344537815125905e-02 4.815680166147455754e-01
