9.096774193548387011e-01 7.925925925925926263e-01 1.000000000000000000e+00 8.842975206611569661e-01 9.310344827586206629e-01
6.192170818505338126e-01 5.000000000000000000e-01 8.411214953271027583e-02 1.439999999999999891e-01 5.161940058008378518e-01
9.215686274509803377e-01 8.167938931297710203e-01 1.000000000000000000e+00 8.991596638655461327e-01 9.396984924623116298e-01
5.534591194968553340e-01 2.702702702702702853e-02 9.345794392523363789e-03 1.388888888888888638e-02 4.193648403242237754e-01
5.766666666666666607e-01 4.545454545454545581e-02 9.345794392523363789e-03 1.550387596899224611e-02 4.502687521185414488e-01
5.614617940199335688e-01 3.703703703703703498e-02 9.345794392523363789e-03 1.492537313432835792e-02 4.376625879179111278e-01
6.063829787234042978e-01 3.333333333333333148e-01 3.738317757009345516e-02 6.722689075630251809e-02 4.958344459279038774e-01
5.892255892255892080e-01 5.882352941176470507e-02 9.345794392523363789e-03 1.612903225806451221e-02 4.625676340383668705e-01
5.775577557755775526e-01 4.347826086956521618e-02 9.345794392523363789e-03 1.538461538461538200e-02 4.485504482166697837e-01
7.901639344262294529e-01 7.362637362637363125e-01 6.261682242990653791e-01 6.767676767676767957e-01 7.524780515434721373e-01
5.608974358974359031e-01 0.000000000000000000e+00 0.000000000000000000e+00 0.000000000000000000e+00 4.268292682926829174e-01
5.573770491803278215e-01 3.333333333333333287e-02 9.345794392523363789e-03 1.459854014598539924e-02 4.314405739639384230e-01
8.952380952380952772e-01 7.642857142857142350e-01 1.000000000000000000e+00 8.663967611336031993e-01 9.206730769230768718e-01
5.667752442996742968e-01 6.666666666666666574e-02 1.869158878504672758e-02 2.919708029197079849e-02 4.393457943925233589e-01
5.718954248366012738e-01 3.846153846153846367e-02 9.345794392523363789e-03 1.503759398496240518e-02 4.418588268445028389e-01
9.126213592233010097e-01 7.985074626865671377e-01 1.000000000000000000e+00 8.879668049792530660e-01 9.331683168316831090e-01
9.038461538461538547e-01 7.810218978102190235e-01 1.000000000000000000e+00 8.770491803278688270e-01 9.268292682926828618e-01
5.512820512820513219e-01 2.857142857142857054e-02 9.345794392523363789e-03 1.408450704225351971e-02 4.217460679279689262e-01
8.631921824104235030e-01 7.777777777777777901e-01 8.504672897196261516e-01 8.125000000000001110e-01 8.602336448598131291e-01
5.758620689655172820e-01 5.555555555555555247e-02 9.345794392523363789e-03 1.600000000000000033e-02 4.582248097645676421e-01
9.009584664536741672e-01 7.753623188405797118e-01 1.000000000000000000e+00 8.734693877551020780e-01 9.247572815533980917e-01
5.824915824915825047e-01 9.523809523809523281e-02 1.869158878504672758e-02 3.124999999999999653e-02 4.593457943925233766e-01
5.645161290322581182e-01 3.333333333333333287e-02 9.345794392523363789e-03 1.459854014598539924e-02 4.332443257676902304e-01
6.784565916398713759e-01 5.507246376811594235e-01 3.551401869158878344e-01 4.318181818181817677e-01 6.015897013010812477e-01
5.667752442996742968e-01 6.666666666666666574e-02 1.869158878504672758e-02 2.919708029197079849e-02 4.393457943925233589e-01
5.718954248366012738e-01 3.846153846153846367e-02 9.345794392523363789e-03 1.503759398496240518e-02 4.418588268445028389e-01
6.061643835616438158e-01 3.181818181818181768e-01 6.542056074766354479e-02 1.085271317829457211e-01 4.921697398332911533e-01
5.555555555555555802e-01 7.692307692307692735e-02 2.803738317757009310e-02 4.109589041095890877e-02 4.274802300503234287e-01
5.434782608695651884e-01 0.000000000000000000e+00 0.000000000000000000e+00 0.000000000000000000e+00 4.069767441860465129e-01
8.952380952380952772e-01 7.642857142857142350e-01 1.000000000000000000e+00 8.663967611336031993e-01 9.206730769230768718e-01
5.699658703071672772e-01 4.761904761904761640e-02 9.345794392523363789e-03 1.562499999999999827e-02 4.509094563360465657e-01
5.663430420711974556e-01 3.448275862068965469e-02 9.345794392523363789e-03 1.470588235294117453e-02 4.353659665031923698e-01
5.676567656765676428e-01 3.846153846153846367e-02 9.345794392523363789e-03 1.503759398496240518e-02 4.408973869921800071e-01
8.306188925081433583e-01 7.570093457943924964e-01 7.570093457943924964e-01 7.570093457943924964e-01 8.135046728971961905e-01
8.778135048231511250e-01 7.716535433070865757e-01 9.158878504672897103e-01 8.376068376068376287e-01 8.868654938610958105e-01
8.952380952380952772e-01 7.642857142857142350e-01 1.000000000000000000e+00 8.663967611336031993e-01 9.206730769230768718e-01
6.098360655737704583e-01 3.499999999999999778e-01 1.308411214953270896e-01 1.904761904761904656e-01 4.997639950910979234e-01
