5.771812080536913303e-01 4.761904761904761640e-02 9.345794392523363789e-03 1.562499999999999827e-02 4.523168762538532506e-01
5.684931506849315586e-01 4.761904761904761640e-02 9.345794392523363789e-03 1.562499999999999827e-02 4.506188431422075702e-01
6.153846153846154188e-01 2.000000000000000111e-01 9.345794392523363789e-03 1.785714285714285615e-02 4.934997128387197396e-01
9.126213592233010097e-01 7.985074626865671377e-01 1.000000000000000000e+00 8.879668049792530660e-01 9.331683168316831090e-01
9.306930693069307425e-01 8.359375000000000000e-01 1.000000000000000000e+00 9.106382978723404076e-01 9.464285714285715079e-01
6.112956810631229310e-01 3.529411764705882582e-01 1.121495327102803724e-01 1.702127659574468044e-01 4.993737354273051210e-01
9.038461538461538547e-01 7.810218978102190235e-01 1.000000000000000000e+00 8.770491803278688270e-01 9.268292682926828618e-01
6.020066889632107454e-01 2.999999999999999889e-01 8.411214953271027583e-02 1.313868613138685915e-01 4.873685747663550893e-01
5.709570957095709831e-01 4.000000000000000083e-02 9.345794392523363789e-03 1.515151515151515020e-02 4.434484074003432474e-01
7.719869706840390977e-01 7.126436781609195581e-01 5.794392523364485514e-01 6.391752577319586015e-01 7.272196261682242202e-01
5.859649122807017996e-01 7.692307692307692735e-02 9.345794392523363789e-03 1.666666666666666644e-02 4.709650320277223301e-01
6.677631578947368363e-01 5.576923076923077094e-01 2.710280373831775447e-01 3.647798742138365080e-01 5.771383841738222387e-01
5.523809523809524169e-01 0.000000000000000000e+00 0.000000000000000000e+00 0.000000000000000000e+00 4.182692307692307820e-01
6.013513513513513153e-01 3.333333333333333148e-01 1.028037383177570069e-01 1.571428571428571397e-01 4.932008109578202570e-01
9.038461538461538547e-01 7.810218978102190235e-01 1.000000000000000000e+00 8.770491803278688270e-01 9.268292682926828618e-01
5.830388692579505650e-01 7.692307692307692735e-02 9.345794392523363789e-03 1.666666666666666644e-02 4.705819881053525666e-01
8.895899053627760455e-01 7.535211267605633756e-01 1.000000000000000000e+00 8.594377510040159818e-01 9.166666666666667407e-01
9.067524115755627445e-01 7.867647058823529216e-01 1.000000000000000000e+00 8.806584362139917577e-01 9.289215686274510109e-01
5.685618729096989510e-01 4.166666666666666435e-02 9.345794392523363789e-03 1.526717557251908164e-02 4.447770638629283124e-01
5.944055944055943730e-01 9.090909090909091161e-02 9.345794392523363789e-03 1.694915254237287783e-02 4.767399363024068526e-01
5.827814569536423628e-01 8.695652173913043237e-02 1.869158878504672758e-02 3.076923076923076400e-02 4.554996405463694886e-01
8.952380952380952772e-01 7.642857142857142350e-01 1.000000000000000000e+00 8.663967611336031993e-01 9.206730769230768718e-01
5.523809523809524169e-01 0.000000000000000000e+00 0.000000000000000000e+00 0.000000000000000000e+00 4.182692307692307820e-01
5.738255033557047025e-01 4.545454545454545581e-02 9.345794392523363789e-03 1.550387596899224611e-02 4.496990752067328012e-01
6.013513513513513153e-01 3.333333333333333148e-01 1.028037383177570069e-01 1.571428571428571397e-01 4.932008109578202570e-01
9.038461538461538547e-01 7.810218978102190235e-01 1.000000000000000000e+00 8.770491803278688270e-01 9.268292682926828618e-01
5.555555555555555802e-01 5.405405405405405705e-02 1.869158878504672758e-02 2.777777777777777277e-02 4.252111790079079467e-01
8.712871287128712838e-01 7.931034482758620996e-01 8.598130841121495171e-01 8.251121076233183249e-01 8.686820522601563788e-01
5.894736842105262609e-01 8.333333333333332871e-02 9.345794392523363789e-03 1.680672268907562952e-02 4.737740207917672808e-01
5.752508361204012877e-01 4.545454545454545581e-02 9.345794392523363789e-03 1.550387596899224611e-02 4.499853971962616273e-01
6.122448979591836871e-01 3.478260869565217295e-01 7.476635514018691031e-02 1.230769230769230560e-01 4.972762256984357143e-01
9.245901639344262790e-01 8.230769230769230393e-01 1.000000000000000000e+00 9.029535864978902593e-01 9.419191919191919338e-01
5.681063122923587505e-01 4.000000000000000083e-02 9.345794392523363789e-03 1.515151515151515020e-02 4.428172270931688970e-01
8.410596026490065880e-01 7.757009345794392274e-01 7.757009345794392274e-01 7.757009345794392274e-01 8.263120057512580718e-01
8.924050632911392222e-01 7.588652482269503396e-01 1.000000000000000000e+00 8.629032258064516236e-01 9.186602870813397326e-01
8.895899053627760455e-01 7.535211267605633756e-01 1.000000000000000000e+00 8.594377510040159818e-01 9.166666666666667407e-01
6.033333333333333881e-01 2.857142857142856984e-01 7.476635514018691031e-02 1.185185185185184953e-01 4.855697060675027710e-01
