4.333333333333333481e-01 0.000000000000000000e+00 0.000000000000000000e+00 0.000000000000000000e+00 4.417475728155340065e-01
6.375404530744336329e-01 0.000000000000000000e+00 0.000000000000000000e+00 0.000000000000000000e+00 4.876237623762376128e-01
5.061224489795917991e-01 0.000000000000000000e+00 0.000000000000000000e+00 0.000000000000000000e+00 4.492753623188405765e-01
6.111111111111111605e-01 0.000000000000000000e+00 0.000000000000000000e+00 0.000000000000000000e+00 4.698492462311557594e-01
6.772151898734176667e-01 5.757575757575758013e-01 1.775700934579439172e-01 2.714285714285714080e-01 5.552922237624646762e-01
7.784810126582278889e-01 8.032786885245901676e-01 4.579439252336448551e-01 5.833333333333333703e-01 7.002638286455304950e-01
6.267605633802817433e-01 5.384615384615384359e-01 6.542056074766354479e-02 1.166666666666666546e-01 5.157611278314587766e-01
9.400630914826498818e-01 9.074074074074074403e-01 9.158878504672897103e-01 9.116279069767442289e-01 9.341344014241209637e-01
9.565217391304348116e-01 8.842975206611570771e-01 1.000000000000000000e+00 9.385964912280702066e-01 9.674418604651162656e-01
9.470404984423675954e-01 8.879310344827586743e-01 9.626168224299065379e-01 9.237668161434977598e-01 9.509345794392524143e-01
6.402640264026402406e-01 4.545454545454545303e-01 9.345794392523364136e-02 1.550387596899225062e-01 5.161167270646577210e-01
6.111111111111111605e-01 0.000000000000000000e+00 0.000000000000000000e+00 0.000000000000000000e+00 4.698492462311557594e-01
6.013745704467353681e-01 0.000000000000000000e+00 0.000000000000000000e+00 0.000000000000000000e+00 4.755434782608695676e-01
9.622641509433962348e-01 9.130434782608695121e-01 9.813084112149532690e-01 9.459459459459459429e-01 9.669575231430215245e-01
9.565217391304348116e-01 8.842975206611570771e-01 1.000000000000000000e+00 9.385964912280702066e-01 9.674418604651162656e-01
9.714285714285714191e-01 9.224137931034482873e-01 1.000000000000000000e+00 9.596412556053811604e-01 9.783653846153846922e-01
6.075085324232082362e-01 0.000000000000000000e+00 0.000000000000000000e+00 0.000000000000000000e+00 4.784946236559139976e-01
6.813559322033898580e-01 6.666666666666666297e-01 2.429906542056074759e-01 3.561643835616438158e-01 5.869208590176973050e-01
9.565217391304348116e-01 8.842975206611570771e-01 1.000000000000000000e+00 9.385964912280702066e-01 9.674418604651162656e-01
5.291828793774319140e-01 0.000000000000000000e+00 0.000000000000000000e+00 0.000000000000000000e+00 4.533333333333333104e-01
6.343042071197411147e-01 2.000000000000000111e-01 1.869158878504672758e-02 3.418803418803418454e-02 4.895438141945035460e-01
6.293706293706293753e-01 5.384615384615384359e-01 6.542056074766354479e-02 1.166666666666666546e-01 5.159505038375189478e-01
5.363984674329501656e-01 0.000000000000000000e+00 0.000000000000000000e+00 0.000000000000000000e+00 4.545454545454545303e-01
7.396825396825397192e-01 8.048780487804878536e-01 3.084112149532710068e-01 4.459459459459459429e-01 6.349748382458663132e-01
9.622641509433962348e-01 9.130434782608695121e-01 9.813084112149532690e-01 9.459459459459459429e-01 9.669575231430215245e-01
9.565217391304348116e-01 8.842975206611570771e-01 1.000000000000000000e+00 9.385964912280702066e-01 9.674418604651162656e-01
5.780141843971631221e-01 0.000000000000000000e+00 0.000000000000000000e+00 0.000000000000000000e+00 4.657142857142856918e-01
5.346153846153846034e-01 0.000000000000000000e+00 0.000000000000000000e+00 0.000000000000000000e+00 4.542483660130718914e-01
5.636363636363636020e-01 0.000000000000000000e+00 0.000000000000000000e+00 0.000000000000000000e+00 4.613095238095238360e-01
9.278688524590164022e-01 9.670329670329670391e-01 8.224299065420560551e-01 8.888888888888889506e-01 9.036391956952705140e-01
5.399239543726235269e-01 0.000000000000000000e+00 0.000000000000000000e+00 0.000000000000000000e+00 4.551282051282051211e-01
6.323024054982817610e-01 5.000000000000000000e-01 3.738317757009345516e-02 6.956521739130434867e-02 5.078220235676553784e-01
6.053511705685619138e-01 0.000000000000000000e+00 0.000000000000000000e+00 0.000000000000000000e+00 4.713541666666666852e-01
9.625000000000000222e-01 8.991596638655462437e-01 1.000000000000000000e+00 9.469026548672566657e-01 9.718309859154928843e-01
9.565217391304348116e-01 8.842975206611570771e-01 1.000000000000000000e+00 9.385964912280702066e-01 9.674418604651162656e-01
7.128378378378378288e-01 8.235294117647058432e-01 2.616822429906541791e-01 3.971631205673757936e-01 6.149681056223111897e-01
9.625000000000000222e-01 8.991596638655462437e-01 1.000000000000000000e+00 9.469026548672566657e-01 9.718309859154928843e-01
