6.503267973856209361e-01 5.000000000000000000e-01 9.345794392523364136e-02 1.574803149606299191e-01 5.216033438219133123e-01
9.565217391304348116e-01 8.842975206611570771e-01 1.000000000000000000e+00 9.385964912280702066e-01 9.674418604651162656e-01
9.565217391304348116e-01 8.842975206611570771e-01 1.000000000000000000e+00 9.385964912280702066e-01 9.674418604651162656e-01
5.692883895131085614e-01 2.142857142857142738e-01 2.803738317757009310e-02 4.958677685950412667e-02 4.796436915887850039e-01
9.565217391304348116e-01 8.842975206611570771e-01 1.000000000000000000e+00 9.385964912280702066e-01 9.674418604651162656e-01
9.242902208201893011e-01 9.029126213592233441e-01 8.691588785046728827e-01 8.857142857142857872e-01 9.107699154428126054e-01
6.195286195286194841e-01 2.000000000000000111e-01 1.869158878504672758e-02 3.418803418803418454e-02 4.882931628135759872e-01
5.485074626865671377e-01 0.000000000000000000e+00 0.000000000000000000e+00 0.000000000000000000e+00 4.565217391304348116e-01
6.843749999999999556e-01 5.999999999999999778e-01 1.682242990654205517e-01 2.627737226277371829e-01 5.559431354482031740e-01
9.565217391304348116e-01 8.842975206611570771e-01 1.000000000000000000e+00 9.385964912280702066e-01 9.674418604651162656e-01
7.981072555205047658e-01 8.412698412698412787e-01 4.953271028037383172e-01 6.235294117647058876e-01 7.238540275923452949e-01
9.565217391304348116e-01 8.842975206611570771e-01 1.000000000000000000e+00 9.385964912280702066e-01 9.674418604651162656e-01
9.593749999999999778e-01 8.916666666666667185e-01 1.000000000000000000e+00 9.427312775330397576e-01 9.694835680751173745e-01
9.565217391304348116e-01 8.842975206611570771e-01 1.000000000000000000e+00 9.385964912280702066e-01 9.674418604651162656e-01
6.039603960396039417e-01 0.000000000000000000e+00 0.000000000000000000e+00 0.000000000000000000e+00 4.668367346938775420e-01
9.565217391304348116e-01 8.842975206611570771e-01 1.000000000000000000e+00 9.385964912280702066e-01 9.674418604651162656e-01
9.565217391304348116e-01 8.842975206611570771e-01 1.000000000000000000e+00 9.385964912280702066e-01 9.674418604651162656e-01
9.565217391304348116e-01 8.842975206611570771e-01 1.000000000000000000e+00 9.385964912280702066e-01 9.674418604651162656e-01
9.565217391304348116e-01 8.842975206611570771e-01 1.000000000000000000e+00 9.385964912280702066e-01 9.674418604651162656e-01
9.565217391304348116e-01 8.842975206611570771e-01 1.000000000000000000e+00 9.385964912280702066e-01 9.674418604651162656e-01
9.565217391304348116e-01 8.842975206611570771e-01 1.000000000000000000e+00 9.385964912280702066e-01 9.674418604651162656e-01
9.565217391304348116e-01 8.842975206611570771e-01 1.000000000000000000e+00 9.385964912280702066e-01 9.674418604651162656e-01
9.343749999999999556e-01 8.909090909090908728e-01 9.158878504672897103e-01 9.032258064516128782e-01 9.297749111491377949e-01
6.710097719869706490e-01 6.875000000000000000e-01 1.028037383177570069e-01 1.788617886178861804e-01 5.389018691588784993e-01
9.565217391304348116e-01 8.842975206611570771e-01 1.000000000000000000e+00 9.385964912280702066e-01 9.674418604651162656e-01
6.039603960396039417e-01 0.000000000000000000e+00 0.000000000000000000e+00 0.000000000000000000e+00 4.668367346938775420e-01
6.426332288401254145e-01 3.157894736842105088e-01 5.607476635514018620e-02 9.523809523809524669e-02 4.973770058190795096e-01
5.979020979020979176e-01 0.000000000000000000e+00 0.000000000000000000e+00 0.000000000000000000e+00 4.776536312849162247e-01
9.565217391304348116e-01 8.842975206611570771e-01 1.000000000000000000e+00 9.385964912280702066e-01 9.674418604651162656e-01
9.565217391304348116e-01 8.842975206611570771e-01 1.000000000000000000e+00 9.385964912280702066e-01 9.674418604651162656e-01
9.595015576323987494e-01 8.916666666666667185e-01 1.000000000000000000e+00 9.427312775330397576e-01 9.696261682242991453e-01
9.565217391304348116e-01 8.842975206611570771e-01 1.000000000000000000e+00 9.385964912280702066e-01 9.674418604651162656e-01
9.746031746031745824e-01 9.304347826086956097e-01 1.000000000000000000e+00 9.639639639639638879e-01 9.807692307692308376e-01
5.509433962264150830e-01 0.000000000000000000e+00 0.000000000000000000e+00 0.000000000000000000e+00 4.620253164556962222e-01
9.565217391304348116e-01 8.842975206611570771e-01 1.000000000000000000e+00 9.385964912280702066e-01 9.674418604651162656e-01
9.746031746031745824e-01 9.304347826086956097e-01 1.000000000000000000e+00 9.639639639639638879e-01 9.807692307692308376e-01
9.565217391304348116e-01 8.842975206611570771e-01 1.000000000000000000e+00 9.385964912280702066e-01 9.674418604651162656e-01
