4.956896551724138122e-01 0.000000000000000000e+00 0.000000000000000000e+00 0.000000000000000000e+00 4.600000000000000200e-01
9.565217391304348116e-01 8.842975206611570771e-01 1.000000000000000000e+00 9.385964912280702066e-01 9.674418604651162656e-01
5.744680851063830307e-01 0.000000000000000000e+00 0.000000000000000000e+00 0.000000000000000000e+00 4.628571428571428559e-01
5.980066445182724566e-01 0.000000000000000000e+00 0.000000000000000000e+00 0.000000000000000000e+00 4.639175257731958935e-01
9.565217391304348116e-01 8.842975206611570771e-01 1.000000000000000000e+00 9.385964912280702066e-01 9.674418604651162656e-01
6.349206349206348854e-01 0.000000000000000000e+00 0.000000000000000000e+00 0.000000000000000000e+00 4.807692307692307820e-01
5.687732342007435493e-01 0.000000000000000000e+00 0.000000000000000000e+00 0.000000000000000000e+00 4.722222222222222099e-01
6.656050955414012371e-01 5.384615384615384359e-01 1.308411214953270896e-01 2.105263157894736448e-01 5.364350535012867294e-01
6.028880866425992968e-01 4.117647058823529216e-01 6.542056074766354479e-02 1.129032258064515959e-01 5.032985156679493643e-01
9.565217391304348116e-01 8.842975206611570771e-01 1.000000000000000000e+00 9.385964912280702066e-01 9.674418604651162656e-01
5.949820788530465476e-01 0.000000000000000000e+00 0.000000000000000000e+00 0.000000000000000000e+00 4.825581395348837455e-01
9.565217391304348116e-01 8.842975206611570771e-01 1.000000000000000000e+00 9.385964912280702066e-01 9.674418604651162656e-01
5.966101694915254550e-01 0.000000000000000000e+00 0.000000000000000000e+00 0.000000000000000000e+00 4.680851063829787329e-01
9.595015576323987494e-01 8.916666666666667185e-01 1.000000000000000000e+00 9.427312775330397576e-01 9.696261682242991453e-01
6.324503311258278249e-01 4.000000000000000222e-01 7.476635514018691031e-02 1.259842519685039075e-01 5.066139468008626912e-01
9.565217391304348116e-01 8.842975206611570771e-01 1.000000000000000000e+00 9.385964912280702066e-01 9.674418604651162656e-01
7.236024844720496674e-01 6.956521739130434590e-01 2.990654205607476412e-01 4.183006535947711435e-01 6.169745707454901140e-01
9.565217391304348116e-01 8.842975206611570771e-01 1.000000000000000000e+00 9.385964912280702066e-01 9.674418604651162656e-01
9.565217391304348116e-01 8.842975206611570771e-01 1.000000000000000000e+00 9.385964912280702066e-01 9.674418604651162656e-01
9.565217391304348116e-01 8.842975206611570771e-01 1.000000000000000000e+00 9.385964912280702066e-01 9.674418604651162656e-01
7.197452229299362569e-01 7.567567567567567988e-01 2.616822429906541791e-01 3.888888888888888395e-01 6.091019910605445231e-01
6.540880503144653746e-01 4.210526315789473450e-01 7.476635514018691031e-02 1.269841269841269771e-01 5.113168268591929966e-01
6.132404181184668568e-01 2.500000000000000000e-01 1.869158878504672758e-02 3.478260869565217434e-02 4.926791277258567026e-01
6.656250000000000222e-01 5.000000000000000000e-01 1.214953271028037379e-01 1.954887218045112673e-01 5.302312316265191949e-01
9.595015576323987494e-01 8.916666666666667185e-01 1.000000000000000000e+00 9.427312775330397576e-01 9.696261682242991453e-01
6.324503311258278249e-01 4.000000000000000222e-01 7.476635514018691031e-02 1.259842519685039075e-01 5.066139468008626912e-01
6.581469648562300323e-01 5.000000000000000000e-01 1.121495327102803724e-01 1.832061068702290074e-01 5.269485527629071964e-01
5.366795366795367173e-01 0.000000000000000000e+00 0.000000000000000000e+00 0.000000000000000000e+00 4.572368421052631637e-01
9.166666666666666297e-01 8.932038834951456785e-01 8.598130841121495171e-01 8.761904761904760752e-01 9.030772737633918634e-01
7.752442996742671122e-01 8.392857142857143016e-01 4.392523364485981241e-01 5.766871165644170683e-01 6.971261682242990698e-01
5.066079295154185536e-01 3.684210526315789269e-01 6.542056074766354479e-02 1.111111111111110911e-01 4.827102803738317349e-01
6.633333333333333304e-01 6.363636363636363535e-01 1.308411214953270896e-01 2.170542635658914421e-01 5.446951721466272156e-01
5.918367346938775420e-01 0.000000000000000000e+00 0.000000000000000000e+00 0.000000000000000000e+00 4.652406417112299186e-01
7.475083056478405430e-01 8.604651162790697416e-01 3.457943925233644689e-01 4.933333333333332904e-01 6.574332787359089547e-01
9.565217391304348116e-01 8.842975206611570771e-01 1.000000000000000000e+00 9.385964912280702066e-01 9.674418604651162656e-01
9.746835443037974445e-01 9.304347826086956097e-01 1.000000000000000000e+00 9.639639639639638879e-01 9.808612440191387671e-01
9.746835443037974445e-01 9.304347826086956097e-01 1.000000000000000000e+00 9.639639639639638879e-01 9.808612440191387671e-01
