7.617554858934169060e-01 6.396396396396396566e-01 6.635514018691588412e-01 6.513761467889908063e-01 7.374360782930700076e-01
5.714285714285713969e-01 4.761904761904761640e-02 9.345794392523363789e-03 1.562499999999999827e-02 4.511969613673846302e-01
8.857142857142856762e-01 7.482517482517482277e-01 1.000000000000000000e+00 8.559999999999999831e-01 9.134615384615384359e-01
5.341614906832298226e-01 0.000000000000000000e+00 0.000000000000000000e+00 0.000000000000000000e+00 4.000000000000000222e-01
8.885350318471337827e-01 7.535211267605633756e-01 1.000000000000000000e+00 8.594377510040159818e-01 9.154589371980677015e-01
7.532051282051281937e-01 6.530612244897958663e-01 5.981308411214952825e-01 6.243902439024390238e-01 7.161385912924549402e-01
5.425867507886434904e-01 0.000000000000000000e+00 0.000000000000000000e+00 0.000000000000000000e+00 4.095238095238095122e-01
5.341614906832298226e-01 0.000000000000000000e+00 0.000000000000000000e+00 0.000000000000000000e+00 4.000000000000000222e-01
8.283828382838284154e-01 7.570093457943924964e-01 7.570093457943924964e-01 7.570093457943924964e-01 8.121781422849513321e-01
8.773584905660377631e-01 7.328767123287671659e-01 1.000000000000000000e+00 8.458498023715415037e-01 9.075829383886255819e-01
5.341614906832298226e-01 0.000000000000000000e+00 0.000000000000000000e+00 0.000000000000000000e+00 4.000000000000000222e-01
5.341614906832298226e-01 0.000000000000000000e+00 0.000000000000000000e+00 0.000000000000000000e+00 4.000000000000000222e-01
9.000000000000000222e-01 7.753623188405797118e-01 1.000000000000000000e+00 8.734693877551020780e-01 9.236453201970442617e-01
8.913738019169329396e-01 7.588652482269503396e-01 1.000000000000000000e+00 8.629032258064516236e-01 9.174757281553397315e-01
5.527156549520766404e-01 2.857142857142857054e-02 9.345794392523363789e-03 1.408450704225351971e-02 4.221486253516014142e-01
8.913738019169329396e-01 7.588652482269503396e-01 1.000000000000000000e+00 8.629032258064516236e-01 9.174757281553397315e-01
8.773584905660377631e-01 7.328767123287671659e-01 1.000000000000000000e+00 8.458498023715415037e-01 9.075829383886255819e-01
8.773584905660377631e-01 7.328767123287671659e-01 1.000000000000000000e+00 8.458498023715415037e-01 9.075829383886255819e-01
8.971061093247588714e-01 7.697841726618704916e-01 1.000000000000000000e+00 8.699186991869918284e-01 9.215686274509804488e-01
5.480769230769231282e-01 2.777777777777777624e-02 9.345794392523363789e-03 1.398601398601398600e-02 4.193070435377250771e-01
8.942307692307692735e-01 7.642857142857142350e-01 1.000000000000000000e+00 8.663967611336031993e-01 9.195121951219511480e-01
5.594855305466237549e-01 5.882352941176470507e-02 1.869158878504672758e-02 2.836879432624113059e-02 4.309144218435037588e-01
5.414012738853503093e-01 2.564102564102564014e-02 9.345794392523363789e-03 1.369863013698630061e-02 4.128854575827350382e-01
5.341614906832298226e-01 0.000000000000000000e+00 0.000000000000000000e+00 0.000000000000000000e+00 4.000000000000000222e-01
8.913738019169329396e-01 7.588652482269503396e-01 1.000000000000000000e+00 8.629032258064516236e-01 9.174757281553397315e-01
5.527156549520766404e-01 2.857142857142857054e-02 9.345794392523363789e-03 1.408450704225351971e-02 4.221486253516014142e-01
5.414012738853503093e-01 2.564102564102564014e-02 9.345794392523363789e-03 1.369863013698630061e-02 4.128854575827350382e-01
5.341614906832298226e-01 0.000000000000000000e+00 0.000000000000000000e+00 0.000000000000000000e+00 4.000000000000000222e-01
8.913738019169329396e-01 7.588652482269503396e-01 1.000000000000000000e+00 8.629032258064516236e-01 9.174757281553397315e-01
8.829113924050633333e-01 7.430555555555555802e-01 1.000000000000000000e+00 8.525896414342629681e-01 9.114832535885166731e-01
5.329153605015674033e-01 0.000000000000000000e+00 0.000000000000000000e+00 0.000000000000000000e+00 4.009433962264150608e-01
5.477707006369426646e-01 7.317073170731706877e-02 2.803738317757009310e-02 4.054054054054054279e-02 4.222312519752584037e-01
6.392405063291138889e-01 4.477611940298507620e-01 2.803738317757009102e-01 3.448275862068965747e-01 5.516701694763671560e-01
5.846645367412141026e-01 2.444444444444444364e-01 1.028037383177570069e-01 1.447368421052631637e-01 4.688775973142182418e-01
8.885350318471337827e-01 7.535211267605633756e-01 1.000000000000000000e+00 8.594377510040159818e-01 9.154589371980677015e-01
5.341614906832298226e-01 0.000000000000000000e+00 0.000000000000000000e+00 0.000000000000000000e+00 4.000000000000000222e-01
8.829113924050633333e-01 7.430555555555555802e-01 1.000000000000000000e+00 8.525896414342629681e-01 9.114832535885166731e-01
