5.341614906832298226e-01 0.000000000000000000e+00 0.000000000000000000e+00 0.000000000000000000e+00 4.000000000000000222e-01
8.885350318471337827e-01 7.535211267605633756e-01 1.000000000000000000e+00 8.594377510040159818e-01 9.154589371980677015e-01
6.754966887417218624e-01 5.714285714285713969e-01 3.364485981308411033e-01 4.235294117647058210e-01 5.989935298346513726e-01
5.631067961165048263e-01 6.250000000000000000e-02 1.869158878504672758e-02 2.877697841726618508e-02 4.350883686499490977e-01
5.341614906832298226e-01 0.000000000000000000e+00 0.000000000000000000e+00 0.000000000000000000e+00 4.000000000000000222e-01
5.414012738853503093e-01 2.564102564102564014e-02 9.345794392523363789e-03 1.369863013698630061e-02 4.128854575827350382e-01
5.341614906832298226e-01 0.000000000000000000e+00 0.000000000000000000e+00 0.000000000000000000e+00 4.000000000000000222e-01
5.341614906832298226e-01 0.000000000000000000e+00 0.000000000000000000e+00 0.000000000000000000e+00 4.000000000000000222e-01
8.913738019169329396e-01 7.588652482269503396e-01 1.000000000000000000e+00 8.629032258064516236e-01 9.174757281553397315e-01
7.564102564102563875e-01 6.597938144329896781e-01 5.981308411214952825e-01 6.274509803921567430e-01 7.185776156826989558e-01
5.408805031446540790e-01 0.000000000000000000e+00 0.000000000000000000e+00 0.000000000000000000e+00 4.075829383886255819e-01
6.342281879194631156e-01 4.761904761904761640e-01 1.869158878504672827e-01 2.684563758389261756e-01 5.358663208885844353e-01
7.507987220447284171e-01 6.494845360824742508e-01 5.887850467289719170e-01 6.176470588235294379e-01 7.118682515198256899e-01
5.341614906832298226e-01 0.000000000000000000e+00 0.000000000000000000e+00 0.000000000000000000e+00 4.000000000000000222e-01
8.913738019169329396e-01 7.588652482269503396e-01 1.000000000000000000e+00 8.629032258064516236e-01 9.174757281553397315e-01
5.341614906832298226e-01 0.000000000000000000e+00 0.000000000000000000e+00 0.000000000000000000e+00 4.000000000000000222e-01
5.414012738853503093e-01 2.564102564102564014e-02 9.345794392523363789e-03 1.369863013698630061e-02 4.128854575827350382e-01
5.341614906832298226e-01 0.000000000000000000e+00 0.000000000000000000e+00 0.000000000000000000e+00 4.000000000000000222e-01
8.942307692307692735e-01 7.642857142857142350e-01 1.000000000000000000e+00 8.663967611336031993e-01 9.195121951219511480e-01
8.969072164948453940e-01 8.532110091743119185e-01 8.691588785046728827e-01 8.611111111111110494e-01 8.911011783827712529e-01
8.842443729903537442e-01 7.629629629629629539e-01 9.626168224299065379e-01 8.512396694214875437e-01 9.028770386659336067e-01
5.341614906832298226e-01 0.000000000000000000e+00 0.000000000000000000e+00 0.000000000000000000e+00 4.000000000000000222e-01
5.341614906832298226e-01 0.000000000000000000e+00 0.000000000000000000e+00 0.000000000000000000e+00 4.000000000000000222e-01
5.341614906832298226e-01 0.000000000000000000e+00 0.000000000000000000e+00 0.000000000000000000e+00 4.000000000000000222e-01
5.341614906832298226e-01 0.000000000000000000e+00 0.000000000000000000e+00 0.000000000000000000e+00 4.000000000000000222e-01
8.913738019169329396e-01 7.588652482269503396e-01 1.000000000000000000e+00 8.629032258064516236e-01 9.174757281553397315e-01
5.341614906832298226e-01 0.000000000000000000e+00 0.000000000000000000e+00 0.000000000000000000e+00 4.000000000000000222e-01
5.329153605015674033e-01 0.000000000000000000e+00 0.000000000000000000e+00 0.000000000000000000e+00 4.009433962264150608e-01
5.414012738853503093e-01 2.564102564102564014e-02 9.345794392523363789e-03 1.369863013698630061e-02 4.128854575827350382e-01
8.773584905660377631e-01 7.328767123287671659e-01 1.000000000000000000e+00 8.458498023715415037e-01 9.075829383886255819e-01
5.341614906832298226e-01 0.000000000000000000e+00 0.000000000000000000e+00 0.000000000000000000e+00 4.000000000000000222e-01
5.341614906832298226e-01 0.000000000000000000e+00 0.000000000000000000e+00 0.000000000000000000e+00 4.000000000000000222e-01
8.885350318471337827e-01 7.535211267605633756e-01 1.000000000000000000e+00 8.594377510040159818e-01 9.154589371980677015e-01
5.341614906832298226e-01 0.000000000000000000e+00 0.000000000000000000e+00 0.000000000000000000e+00 4.000000000000000222e-01
5.480769230769231282e-01 2.777777777777777624e-02 9.345794392523363789e-03 1.398601398601398600e-02 4.193070435377250771e-01
5.341614906832298226e-01 0.000000000000000000e+00 0.000000000000000000e+00 0.000000000000000000e+00 4.000000000000000222e-01
8.746081504702194476e-01 7.278911564625850650e-01 1.000000000000000000e+00 8.425196850393700254e-01 9.056603773584905870e-01
