6.134185303514376741e-01 3.541666666666666852e-01 1.588785046728971861e-01 2.193548387096774244e-01 5.041965338898466431e-01
9.076433121019108485e-01 7.867647058823529216e-01 1.000000000000000000e+00 8.806584362139917577e-01 9.299516908212560606e-01
6.324503311258278249e-01 4.375000000000000000e-01 1.308411214953270896e-01 2.014388489208632782e-01 5.192667145938174578e-01
5.718954248366012738e-01 3.846153846153846367e-02 9.345794392523363789e-03 1.503759398496240518e-02 4.418588268445028389e-01
5.527950310559006653e-01 0.000000000000000000e+00 0.000000000000000000e+00 0.000000000000000000e+00 4.139534883720930036e-01
5.677419354838709742e-01 3.448275862068965469e-02 9.345794392523363789e-03 1.470588235294117453e-02 4.357073799548822901e-01
5.584415584415584055e-01 3.225806451612903136e-02 9.345794392523363789e-03 1.449275362318840250e-02 4.300460315246198428e-01
5.527950310559006653e-01 0.000000000000000000e+00 0.000000000000000000e+00 0.000000000000000000e+00 4.139534883720930036e-01
9.313725490196078649e-01 8.359375000000000000e-01 1.000000000000000000e+00 9.106382978723404076e-01 9.472361809045225511e-01
5.910543130990415506e-01 2.162162162162162282e-01 7.476635514018691031e-02 1.111111111111110911e-01 4.669948280555303866e-01
5.709570957095709831e-01 4.000000000000000083e-02 9.345794392523363789e-03 1.515151515151515020e-02 4.434484074003432474e-01
5.986622073578595771e-01 1.176470588235294101e-01 1.869158878504672758e-02 3.225806451612902442e-02 4.702832943925233655e-01
8.681672025723472519e-01 7.796610169491525744e-01 8.598130841121495171e-01 8.177777777777778256e-01 8.661810518599963871e-01
5.527950310559006653e-01 0.000000000000000000e+00 0.000000000000000000e+00 0.000000000000000000e+00 4.139534883720930036e-01
8.962264150943396457e-01 7.642857142857142350e-01 1.000000000000000000e+00 8.663967611336031993e-01 9.218009478672986035e-01
5.527950310559006653e-01 0.000000000000000000e+00 0.000000000000000000e+00 0.000000000000000000e+00 4.139534883720930036e-01
5.527950310559006653e-01 0.000000000000000000e+00 0.000000000000000000e+00 0.000000000000000000e+00 4.139534883720930036e-01
5.527950310559006653e-01 0.000000000000000000e+00 0.000000000000000000e+00 0.000000000000000000e+00 4.139534883720930036e-01
9.076433121019108485e-01 7.867647058823529216e-01 1.000000000000000000e+00 8.806584362139917577e-01 9.299516908212560606e-01
6.312292358803986980e-01 4.333333333333333481e-01 1.214953271028037379e-01 1.897810218978102370e-01 5.169332305617111434e-01
6.331168831168830780e-01 4.347826086956521618e-01 1.869158878504672827e-01 2.614379084967320410e-01 5.287813270098107310e-01
5.527950310559006653e-01 0.000000000000000000e+00 0.000000000000000000e+00 0.000000000000000000e+00 4.139534883720930036e-01
5.527950310559006653e-01 0.000000000000000000e+00 0.000000000000000000e+00 0.000000000000000000e+00 4.139534883720930036e-01
6.070287539936102261e-01 3.260869565217391353e-01 1.401869158878504551e-01 1.960784313725489891e-01 4.948507394973232776e-01
5.527950310559006653e-01 0.000000000000000000e+00 0.000000000000000000e+00 0.000000000000000000e+00 4.139534883720930036e-01
8.962264150943396457e-01 7.642857142857142350e-01 1.000000000000000000e+00 8.663967611336031993e-01 9.218009478672986035e-01
5.527950310559006653e-01 0.000000000000000000e+00 0.000000000000000000e+00 0.000000000000000000e+00 4.139534883720930036e-01
5.584415584415584055e-01 3.225806451612903136e-02 9.345794392523363789e-03 1.449275362318840250e-02 4.300460315246198428e-01
5.639344262295081789e-01 3.571428571428571230e-02 9.345794392523363789e-03 1.481481481481481191e-02 4.364910790144435060e-01
9.253246753246753276e-01 8.230769230769230393e-01 1.000000000000000000e+00 9.029535864978902593e-01 9.427860696517412764e-01
5.579937304075235360e-01 0.000000000000000000e+00 0.000000000000000000e+00 0.000000000000000000e+00 4.198113207547169989e-01
5.537974683544303334e-01 0.000000000000000000e+00 0.000000000000000000e+00 0.000000000000000000e+00 4.186602870813397326e-01
9.076433121019108485e-01 7.867647058823529216e-01 1.000000000000000000e+00 8.806584362139917577e-01 9.299516908212560606e-01
5.597484276729559616e-01 0.000000000000000000e+00 0.000000000000000000e+00 0.000000000000000000e+00 4.218009478672986035e-01
5.584415584415584055e-01 3.225806451612903136e-02 9.345794392523363789e-03 1.449275362318840250e-02 4.300460315246198428e-01
5.527950310559006653e-01 0.000000000000000000e+00 0.000000000000000000e+00 0.000000000000000000e+00 4.139534883720930036e-01
8.921568627450980893e-01 8.189655172413793371e-01 8.878504672897196137e-01 8.520179372197308476e-01 8.911614145493823580e-01
