5.579937304075235360e-01 0.000000000000000000e+00 0.000000000000000000e+00 0.000000000000000000e+00 4.198113207547169989e-01
6.185567010309278579e-01 2.500000000000000000e-01 1.869158878504672758e-02 3.478260869565217434e-02 4.930414465664363921e-01
8.990536277602523274e-01 7.697841726618704916e-01 1.000000000000000000e+00 8.699186991869918284e-01 9.238095238095238582e-01
5.527950310559006653e-01 0.000000000000000000e+00 0.000000000000000000e+00 0.000000000000000000e+00 4.139534883720930036e-01
9.018987341772152222e-01 7.753623188405797118e-01 1.000000000000000000e+00 8.734693877551020780e-01 9.258373205741626810e-01
7.281879194630872520e-01 6.969696969696970168e-01 4.299065420560747586e-01 5.317919075144508234e-01 6.625972500856289749e-01
5.602605863192182678e-01 3.333333333333333287e-02 9.345794392523363789e-03 1.459854014598539924e-02 4.321728971962616184e-01
5.732899022801303257e-01 3.846153846153846367e-02 9.345794392523363789e-03 1.503759398496240518e-02 4.421728971962616273e-01
6.195286195286194841e-01 3.750000000000000000e-01 8.411214953271027583e-02 1.374045801526717347e-01 5.025823905558287619e-01
9.163987138263665067e-01 8.045112781954887327e-01 1.000000000000000000e+00 8.916666666666667185e-01 9.362745098039215730e-01
5.527950310559006653e-01 0.000000000000000000e+00 0.000000000000000000e+00 0.000000000000000000e+00 4.139534883720930036e-01
5.527950310559006653e-01 0.000000000000000000e+00 0.000000000000000000e+00 0.000000000000000000e+00 4.139534883720930036e-01
9.375000000000000000e-01 8.492063492063491870e-01 1.000000000000000000e+00 9.184549356223175032e-01 9.517766497461929154e-01
9.253246753246753276e-01 8.230769230769230393e-01 1.000000000000000000e+00 9.029535864978902593e-01 9.427860696517412764e-01
5.584415584415584055e-01 3.225806451612903136e-02 9.345794392523363789e-03 1.449275362318840250e-02 4.300460315246198428e-01
9.283387622149836815e-01 8.294573643410853014e-01 1.000000000000000000e+00 9.067796610169490679e-01 9.450000000000000622e-01
9.193548387096773800e-01 8.106060606060605522e-01 1.000000000000000000e+00 8.953974895397489586e-01 9.384236453201970640e-01
8.906250000000000000e-01 7.535211267605633756e-01 1.000000000000000000e+00 8.594377510040159818e-01 9.178403755868543845e-01
9.105431309904152837e-01 7.925925925925926263e-01 1.000000000000000000e+00 8.842975206611569661e-01 9.320388349514563409e-01
5.741935483870967971e-01 3.703703703703703498e-02 9.345794392523363789e-03 1.492537313432835792e-02 4.406334883292665205e-01
9.047619047619047672e-01 7.810218978102190235e-01 1.000000000000000000e+00 8.770491803278688270e-01 9.278846153846154188e-01
5.808580858085808929e-01 1.153846153846153910e-01 2.803738317757009310e-02 4.511278195488721554e-02 4.553452222010299089e-01
5.527950310559006653e-01 0.000000000000000000e+00 0.000000000000000000e+00 0.000000000000000000e+00 4.139534883720930036e-01
5.527950310559006653e-01 0.000000000000000000e+00 0.000000000000000000e+00 0.000000000000000000e+00 4.139534883720930036e-01
9.253246753246753276e-01 8.230769230769230393e-01 1.000000000000000000e+00 9.029535864978902593e-01 9.427860696517412764e-01
5.584415584415584055e-01 3.225806451612903136e-02 9.345794392523363789e-03 1.449275362318840250e-02 4.300460315246198428e-01
5.611285266457680665e-01 2.857142857142857054e-02 9.345794392523363789e-03 1.408450704225351971e-02 4.244842179509786262e-01
5.527950310559006653e-01 0.000000000000000000e+00 0.000000000000000000e+00 0.000000000000000000e+00 4.139534883720930036e-01
9.018987341772152222e-01 7.753623188405797118e-01 1.000000000000000000e+00 8.734693877551020780e-01 9.258373205741626810e-01
8.962264150943396457e-01 7.642857142857142350e-01 1.000000000000000000e+00 8.663967611336031993e-01 9.218009478672986035e-01
5.527950310559006653e-01 0.000000000000000000e+00 0.000000000000000000e+00 0.000000000000000000e+00 4.139534883720930036e-01
6.086956521739130821e-01 3.076923076923077094e-01 7.476635514018691031e-02 1.203007518796992414e-01 4.905081775700934621e-01
5.779220779220779480e-01 7.407407407407406996e-02 1.869158878504672758e-02 2.985074626865671585e-02 4.471567396661552118e-01
5.909090909090909394e-01 2.682926829268292845e-01 1.028037383177570069e-01 1.486486486486486569e-01 4.767750034872366705e-01
8.990536277602523274e-01 7.697841726618704916e-01 1.000000000000000000e+00 8.699186991869918284e-01 9.238095238095238582e-01
5.527950310559006653e-01 0.000000000000000000e+00 0.000000000000000000e+00 0.000000000000000000e+00 4.139534883720930036e-01
9.047619047619047672e-01 7.810218978102190235e-01 1.000000000000000000e+00 8.770491803278688270e-01 9.278846153846154188e-01
