5.527950310559006653e-01 0.000000000000000000e+00 0.000000000000000000e+00 0.000000000000000000e+00 4.139534883720930036e-01
5.741935483870967971e-01 3.703703703703703498e-02 9.345794392523363789e-03 1.492537313432835792e-02 4.406334883292665205e-01
5.844594594594594295e-01 5.555555555555555247e-02 9.345794392523363789e-03 1.600000000000000033e-02 4.596993522227166284e-01
5.895765472312703981e-01 2.121212121212121271e-01 6.542056074766354479e-02 9.999999999999999167e-02 4.677102803738317216e-01
9.039735099337747881e-01 8.421052631578946901e-01 8.971962616822429792e-01 8.687782805429863364e-01 9.024442846872753332e-01
6.848874598070739950e-01 5.671641791044775838e-01 3.551401869158878344e-01 4.367816091954023205e-01 6.064916620853949558e-01
5.527950310559006653e-01 0.000000000000000000e+00 0.000000000000000000e+00 0.000000000000000000e+00 4.139534883720930036e-01
9.018987341772152222e-01 7.753623188405797118e-01 1.000000000000000000e+00 8.734693877551020780e-01 9.258373205741626810e-01
5.527950310559006653e-01 0.000000000000000000e+00 0.000000000000000000e+00 0.000000000000000000e+00 4.139534883720930036e-01
9.047619047619047672e-01 7.810218978102190235e-01 1.000000000000000000e+00 8.770491803278688270e-01 9.278846153846154188e-01
5.527950310559006653e-01 0.000000000000000000e+00 0.000000000000000000e+00 0.000000000000000000e+00 4.139534883720930036e-01
5.847176079734219822e-01 5.000000000000000278e-02 9.345794392523363789e-03 1.574803149606298844e-02 4.557038250313131811e-01
5.527950310559006653e-01 0.000000000000000000e+00 0.000000000000000000e+00 0.000000000000000000e+00 4.139534883720930036e-01
6.322580645161289814e-01 4.222222222222222210e-01 1.775700934579439172e-01 2.500000000000000000e-01 5.247456378619768103e-01
8.990536277602523274e-01 7.697841726618704916e-01 1.000000000000000000e+00 8.699186991869918284e-01 9.238095238095238582e-01
6.081081081081081141e-01 1.538461538461538547e-01 1.869158878504672758e-02 3.333333333333333287e-02 4.802452652919942944e-01
9.105431309904152837e-01 7.925925925925926263e-01 1.000000000000000000e+00 8.842975206611569661e-01 9.320388349514563409e-01
5.946843853820598103e-01 5.882352941176470507e-02 9.345794392523363789e-03 1.612903225806451221e-02 4.634357837941997516e-01
9.076433121019108485e-01 7.867647058823529216e-01 1.000000000000000000e+00 8.806584362139917577e-01 9.299516908212560606e-01
5.527950310559006653e-01 0.000000000000000000e+00 0.000000000000000000e+00 0.000000000000000000e+00 4.139534883720930036e-01
9.047619047619047672e-01 7.810218978102190235e-01 1.000000000000000000e+00 8.770491803278688270e-01 9.278846153846154188e-01
9.076433121019108485e-01 7.867647058823529216e-01 1.000000000000000000e+00 8.806584362139917577e-01 9.299516908212560606e-01
5.527950310559006653e-01 0.000000000000000000e+00 0.000000000000000000e+00 0.000000000000000000e+00 4.139534883720930036e-01
5.527950310559006653e-01 0.000000000000000000e+00 0.000000000000000000e+00 0.000000000000000000e+00 4.139534883720930036e-01
6.322580645161289814e-01 4.222222222222222210e-01 1.775700934579439172e-01 2.500000000000000000e-01 5.247456378619768103e-01
8.990536277602523274e-01 7.697841726618704916e-01 1.000000000000000000e+00 8.699186991869918284e-01 9.238095238095238582e-01
5.527950310559006653e-01 0.000000000000000000e+00 0.000000000000000000e+00 0.000000000000000000e+00 4.139534883720930036e-01
5.527950310559006653e-01 0.000000000000000000e+00 0.000000000000000000e+00 0.000000000000000000e+00 4.139534883720930036e-01
5.527950310559006653e-01 0.000000000000000000e+00 0.000000000000000000e+00 0.000000000000000000e+00 4.139534883720930036e-01
5.541401273885350198e-01 0.000000000000000000e+00 0.000000000000000000e+00 0.000000000000000000e+00 4.202898550724637472e-01
5.527950310559006653e-01 0.000000000000000000e+00 0.000000000000000000e+00 0.000000000000000000e+00 4.139534883720930036e-01
9.313725490196078649e-01 8.359375000000000000e-01 1.000000000000000000e+00 9.106382978723404076e-01 9.472361809045225511e-01
5.798045602605863547e-01 4.166666666666666435e-02 9.345794392523363789e-03 1.526717557251908164e-02 4.471728971962616317e-01
5.966666666666666785e-01 6.250000000000000000e-02 9.345794392523363789e-03 1.626016260162601451e-02 4.658127935693185950e-01
8.990536277602523274e-01 7.697841726618704916e-01 1.000000000000000000e+00 8.699186991869918284e-01 9.238095238095238582e-01
8.990536277602523274e-01 7.697841726618704916e-01 1.000000000000000000e+00 8.699186991869918284e-01 9.238095238095238582e-01
6.163934426229508157e-01 3.437500000000000000e-01 1.028037383177570069e-01 1.582733812949640162e-01 4.983715661285754162e-01
