6.123188405797101996e-01 5.000000000000000000e-01 7.476635514018691031e-02 1.300813008130081161e-01 5.137145385168390144e-01
9.720496894409937916e-01 9.224137931034482873e-01 1.000000000000000000e+00 9.596412556053811604e-01 9.790697674418604723e-01
9.750778816199376919e-01 9.304347826086956097e-01 1.000000000000000000e+00 9.639639639639638879e-01 9.813084112149532690e-01
5.963636363636363180e-01 3.571428571428571508e-01 4.672897196261682068e-02 8.264462809917354214e-02 4.965787716955940567e-01
9.720496894409937916e-01 9.224137931034482873e-01 1.000000000000000000e+00 9.596412556053811604e-01 9.790697674418604723e-01
6.187290969899665871e-01 1.111111111111111049e-01 9.345794392523363789e-03 1.724137931034482735e-02 4.838395638629283124e-01
7.041800643086816303e-01 8.260869565217391353e-01 1.775700934579439172e-01 2.923076923076923239e-01 5.789811251603443898e-01
5.812274368231047372e-01 0.000000000000000000e+00 0.000000000000000000e+00 0.000000000000000000e+00 4.735294117647058654e-01
6.476510067114094049e-01 5.500000000000000444e-01 1.028037383177570069e-01 1.732283464566929110e-01 5.278416597347946881e-01
9.720496894409937916e-01 9.224137931034482873e-01 1.000000000000000000e+00 9.596412556053811604e-01 9.790697674418604723e-01
9.720496894409937916e-01 9.224137931034482873e-01 1.000000000000000000e+00 9.596412556053811604e-01 9.790697674418604723e-01
9.720496894409937916e-01 9.224137931034482873e-01 1.000000000000000000e+00 9.596412556053811604e-01 9.790697674418604723e-01
9.842767295597484312e-01 9.553571428571429047e-01 1.000000000000000000e+00 9.771689497716895545e-01 9.881516587677724450e-01
9.720496894409937916e-01 9.224137931034482873e-01 1.000000000000000000e+00 9.596412556053811604e-01 9.790697674418604723e-01
6.537216828478964459e-01 5.000000000000000000e-01 8.411214953271027583e-02 1.439999999999999891e-01 5.197788470435827923e-01
9.720496894409937916e-01 9.224137931034482873e-01 1.000000000000000000e+00 9.596412556053811604e-01 9.790697674418604723e-01
9.720496894409937916e-01 9.224137931034482873e-01 1.000000000000000000e+00 9.596412556053811604e-01 9.790697674418604723e-01
9.720496894409937916e-01 9.224137931034482873e-01 1.000000000000000000e+00 9.596412556053811604e-01 9.790697674418604723e-01
9.720496894409937916e-01 9.224137931034482873e-01 1.000000000000000000e+00 9.596412556053811604e-01 9.790697674418604723e-01
9.720496894409937916e-01 9.224137931034482873e-01 1.000000000000000000e+00 9.596412556053811604e-01 9.790697674418604723e-01
9.720496894409937916e-01 9.224137931034482873e-01 1.000000000000000000e+00 9.596412556053811604e-01 9.790697674418604723e-01
9.720496894409937916e-01 9.224137931034482873e-01 1.000000000000000000e+00 9.596412556053811604e-01 9.790697674418604723e-01
6.324503311258278249e-01 2.500000000000000000e-01 1.869158878504672758e-02 3.478260869565217434e-02 4.939611790079079801e-01
6.287625418060200921e-01 0.000000000000000000e+00 0.000000000000000000e+00 0.000000000000000000e+00 4.895833333333333148e-01
9.720496894409937916e-01 9.224137931034482873e-01 1.000000000000000000e+00 9.596412556053811604e-01 9.790697674418604723e-01
6.537216828478964459e-01 5.000000000000000000e-01 8.411214953271027583e-02 1.439999999999999891e-01 5.197788470435827923e-01
9.683544303797468888e-01 9.217391304347826164e-01 9.906542056074766345e-01 9.549549549549549710e-01 9.737960023252693054e-01
5.454545454545454142e-01 0.000000000000000000e+00 0.000000000000000000e+00 0.000000000000000000e+00 4.726027397260273988e-01
9.720496894409937916e-01 9.224137931034482873e-01 1.000000000000000000e+00 9.596412556053811604e-01 9.790697674418604723e-01
9.720496894409937916e-01 9.224137931034482873e-01 1.000000000000000000e+00 9.596412556053811604e-01 9.790697674418604723e-01
9.750778816199376919e-01 9.304347826086956097e-01 1.000000000000000000e+00 9.639639639639638879e-01 9.813084112149532690e-01
9.720496894409937916e-01 9.224137931034482873e-01 1.000000000000000000e+00 9.596412556053811604e-01 9.790697674418604723e-01
9.720496894409937916e-01 9.224137931034482873e-01 1.000000000000000000e+00 9.596412556053811604e-01 9.790697674418604723e-01
6.237288135593220817e-01 0.000000000000000000e+00 0.000000000000000000e+00 0.000000000000000000e+00 4.893617021276595591e-01
9.720496894409937916e-01 9.224137931034482873e-01 1.000000000000000000e+00 9.596412556053811604e-01 9.790697674418604723e-01
9.720496894409937916e-01 9.224137931034482873e-01 1.000000000000000000e+00 9.596412556053811604e-01 9.790697674418604723e-01
9.720496894409937916e-01 9.224137931034482873e-01 1.000000000000000000e+00 9.596412556053811604e-01 9.790697674418604723e-01
