4.911504424778760924e-01 0.000000000000000000e+00 0.000000000000000000e+00 0.000000000000000000e+00 4.663865546218487479e-01
9.720496894409937916e-01 9.224137931034482873e-01 1.000000000000000000e+00 9.596412556053811604e-01 9.790697674418604723e-01
6.013986013986013512e-01 0.000000000000000000e+00 0.000000000000000000e+00 0.000000000000000000e+00 4.804469273743016688e-01
9.720496894409937916e-01 9.224137931034482873e-01 1.000000000000000000e+00 9.596412556053811604e-01 9.790697674418604723e-01
9.720496894409937916e-01 9.224137931034482873e-01 1.000000000000000000e+00 9.596412556053811604e-01 9.790697674418604723e-01
6.130136986301369939e-01 2.000000000000000111e-01 1.869158878504672758e-02 3.418803418803418454e-02 4.877241727709017427e-01
6.167247386759582284e-01 2.857142857142856984e-01 1.869158878504672758e-02 3.508771929824561209e-02 4.954569055036344705e-01
9.716981132075471761e-01 9.224137931034482873e-01 1.000000000000000000e+00 9.596412556053811604e-01 9.786729857819905787e-01
6.560283687943262443e-01 7.500000000000000000e-01 1.401869158878504551e-01 2.362204724409448509e-01 5.558077436582109510e-01
9.720496894409937916e-01 9.224137931034482873e-01 1.000000000000000000e+00 9.596412556053811604e-01 9.790697674418604723e-01
5.957446808510638014e-01 0.000000000000000000e+00 0.000000000000000000e+00 0.000000000000000000e+00 4.799999999999999822e-01
9.720496894409937916e-01 9.224137931034482873e-01 1.000000000000000000e+00 9.596412556053811604e-01 9.790697674418604723e-01
6.221498371335505428e-01 0.000000000000000000e+00 0.000000000000000000e+00 0.000000000000000000e+00 4.774999999999999800e-01
9.781250000000000222e-01 9.385964912280702066e-01 1.000000000000000000e+00 9.683257918552036214e-01 9.835680751173708769e-01
8.662420382165605393e-01 9.220779220779220520e-01 6.635514018691588412e-01 7.717391304347825942e-01 8.172829473113909504e-01
9.720496894409937916e-01 9.224137931034482873e-01 1.000000000000000000e+00 9.596412556053811604e-01 9.790697674418604723e-01
9.750778816199376919e-01 9.304347826086956097e-01 1.000000000000000000e+00 9.639639639639638879e-01 9.813084112149532690e-01
9.720496894409937916e-01 9.224137931034482873e-01 1.000000000000000000e+00 9.596412556053811604e-01 9.790697674418604723e-01
9.720496894409937916e-01 9.224137931034482873e-01 1.000000000000000000e+00 9.596412556053811604e-01 9.790697674418604723e-01
9.720496894409937916e-01 9.224137931034482873e-01 1.000000000000000000e+00 9.596412556053811604e-01 9.790697674418604723e-01
8.679245283018868218e-01 9.012345679012345734e-01 6.822429906542055722e-01 7.765957446808510189e-01 8.221641493555388314e-01
9.780564263322883978e-01 9.385964912280702066e-01 1.000000000000000000e+00 9.683257918552036214e-01 9.834905660377357695e-01
7.194719471947195188e-01 7.894736842105263275e-01 2.803738317757009102e-01 4.137931034482758008e-01 6.197787526225443377e-01
6.666666666666666297e-01 6.250000000000000000e-01 9.345794392523364136e-02 1.626016260162601590e-01 5.318774868141019629e-01
9.781250000000000222e-01 9.385964912280702066e-01 1.000000000000000000e+00 9.683257918552036214e-01 9.835680751173708769e-01
8.662420382165605393e-01 9.220779220779220520e-01 6.635514018691588412e-01 7.717391304347825942e-01 8.172829473113909504e-01
9.805194805194805685e-01 9.469026548672566657e-01 1.000000000000000000e+00 9.727272727272727737e-01 9.850746268656717097e-01
6.027397260273972268e-01 0.000000000000000000e+00 0.000000000000000000e+00 0.000000000000000000e+00 4.756756756756757021e-01
9.568106312292359306e-01 9.519230769230768718e-01 9.252336448598130758e-01 9.383886255924169806e-01 9.497302244917621428e-01
7.968253968253967701e-01 9.215686274509803377e-01 4.392523364485981241e-01 5.949367088607594445e-01 7.100107836089143420e-01
5.183486238532110102e-01 5.714285714285713969e-01 7.476635514018691031e-02 1.322314049586776619e-01 5.103561505430664891e-01
8.660130718954248685e-01 9.230769230769231282e-01 6.728971962616822067e-01 7.783783783783783106e-01 8.213732212464189830e-01
5.802919708029197210e-01 0.000000000000000000e+00 0.000000000000000000e+00 0.000000000000000000e+00 4.760479041916167442e-01
7.943037974683544444e-01 8.888888888888888395e-01 4.485981308411214896e-01 5.962732919254658537e-01 7.099449984349148757e-01
9.720496894409937916e-01 9.224137931034482873e-01 1.000000000000000000e+00 9.596412556053811604e-01 9.790697674418604723e-01
9.720496894409937916e-01 9.224137931034482873e-01 1.000000000000000000e+00 9.596412556053811604e-01 9.790697674418604723e-01
9.720496894409937916e-01 9.224137931034482873e-01 1.000000000000000000e+00 9.596412556053811604e-01 9.790697674418604723e-01
