5.352697095435684504e-01 2.222222222222222099e-01 1.869158878504672758e-02 3.448275862068965469e-02 4.832263914074487188e-01
6.133828996282527646e-01 6.153846153846154188e-01 7.476635514018691031e-02 1.333333333333333315e-01 5.219510788046614058e-01
5.606060606060605522e-01 0.000000000000000000e+00 0.000000000000000000e+00 0.000000000000000000e+00 4.713375796178344013e-01
7.549019607843137081e-01 8.636363636363636465e-01 3.551401869158878344e-01 5.033112582781457123e-01 6.624947165735217691e-01
6.295081967213115304e-01 0.000000000000000000e+00 0.000000000000000000e+00 0.000000000000000000e+00 4.848484848484848619e-01
7.788461538461538547e-01 9.130434782608695121e-01 3.925233644859812965e-01 5.490196078431373028e-01 6.865055846820150576e-01
6.644295302013423221e-01 6.842105263157894912e-01 1.214953271028037379e-01 2.063492063492063378e-01 5.450408572686792352e-01
9.842271293375394192e-01 9.553571428571429047e-01 1.000000000000000000e+00 9.771689497716895545e-01 9.880952380952380265e-01
9.720496894409937916e-01 9.224137931034482873e-01 1.000000000000000000e+00 9.596412556053811604e-01 9.790697674418604723e-01
9.781250000000000222e-01 9.385964912280702066e-01 1.000000000000000000e+00 9.683257918552036214e-01 9.835680751173708769e-01
9.495268138801261637e-01 9.333333333333333481e-01 9.158878504672897103e-01 9.245283018867923586e-01 9.412772585669781922e-01
9.806451612903225312e-01 9.469026548672566657e-01 1.000000000000000000e+00 9.727272727272727737e-01 9.852216748768473087e-01
6.179401993355482237e-01 0.000000000000000000e+00 0.000000000000000000e+00 0.000000000000000000e+00 4.793814432989690899e-01
9.811320754716981174e-01 9.469026548672566657e-01 1.000000000000000000e+00 9.727272727272727737e-01 9.857819905213270895e-01
9.720496894409937916e-01 9.224137931034482873e-01 1.000000000000000000e+00 9.596412556053811604e-01 9.790697674418604723e-01
9.873015873015873467e-01 9.639639639639639990e-01 1.000000000000000000e+00 9.816513761467891008e-01 9.903846153846153078e-01
7.387096774193548931e-01 8.421052631578946901e-01 2.990654205607476412e-01 4.413793103448275801e-01 6.347543851572211571e-01
7.412140575079871896e-01 7.954545454545454142e-01 3.271028037383177378e-01 4.635761589403973315e-01 6.417067416749840936e-01
9.720496894409937916e-01 9.224137931034482873e-01 1.000000000000000000e+00 9.596412556053811604e-01 9.790697674418604723e-01
5.863309352517985795e-01 0.000000000000000000e+00 0.000000000000000000e+00 0.000000000000000000e+00 4.766081871345029253e-01
9.719626168224299034e-01 9.298245614035087758e-01 9.906542056074766345e-01 9.592760180995474339e-01 9.766355140186915307e-01
5.406504065040650397e-01 2.000000000000000111e-01 1.869158878504672758e-02 3.418803418803418454e-02 4.805688159752571909e-01
5.827338129496403285e-01 0.000000000000000000e+00 0.000000000000000000e+00 0.000000000000000000e+00 4.736842105263158187e-01
6.983050847457626942e-01 8.214285714285713969e-01 2.149532710280373793e-01 3.407407407407407329e-01 5.941787631735931940e-01
9.811320754716981174e-01 9.469026548672566657e-01 1.000000000000000000e+00 9.727272727272727737e-01 9.857819905213270895e-01
9.720496894409937916e-01 9.224137931034482873e-01 1.000000000000000000e+00 9.596412556053811604e-01 9.790697674418604723e-01
6.196721311475409388e-01 0.000000000000000000e+00 0.000000000000000000e+00 0.000000000000000000e+00 4.772727272727272929e-01
5.396825396825396526e-01 0.000000000000000000e+00 0.000000000000000000e+00 0.000000000000000000e+00 4.689655172413793038e-01
5.450980392156862253e-01 0.000000000000000000e+00 0.000000000000000000e+00 0.000000000000000000e+00 4.695945945945945721e-01
8.899676375404530493e-01 9.397590361445783413e-01 7.289719626168223998e-01 8.210526315789473673e-01 8.521097436846487572e-01
4.821428571428571508e-01 0.000000000000000000e+00 0.000000000000000000e+00 0.000000000000000000e+00 4.615384615384615641e-01
7.868852459016393297e-01 9.038461538461538547e-01 4.392523364485981241e-01 5.911949685534590992e-01 7.069999055980363822e-01
9.720496894409937916e-01 9.224137931034482873e-01 1.000000000000000000e+00 9.596412556053811604e-01 9.790697674418604723e-01
9.750778816199376919e-01 9.304347826086956097e-01 1.000000000000000000e+00 9.639639639639638879e-01 9.813084112149532690e-01
9.720496894409937916e-01 9.224137931034482873e-01 1.000000000000000000e+00 9.596412556053811604e-01 9.790697674418604723e-01
7.450331125827814871e-01 8.750000000000000000e-01 3.271028037383177378e-01 4.761904761904762196e-01 6.507308890486459552e-01
8.930817610062893319e-01 9.010989010989011172e-01 7.663551401869158619e-01 8.282828282828282873e-01 8.618505558754484541e-01
