5.959595959595959114e-01 2.173913043478260809e-01 4.672897196261682068e-02 7.692307692307692735e-02 4.759960649286767986e-01
6.440677966101694407e-01 5.294117647058823595e-01 1.682242990654205517e-01 2.553191489361701927e-01 5.415589580433485262e-01
5.752508361204012877e-01 4.545454545454545581e-02 9.345794392523363789e-03 1.550387596899224611e-02 4.499853971962616273e-01
5.492063492063492536e-01 0.000000000000000000e+00 0.000000000000000000e+00 0.000000000000000000e+00 4.158653846153845812e-01
8.945686900958466081e-01 7.642857142857142350e-01 1.000000000000000000e+00 8.663967611336031993e-01 9.199029126213591478e-01
7.980456026058632135e-01 7.227722772277227481e-01 6.822429906542055722e-01 7.019230769230768718e-01 7.711214953271028349e-01
6.418439716312056564e-01 8.000000000000000444e-01 7.476635514018691031e-02 1.367521367521367381e-01 5.316688918558077903e-01
5.838926174496644750e-01 5.263157894736841813e-02 9.345794392523363789e-03 1.587301587301587213e-02 4.575524783480940938e-01
8.774834437086093120e-01 8.070175438596490780e-01 8.598130841121495171e-01 8.325791855203620306e-01 8.734962856458183822e-01
9.210526315789473450e-01 8.167938931297710203e-01 1.000000000000000000e+00 8.991596638655461327e-01 9.390862944162435832e-01
5.372670807453415742e-01 0.000000000000000000e+00 0.000000000000000000e+00 0.000000000000000000e+00 4.023255813953488524e-01
5.681818181818182323e-01 6.666666666666666574e-02 1.869158878504672758e-02 2.919708029197079849e-02 4.396940530989910112e-01
8.888888888888888395e-01 7.535211267605633756e-01 1.000000000000000000e+00 8.594377510040159818e-01 9.158653846153845812e-01
9.180327868852459217e-01 8.106060606060605522e-01 1.000000000000000000e+00 8.953974895397489586e-01 9.368686868686868507e-01
5.591054313099041995e-01 5.714285714285714107e-02 1.869158878504672758e-02 2.816901408450703942e-02 4.292487070138825689e-01
9.120521172638436092e-01 7.985074626865671377e-01 1.000000000000000000e+00 8.879668049792530660e-01 9.324999999999999956e-01
8.917197452229299603e-01 7.588652482269503396e-01 1.000000000000000000e+00 8.629032258064516236e-01 9.178743961352656688e-01
8.832807570977917466e-01 7.430555555555555802e-01 1.000000000000000000e+00 8.525896414342629681e-01 9.119047619047618847e-01
7.110389610389610260e-01 6.216216216216216006e-01 4.299065420560747586e-01 5.082872928176795924e-01 6.453015297345050527e-01
5.923344947735191823e-01 8.333333333333332871e-02 9.345794392523363789e-03 1.680672268907562952e-02 4.741173416407060692e-01
8.860759493670885556e-01 7.482517482517482277e-01 1.000000000000000000e+00 8.559999999999999831e-01 9.138755980861243966e-01
5.850340136054421603e-01 1.052631578947368363e-01 1.869158878504672758e-02 3.174603174603174427e-02 4.638912489379778958e-01
5.672131147540984131e-01 3.703703703703703498e-02 9.345794392523363789e-03 1.492537313432835792e-02 4.390163315396959920e-01
5.653594771241829964e-01 3.571428571428571230e-02 9.345794392523363789e-03 1.481481481481481191e-02 4.368337012163621691e-01
9.180327868852459217e-01 8.106060606060605522e-01 1.000000000000000000e+00 8.953974895397489586e-01 9.368686868686868507e-01
5.591054313099041995e-01 5.714285714285714107e-02 1.869158878504672758e-02 2.816901408450703942e-02 4.292487070138825689e-01
6.215277777777777901e-01 4.444444444444444198e-01 7.476635514018691031e-02 1.280000000000000027e-01 5.097588681778283393e-01
5.527156549520766404e-01 2.857142857142857054e-02 9.345794392523363789e-03 1.408450704225351971e-02 4.221486253516014142e-01
8.832807570977917466e-01 7.430555555555555802e-01 1.000000000000000000e+00 8.525896414342629681e-01 9.119047619047618847e-01
8.832807570977917466e-01 7.430555555555555802e-01 1.000000000000000000e+00 8.525896414342629681e-01 9.119047619047618847e-01
5.743243243243243423e-01 4.761904761904761640e-02 9.345794392523363789e-03 1.562499999999999827e-02 4.517628442862087201e-01
5.999999999999999778e-01 2.000000000000000111e-01 2.803738317757009310e-02 4.918032786885245811e-02 4.812318063428833725e-01
5.645161290322581182e-01 8.823529411764706454e-02 2.803738317757009310e-02 4.255319148936170109e-02 4.376640117858293100e-01
6.397306397306397052e-01 5.000000000000000000e-01 1.588785046728971861e-01 2.411347517730496326e-01 5.347024102311853655e-01
9.032258064516128782e-01 7.810218978102190235e-01 1.000000000000000000e+00 8.770491803278688270e-01 9.261083743842364324e-01
5.676567656765676428e-01 3.846153846153846367e-02 9.345794392523363789e-03 1.503759398496240518e-02 4.408973869921800071e-01
8.750000000000000000e-01 7.278911564625850650e-01 1.000000000000000000e+00 8.425196850393700254e-01 9.061032863849765029e-01
