5.898305084745762983e-01 6.250000000000000000e-02 9.345794392523363789e-03 1.626016260162601451e-02 4.647792801749850433e-01
9.003215434083601254e-01 7.753623188405797118e-01 1.000000000000000000e+00 8.734693877551020780e-01 9.240196078431371918e-01
6.020761245674740580e-01 1.000000000000000056e-01 9.345794392523363789e-03 1.709401709401709227e-02 4.799476224709868788e-01
5.657894736842105088e-01 3.703703703703703498e-02 9.345794392523363789e-03 1.492537313432835792e-02 4.386830494805256109e-01
5.552050473186119772e-01 7.499999999999999722e-02 2.803738317757009310e-02 4.081632653061224858e-02 4.259234534935468774e-01
5.690789473684210176e-01 3.846153846153846367e-02 9.345794392523363789e-03 1.503759398496240518e-02 4.412211205465154107e-01
5.780730897009966895e-01 4.545454545454545581e-02 9.345794392523363789e-03 1.550387596899224611e-02 4.505491858560554119e-01
5.728476821192053370e-01 4.166666666666666435e-02 9.345794392523363789e-03 1.526717557251908164e-02 4.456985382219026404e-01
8.888888888888888395e-01 7.535211267605633756e-01 1.000000000000000000e+00 8.594377510040159818e-01 9.158653846153845812e-01
6.709677419354839190e-01 5.384615384615384359e-01 3.271028037383177378e-01 4.069767441860464574e-01 5.896597762533952736e-01
5.965517241379310054e-01 1.428571428571428492e-01 1.869158878504672758e-02 3.305785123966941547e-02 4.765589091466217453e-01
6.148409893992933251e-01 3.333333333333333148e-01 1.869158878504672758e-02 3.539823008849556779e-02 4.979821580288870120e-01
5.844155844155843882e-01 2.000000000000000111e-01 6.542056074766354479e-02 9.859154929577462756e-02 4.630585390802993695e-01
5.872483221476509918e-01 1.000000000000000056e-01 1.869158878504672758e-02 3.149606299212597688e-02 4.622253755443558321e-01
9.061488673139158623e-01 7.867647058823529216e-01 1.000000000000000000e+00 8.806584362139917577e-01 9.282178217821781541e-01
5.761589403973509382e-01 8.000000000000000167e-02 1.869158878504672758e-02 3.030303030303030040e-02 4.503714354181643786e-01
5.819397993311036243e-01 5.000000000000000278e-02 9.345794392523363789e-03 1.574803149606298844e-02 4.551937305295949421e-01
5.372670807453415742e-01 0.000000000000000000e+00 0.000000000000000000e+00 0.000000000000000000e+00 4.023255813953488524e-01
9.061488673139158623e-01 7.867647058823529216e-01 1.000000000000000000e+00 8.806584362139917577e-01 9.282178217821781541e-01
6.515679442508710562e-01 6.400000000000000133e-01 1.495327102803738206e-01 2.424242424242424032e-01 5.497663551401869020e-01
6.312292358803986980e-01 4.500000000000000111e-01 1.682242990654205517e-01 2.448979591836734637e-01 5.274111186048752176e-01
5.492063492063492536e-01 0.000000000000000000e+00 0.000000000000000000e+00 0.000000000000000000e+00 4.158653846153845812e-01
5.945017182130584166e-01 7.692307692307692735e-02 9.345794392523363789e-03 1.666666666666666644e-02 4.720642015440877359e-01
5.663430420711974556e-01 9.090909090909091161e-02 2.803738317757009310e-02 4.285714285714285754e-02 4.397612658462107249e-01
5.872483221476509918e-01 1.000000000000000056e-01 1.869158878504672758e-02 3.149606299212597688e-02 4.622253755443558321e-01
9.061488673139158623e-01 7.867647058823529216e-01 1.000000000000000000e+00 8.806584362139917577e-01 9.282178217821781541e-01
5.616883116883116811e-01 3.333333333333333287e-02 9.345794392523363789e-03 1.459854014598539924e-02 4.325335937136745579e-01
5.752508361204012877e-01 4.545454545454545581e-02 9.345794392523363789e-03 1.550387596899224611e-02 4.499853971962616273e-01
5.884353741496598511e-01 1.111111111111111049e-01 1.869158878504672758e-02 3.200000000000000067e-02 4.665650457294217568e-01
8.945686900958466081e-01 7.642857142857142350e-01 1.000000000000000000e+00 8.663967611336031993e-01 9.199029126213591478e-01
5.639344262295081789e-01 3.571428571428571230e-02 9.345794392523363789e-03 1.481481481481481191e-02 4.364910790144435060e-01
5.766666666666666607e-01 4.545454545454545581e-02 9.345794392523363789e-03 1.550387596899224611e-02 4.502687521185414488e-01
9.032258064516128782e-01 7.810218978102190235e-01 1.000000000000000000e+00 8.770491803278688270e-01 9.261083743842364324e-01
5.810810810810810301e-01 5.263157894736841813e-02 9.345794392523363789e-03 1.587301587301587213e-02 4.570538495772140664e-01
5.796610169491525077e-01 5.263157894736841813e-02 9.345794392523363789e-03 1.587301587301587213e-02 4.568005567707297265e-01
5.580645161290322953e-01 0.000000000000000000e+00 0.000000000000000000e+00 0.000000000000000000e+00 4.261083743842364324e-01
5.878378378378378288e-01 5.882352941176470507e-02 9.345794392523363789e-03 1.612903225806451221e-02 4.623448548682193016e-01
