5.492063492063492536e-01 0.000000000000000000e+00 0.000000000000000000e+00 0.000000000000000000e+00 4.158653846153845812e-01
5.527156549520766404e-01 2.857142857142857054e-02 9.345794392523363789e-03 1.408450704225351971e-02 4.221486253516014142e-01
6.105263157894736947e-01 1.666666666666666574e-01 9.345794392523363789e-03 1.769911504424778390e-02 4.906279533760369294e-01
6.732673267326733102e-01 5.714285714285713969e-01 2.990654205607476412e-01 3.926380368098158491e-01 5.883082204844554131e-01
6.734693877551020114e-01 6.341463414634146423e-01 2.429906542056074759e-01 3.513513513513513153e-01 5.813883752311460595e-01
6.091549295774647543e-01 1.666666666666666574e-01 9.345794392523363789e-03 1.769911504424778390e-02 4.905486034109509119e-01
5.541401273885350198e-01 2.857142857142857054e-02 9.345794392523363789e-03 1.408450704225351971e-02 4.225472933315272961e-01
7.378640776699029180e-01 6.547619047619047672e-01 5.140186915887849928e-01 5.759162303664920879e-01 6.852271675765707615e-01
5.598705501618123082e-01 3.225806451612903136e-02 9.345794392523363789e-03 1.449275362318840250e-02 4.304154714536873594e-01
8.945686900958466081e-01 7.642857142857142350e-01 1.000000000000000000e+00 8.663967611336031993e-01 9.199029126213591478e-01
5.372670807453415742e-01 0.000000000000000000e+00 0.000000000000000000e+00 0.000000000000000000e+00 4.023255813953488524e-01
5.979381443298968923e-01 1.875000000000000000e-01 2.803738317757009310e-02 4.878048780487804353e-02 4.786926046322633188e-01
5.667752442996742968e-01 3.571428571428571230e-02 9.345794392523363789e-03 1.481481481481481191e-02 4.371728971962616228e-01
6.040955631399317349e-01 3.200000000000000067e-01 7.476635514018691031e-02 1.212121212121212016e-01 4.916842528389106515e-01
8.722741433021806712e-01 7.229729729729730270e-01 1.000000000000000000e+00 8.392156862745098200e-01 9.042056074766355867e-01
8.918032786885246033e-01 7.936507936507936067e-01 9.345794392523364413e-01 8.583690987124462657e-01 9.016331539696026409e-01
9.090909090909090606e-01 7.925925925925926263e-01 1.000000000000000000e+00 8.842975206611569661e-01 9.303482587064676457e-01
6.041666666666666297e-01 1.818181818181818232e-01 1.869158878504672758e-02 3.389830508474575566e-02 4.844839159394846995e-01
5.909090909090909394e-01 8.333333333333332871e-02 9.345794392523363789e-03 1.680672268907562952e-02 4.739466402130214084e-01
5.492063492063492536e-01 0.000000000000000000e+00 0.000000000000000000e+00 0.000000000000000000e+00 4.158653846153845812e-01
8.860759493670885556e-01 7.482517482517482277e-01 1.000000000000000000e+00 8.559999999999999831e-01 9.138755980861243966e-01
9.032258064516128782e-01 7.810218978102190235e-01 1.000000000000000000e+00 8.770491803278688270e-01 9.261083743842364324e-01
5.492063492063492536e-01 0.000000000000000000e+00 0.000000000000000000e+00 0.000000000000000000e+00 4.158653846153845812e-01
5.714285714285713969e-01 4.166666666666666435e-02 9.345794392523363789e-03 1.526717557251908164e-02 4.453945466807977538e-01
6.040955631399317349e-01 3.200000000000000067e-01 7.476635514018691031e-02 1.212121212121212016e-01 4.916842528389106515e-01
8.722741433021806712e-01 7.229729729729730270e-01 1.000000000000000000e+00 8.392156862745098200e-01 9.042056074766355867e-01
5.785953177257524560e-01 1.199999999999999956e-01 2.803738317757009310e-02 4.545454545454545581e-02 4.567270249221183076e-01
5.916955017301037678e-01 7.692307692307692735e-02 9.345794392523363789e-03 1.666666666666666644e-02 4.717058642292286663e-01
5.657894736842105088e-01 0.000000000000000000e+00 0.000000000000000000e+00 0.000000000000000000e+00 4.365482233502537834e-01
7.451612903225806051e-01 6.590909090909090606e-01 5.420560747663550893e-01 5.948717948717948678e-01 6.971364117674139216e-01
5.810810810810810301e-01 5.263157894736841813e-02 9.345794392523363789e-03 1.587301587301587213e-02 4.570538495772140664e-01
9.427609427609427994e-01 8.629032258064516236e-01 1.000000000000000000e+00 9.264069264069264564e-01 9.552631578947368141e-01
5.602605863192182678e-01 3.333333333333333287e-02 9.345794392523363789e-03 1.459854014598539924e-02 4.321728971962616184e-01
8.139534883720930258e-01 7.684210526315788936e-01 6.822429906542055722e-01 7.227722772277226371e-01 7.844204643992677140e-01
9.003215434083601254e-01 7.753623188405797118e-01 1.000000000000000000e+00 8.734693877551020780e-01 9.240196078431371918e-01
8.917197452229299603e-01 7.588652482269503396e-01 1.000000000000000000e+00 8.629032258064516236e-01 9.178743961352656688e-01
5.606557377049180557e-01 3.448275862068965469e-02 9.345794392523363789e-03 1.470588235294117453e-02 4.339658264891909090e-01
