6.073825503355704258e-01 0.000000000000000000e+00 0.000000000000000000e+00 0.000000000000000000e+00 4.738219895287958394e-01
9.035369774919613794e-01 8.969072164948453940e-01 8.130841121495326895e-01 8.529411764705883137e-01 8.820322521531976934e-01
7.500000000000000000e-01 8.235294117647058432e-01 3.925233644859812965e-01 5.316455696202531112e-01 6.724521584334668400e-01
9.593749999999999778e-01 8.916666666666667185e-01 1.000000000000000000e+00 9.427312775330397576e-01 9.694835680751173745e-01
6.133333333333332860e-01 0.000000000000000000e+00 0.000000000000000000e+00 0.000000000000000000e+00 4.766839378238342251e-01
5.084745762711864181e-01 0.000000000000000000e+00 0.000000000000000000e+00 0.000000000000000000e+00 4.651162790697674354e-01
9.623824451410658565e-01 8.991596638655462437e-01 1.000000000000000000e+00 9.469026548672566657e-01 9.716981132075471761e-01
9.385113268608413772e-01 9.074074074074074403e-01 9.158878504672897103e-01 9.116279069767442289e-01 9.331914499861200252e-01
5.461538461538461009e-01 1.333333333333333315e-01 1.869158878504672758e-02 3.278688524590163411e-02 4.668621342618043957e-01
9.534161490683229490e-01 8.770491803278688270e-01 1.000000000000000000e+00 9.344978165938864212e-01 9.651162790697673799e-01
5.760869565217391353e-01 0.000000000000000000e+00 0.000000000000000000e+00 0.000000000000000000e+00 4.704142011834319681e-01
6.845637583892617561e-01 7.826086956521739468e-01 1.682242990654205517e-01 2.769230769230768829e-01 5.710231442971082094e-01
6.237288135593220817e-01 0.000000000000000000e+00 0.000000000000000000e+00 0.000000000000000000e+00 4.893617021276595591e-01
9.649681528662420460e-01 9.067796610169491789e-01 1.000000000000000000e+00 9.511111111111111294e-01 9.734299516908212491e-01
9.593749999999999778e-01 8.916666666666667185e-01 1.000000000000000000e+00 9.427312775330397576e-01 9.694835680751173745e-01
5.719298245614035103e-01 0.000000000000000000e+00 0.000000000000000000e+00 0.000000000000000000e+00 4.578651685393258508e-01
9.588607594936708889e-01 8.916666666666667185e-01 1.000000000000000000e+00 9.427312775330397576e-01 9.688995215311004827e-01
9.534161490683229490e-01 8.770491803278688270e-01 1.000000000000000000e+00 9.344978165938864212e-01 9.651162790697673799e-01
6.445182724252491724e-01 5.000000000000000000e-01 1.308411214953270896e-01 2.074074074074073737e-01 5.293380865208594521e-01
6.027874564459930751e-01 0.000000000000000000e+00 0.000000000000000000e+00 0.000000000000000000e+00 4.805555555555555691e-01
6.655518394648829439e-01 6.296296296296296502e-01 1.588785046728971861e-01 2.537313432835821003e-01 5.533975856697818108e-01
9.609120521172638263e-01 8.991596638655462437e-01 1.000000000000000000e+00 9.469026548672566657e-01 9.699999999999999734e-01
6.153846153846154188e-01 4.285714285714285476e-01 8.411214953271027583e-02 1.406250000000000000e-01 5.085365216937294264e-01
7.375000000000000444e-01 7.169811320754716499e-01 3.551401869158878344e-01 4.749999999999999778e-01 6.423588258523101890e-01
9.649681528662420460e-01 9.067796610169491789e-01 1.000000000000000000e+00 9.511111111111111294e-01 9.734299516908212491e-01
9.593749999999999778e-01 8.916666666666667185e-01 1.000000000000000000e+00 9.427312775330397576e-01 9.694835680751173745e-01
7.023411371237457956e-01 7.647058823529411242e-01 2.429906542056074759e-01 3.687943262411347289e-01 6.006619937694704925e-01
9.593749999999999778e-01 8.916666666666667185e-01 1.000000000000000000e+00 9.427312775330397576e-01 9.694835680751173745e-01
5.818181818181817899e-01 0.000000000000000000e+00 0.000000000000000000e+00 0.000000000000000000e+00 4.761904761904761640e-01
5.281385281385281294e-01 4.500000000000000111e-01 8.411214953271027583e-02 1.417322834645669272e-01 4.977012360566776539e-01
6.815068493150684414e-01 7.916666666666666297e-01 1.775700934579439172e-01 2.900763358778625234e-01 5.752715332154584305e-01
9.682539682539682557e-01 9.145299145299145005e-01 1.000000000000000000e+00 9.553571428571429047e-01 9.759615384615384359e-01
9.534161490683229490e-01 8.770491803278688270e-01 1.000000000000000000e+00 9.344978165938864212e-01 9.651162790697673799e-01
9.534161490683229490e-01 8.770491803278688270e-01 1.000000000000000000e+00 9.344978165938864212e-01 9.651162790697673799e-01
9.534161490683229490e-01 8.770491803278688270e-01 1.000000000000000000e+00 9.344978165938864212e-01 9.651162790697673799e-01
9.534161490683229490e-01 8.770491803278688270e-01 1.000000000000000000e+00 9.344978165938864212e-01 9.651162790697673799e-01
5.921568627450980449e-01 5.789473684210526550e-01 1.028037383177570069e-01 1.746031746031745935e-01 5.243748421318514819e-01
