6.101083032490974833e-01 4.705882352941176405e-01 7.476635514018691031e-02 1.290322580645160977e-01 5.109125893347993275e-01
9.529780564263322651e-01 8.770491803278688270e-01 1.000000000000000000e+00 9.344978165938864212e-01 9.646226415094338869e-01
5.878136200716845838e-01 1.666666666666666574e-01 1.869158878504672758e-02 3.361344537815125905e-02 4.802760269506629043e-01
6.978193146417445147e-01 6.250000000000000000e-01 2.336448598130841103e-01 3.401360544217686965e-01 5.817757009345794206e-01
6.571428571428571397e-01 4.814814814814814548e-01 1.214953271028037379e-01 1.940298507462686617e-01 5.270938173975556751e-01
9.563862928348909609e-01 8.842975206611570771e-01 1.000000000000000000e+00 9.385964912280702066e-01 9.672897196261681652e-01
6.254416961130742081e-01 5.294117647058823595e-01 8.411214953271027583e-02 1.451612903225806273e-01 5.193288020390823823e-01
5.978647686832739838e-01 2.500000000000000000e-01 2.803738317757009310e-02 5.042016806722689204e-02 4.881566226232677552e-01
9.534161490683229490e-01 8.770491803278688270e-01 1.000000000000000000e+00 9.344978165938864212e-01 9.651162790697673799e-01
7.138157894736841813e-01 7.777777777777777901e-01 2.616822429906541791e-01 3.916083916083916150e-01 6.105365529674082747e-01
5.962264150943396013e-01 5.000000000000000000e-01 7.476635514018691031e-02 1.300813008130081161e-01 5.120667218738909066e-01
9.534161490683229490e-01 8.770491803278688270e-01 1.000000000000000000e+00 9.344978165938864212e-01 9.651162790697673799e-01
6.330935251798560648e-01 7.777777777777777901e-01 6.542056074766354479e-02 1.206896551724137845e-01 5.268623271574573996e-01
5.978647686832739838e-01 0.000000000000000000e+00 0.000000000000000000e+00 0.000000000000000000e+00 4.827586206896551935e-01
9.534161490683229490e-01 8.770491803278688270e-01 1.000000000000000000e+00 9.344978165938864212e-01 9.651162790697673799e-01
7.575757575757575690e-01 9.729729729729730270e-01 3.364485981308411033e-01 5.000000000000000000e-01 6.655927201180521502e-01
6.390728476821192494e-01 4.375000000000000000e-01 6.542056074766354479e-02 1.138211382113820946e-01 5.096333572969086179e-01
5.000000000000000000e-01 0.000000000000000000e+00 0.000000000000000000e+00 0.000000000000000000e+00 4.452554744525547559e-01
5.986842105263158187e-01 0.000000000000000000e+00 0.000000000000000000e+00 0.000000000000000000e+00 4.619289340101522812e-01
5.871212121212121549e-01 4.000000000000000222e-01 3.738317757009345516e-02 6.837606837606836907e-02 4.995833085302696652e-01
6.591639871382636295e-01 5.238095238095238360e-01 1.028037383177570069e-01 1.718749999999999722e-01 5.268920652373098035e-01
5.328185328185328640e-01 0.000000000000000000e+00 0.000000000000000000e+00 0.000000000000000000e+00 4.539473684210526550e-01
5.631768953068592154e-01 0.000000000000000000e+00 0.000000000000000000e+00 0.000000000000000000e+00 4.588235294117646856e-01
9.534161490683229490e-01 8.770491803278688270e-01 1.000000000000000000e+00 9.344978165938864212e-01 9.651162790697673799e-01
5.978647686832739838e-01 0.000000000000000000e+00 0.000000000000000000e+00 0.000000000000000000e+00 4.827586206896551935e-01
9.534161490683229490e-01 8.770491803278688270e-01 1.000000000000000000e+00 9.344978165938864212e-01 9.651162790697673799e-01
5.254901960784313930e-01 0.000000000000000000e+00 0.000000000000000000e+00 0.000000000000000000e+00 4.527027027027026862e-01
9.621451104100946505e-01 8.991596638655462437e-01 1.000000000000000000e+00 9.469026548672566657e-01 9.714285714285714191e-01
6.297577854671280173e-01 5.000000000000000000e-01 8.411214953271027583e-02 1.439999999999999891e-01 5.173308000410803409e-01
6.219931271477663337e-01 4.347826086956521618e-01 9.345794392523364136e-02 1.538461538461538547e-01 5.114028850060950981e-01
5.243902439024390461e-01 0.000000000000000000e+00 0.000000000000000000e+00 0.000000000000000000e+00 4.640287769784172678e-01
6.654929577464788748e-01 7.307692307692307265e-01 1.775700934579439172e-01 2.857142857142856984e-01 5.690110354295369044e-01
9.563862928348909609e-01 8.842975206611570771e-01 1.000000000000000000e+00 9.385964912280702066e-01 9.672897196261681652e-01
9.682539682539682557e-01 9.145299145299145005e-01 1.000000000000000000e+00 9.553571428571429047e-01 9.759615384615384359e-01
5.360000000000000320e-01 0.000000000000000000e+00 0.000000000000000000e+00 0.000000000000000000e+00 4.685314685314685423e-01
5.399239543726235269e-01 0.000000000000000000e+00 0.000000000000000000e+00 0.000000000000000000e+00 4.551282051282051211e-01
5.426356589147286469e-01 0.000000000000000000e+00 0.000000000000000000e+00 0.000000000000000000e+00 4.635761589403973315e-01
