9.534161490683229490e-01 8.770491803278688270e-01 1.000000000000000000e+00 9.344978165938864212e-01 9.651162790697673799e-01
6.366906474820144268e-01 6.500000000000000222e-01 1.214953271028037379e-01 2.047244094488188948e-01 5.402798272940918523e-01
9.534161490683229490e-01 8.770491803278688270e-01 1.000000000000000000e+00 9.344978165938864212e-01 9.651162790697673799e-01
4.979253112033195094e-01 0.000000000000000000e+00 0.000000000000000000e+00 0.000000000000000000e+00 4.477611940298507620e-01
7.570093457943924964e-01 7.457627118644067910e-01 4.112149532710280275e-01 5.301204819277107738e-01 6.705607476635514486e-01
9.561128526645767955e-01 8.842975206611570771e-01 1.000000000000000000e+00 9.385964912280702066e-01 9.669811320754717610e-01
4.285714285714285476e-01 0.000000000000000000e+00 0.000000000000000000e+00 0.000000000000000000e+00 4.531250000000000000e-01
8.237288135593220373e-01 8.767123287671232390e-01 5.981308411214952825e-01 7.111111111111109162e-01 7.751292503479817464e-01
6.816720257234726299e-01 6.052631578947368363e-01 2.149532710280373793e-01 3.172413793103448509e-01 5.707119296316657264e-01
9.534161490683229490e-01 8.770491803278688270e-01 1.000000000000000000e+00 9.344978165938864212e-01 9.651162790697673799e-01
5.929824561403508332e-01 0.000000000000000000e+00 0.000000000000000000e+00 0.000000000000000000e+00 4.747191011235954994e-01
9.534161490683229490e-01 8.770491803278688270e-01 1.000000000000000000e+00 9.344978165938864212e-01 9.651162790697673799e-01
9.534161490683229490e-01 8.770491803278688270e-01 1.000000000000000000e+00 9.344978165938864212e-01 9.651162790697673799e-01
6.887417218543046005e-01 7.826086956521739468e-01 1.682242990654205517e-01 2.769230769230768829e-01 5.712916367121975147e-01
6.233766233766233622e-01 0.000000000000000000e+00 0.000000000000000000e+00 0.000000000000000000e+00 4.776119402985074536e-01
9.534161490683229490e-01 8.770491803278688270e-01 1.000000000000000000e+00 9.344978165938864212e-01 9.651162790697673799e-01
9.563862928348909609e-01 8.842975206611570771e-01 1.000000000000000000e+00 9.385964912280702066e-01 9.672897196261681652e-01
9.534161490683229490e-01 8.770491803278688270e-01 1.000000000000000000e+00 9.344978165938864212e-01 9.651162790697673799e-01
9.534161490683229490e-01 8.770491803278688270e-01 1.000000000000000000e+00 9.344978165938864212e-01 9.651162790697673799e-01
6.603174603174603030e-01 5.000000000000000000e-01 1.308411214953270896e-01 2.074074074074073737e-01 5.317667145938174134e-01
9.223602484472049889e-01 8.660714285714286031e-01 9.065420560747663448e-01 8.858447488584474394e-01 9.183873071071505523e-01
6.611295681063122931e-01 6.666666666666666297e-01 9.345794392523364136e-02 1.639344262295081844e-01 5.338423740244725435e-01
6.710097719869706490e-01 5.882352941176470784e-01 1.869158878504672827e-01 2.836879432624113129e-01 5.584579439252336241e-01
9.534161490683229490e-01 8.770491803278688270e-01 1.000000000000000000e+00 9.344978165938864212e-01 9.651162790697673799e-01
6.887417218543046005e-01 7.826086956521739468e-01 1.682242990654205517e-01 2.769230769230768829e-01 5.712916367121975147e-01
6.233766233766233622e-01 0.000000000000000000e+00 0.000000000000000000e+00 0.000000000000000000e+00 4.776119402985074536e-01
5.627530364372469451e-01 4.736842105263157632e-01 8.411214953271027583e-02 1.428571428571428492e-01 5.063417890520693909e-01
9.534161490683229490e-01 8.770491803278688270e-01 1.000000000000000000e+00 9.344978165938864212e-01 9.651162790697673799e-01
6.612903225806451291e-01 5.384615384615384359e-01 1.308411214953270896e-01 2.105263157894736448e-01 5.358639105013580650e-01
8.187702265372168720e-01 8.493150684931506378e-01 5.794392523364485514e-01 6.888888888888887729e-01 7.624919033959469683e-01
5.985915492957746276e-01 3.157894736842105088e-01 5.607476635514018620e-02 9.523809523809524669e-02 4.913142193357621923e-01
6.067796610169491345e-01 0.000000000000000000e+00 0.000000000000000000e+00 0.000000000000000000e+00 4.760638297872340496e-01
9.534161490683229490e-01 8.770491803278688270e-01 1.000000000000000000e+00 9.344978165938864212e-01 9.651162790697673799e-01
5.993150684931506378e-01 0.000000000000000000e+00 0.000000000000000000e+00 0.000000000000000000e+00 4.729729729729729715e-01
9.534161490683229490e-01 8.770491803278688270e-01 1.000000000000000000e+00 9.344978165938864212e-01 9.651162790697673799e-01
8.253968253968253510e-01 8.421052631578946901e-01 5.981308411214952825e-01 6.994535519125683054e-01 7.702192667145938421e-01
6.633663366336634004e-01 6.315789473684210176e-01 1.121495327102803724e-01 1.904761904761904934e-01 5.382176234979973994e-01
