8.566978193146417286e-01 6.993464052287581278e-01 1.000000000000000000e+00 8.230769230769230393e-01 8.925233644859812410e-01
7.119741100323624394e-01 5.999999999999999778e-01 5.046728971962616273e-01 5.482233502538070846e-01 6.632275377070416811e-01
8.928571428571429047e-01 7.642857142857142350e-01 1.000000000000000000e+00 8.663967611336031993e-01 9.179104477611940149e-01
5.217391304347825942e-01 0.000000000000000000e+00 0.000000000000000000e+00 0.000000000000000000e+00 3.906976744186046457e-01
5.217391304347825942e-01 0.000000000000000000e+00 0.000000000000000000e+00 0.000000000000000000e+00 3.906976744186046457e-01
7.619047619047618625e-01 6.403508771929824483e-01 6.822429906542055722e-01 6.606334841628959120e-01 7.425638030194104955e-01
5.217391304347825942e-01 0.000000000000000000e+00 0.000000000000000000e+00 0.000000000000000000e+00 3.906976744186046457e-01
5.217391304347825942e-01 0.000000000000000000e+00 0.000000000000000000e+00 0.000000000000000000e+00 3.906976744186046457e-01
5.303514376996805169e-01 2.380952380952380820e-02 9.345794392523363789e-03 1.342281879194630670e-02 4.051583340894654994e-01
8.540372670807453437e-01 6.948051948051947591e-01 1.000000000000000000e+00 8.199233716475095024e-01 8.906976744186045902e-01
5.217391304347825942e-01 0.000000000000000000e+00 0.000000000000000000e+00 0.000000000000000000e+00 3.906976744186046457e-01
7.375415282392026040e-01 6.590909090909090606e-01 5.420560747663550893e-01 5.948717948717948678e-01 6.937084497543114514e-01
8.540372670807453437e-01 6.948051948051947591e-01 1.000000000000000000e+00 8.199233716475095024e-01 8.906976744186045902e-01
8.647798742138365080e-01 7.133333333333333748e-01 1.000000000000000000e+00 8.326848249027237747e-01 8.981042654028436045e-01
5.303514376996805169e-01 2.380952380952380820e-02 9.345794392523363789e-03 1.342281879194630670e-02 4.051583340894654994e-01
8.870967741935483764e-01 7.535211267605633756e-01 1.000000000000000000e+00 8.594377510040159818e-01 9.137931034482758008e-01
8.647798742138365080e-01 7.133333333333333748e-01 1.000000000000000000e+00 8.326848249027237747e-01 8.981042654028436045e-01
8.647798742138365080e-01 7.133333333333333748e-01 1.000000000000000000e+00 8.326848249027237747e-01 8.981042654028436045e-01
7.124600638977636180e-01 5.876288659793814650e-01 5.327102803738317238e-01 5.588235294117647189e-01 6.692677615461390950e-01
5.217391304347825942e-01 0.000000000000000000e+00 0.000000000000000000e+00 0.000000000000000000e+00 3.906976744186046457e-01
6.134185303514376741e-01 3.970588235294117418e-01 2.523364485981308136e-01 3.085714285714285521e-01 5.266536611922691957e-01
5.416666666666666297e-01 5.000000000000000278e-02 1.869158878504672758e-02 2.721088435374149211e-02 4.166628675632551015e-01
5.463576158940397498e-01 5.882352941176470507e-02 1.869158878504672758e-02 2.836879432624113059e-02 4.272945123412413282e-01
8.620689655172413257e-01 7.086092715231787631e-01 1.000000000000000000e+00 8.294573643410853014e-01 8.962264150943396457e-01
8.647798742138365080e-01 7.133333333333333748e-01 1.000000000000000000e+00 8.326848249027237747e-01 8.981042654028436045e-01
5.303514376996805169e-01 2.380952380952380820e-02 9.345794392523363789e-03 1.342281879194630670e-02 4.051583340894654994e-01
5.335463258785942964e-01 4.651162790697674354e-02 1.869158878504672758e-02 2.666666666666666491e-02 4.098312312857272377e-01
5.217391304347825942e-01 0.000000000000000000e+00 0.000000000000000000e+00 0.000000000000000000e+00 3.906976744186046457e-01
5.367412140575079649e-01 6.818181818181817677e-02 2.803738317757009310e-02 3.973509933774833913e-02 4.145041284819888650e-01
5.335463258785942964e-01 2.439024390243902524e-02 9.345794392523363789e-03 1.351351351351351079e-02 4.075855185554849158e-01
5.253164556962025555e-01 0.000000000000000000e+00 0.000000000000000000e+00 0.000000000000000000e+00 3.971291866028708317e-01
5.367412140575079649e-01 6.818181818181817677e-02 2.803738317757009310e-02 3.973509933774833913e-02 4.145041284819888650e-01
8.566978193146417286e-01 6.993464052287581278e-01 1.000000000000000000e+00 8.230769230769230393e-01 8.925233644859812410e-01
5.217391304347825942e-01 0.000000000000000000e+00 0.000000000000000000e+00 0.000000000000000000e+00 3.906976744186046457e-01
5.217391304347825942e-01 0.000000000000000000e+00 0.000000000000000000e+00 0.000000000000000000e+00 3.906976744186046457e-01
8.814102564102563875e-01 7.430555555555555802e-01 1.000000000000000000e+00 8.525896414342629681e-01 9.097560975609756406e-01
8.842443729903537442e-01 7.482517482517482277e-01 1.000000000000000000e+00 8.559999999999999831e-01 9.117647058823529216e-01
