5.217391304347825942e-01 0.000000000000000000e+00 0.000000000000000000e+00 0.000000000000000000e+00 3.906976744186046457e-01
5.217391304347825942e-01 0.000000000000000000e+00 0.000000000000000000e+00 0.000000000000000000e+00 3.906976744186046457e-01
5.217391304347825942e-01 0.000000000000000000e+00 0.000000000000000000e+00 0.000000000000000000e+00 3.906976744186046457e-01
8.647798742138365080e-01 7.133333333333333748e-01 1.000000000000000000e+00 8.326848249027237747e-01 8.981042654028436045e-01
8.469055374592834307e-01 7.272727272727272929e-01 8.971962616822429792e-01 8.033472803347281310e-01 8.585981308411215762e-01
5.303514376996805169e-01 0.000000000000000000e+00 0.000000000000000000e+00 0.000000000000000000e+00 4.029126213592232886e-01
9.136212624584717501e-01 8.045112781954887327e-01 1.000000000000000000e+00 8.916666666666667185e-01 9.329896907216495006e-01
6.945337620578778681e-01 5.714285714285713969e-01 4.485981308411214896e-01 5.026178010471203939e-01 6.360637713029136942e-01
5.217391304347825942e-01 0.000000000000000000e+00 0.000000000000000000e+00 0.000000000000000000e+00 3.906976744186046457e-01
8.814102564102563875e-01 7.430555555555555802e-01 1.000000000000000000e+00 8.525896414342629681e-01 9.097560975609756406e-01
5.217391304347825942e-01 0.000000000000000000e+00 0.000000000000000000e+00 0.000000000000000000e+00 3.906976744186046457e-01
8.540372670807453437e-01 6.948051948051947591e-01 1.000000000000000000e+00 8.199233716475095024e-01 8.906976744186045902e-01
5.217391304347825942e-01 0.000000000000000000e+00 0.000000000000000000e+00 0.000000000000000000e+00 3.906976744186046457e-01
5.217391304347825942e-01 0.000000000000000000e+00 0.000000000000000000e+00 0.000000000000000000e+00 3.906976744186046457e-01
8.566978193146417286e-01 6.993464052287581278e-01 1.000000000000000000e+00 8.230769230769230393e-01 8.925233644859812410e-01
5.253164556962025555e-01 0.000000000000000000e+00 0.000000000000000000e+00 0.000000000000000000e+00 3.971291866028708317e-01
8.620689655172413257e-01 7.086092715231787631e-01 1.000000000000000000e+00 8.294573643410853014e-01 8.962264150943396457e-01
7.443365695792880654e-01 6.400000000000000133e-01 5.981308411214952825e-01 6.183574879227052845e-01 7.099565096696586197e-01
5.367412140575079649e-01 6.818181818181817677e-02 2.803738317757009310e-02 3.973509933774833913e-02 4.145041284819888650e-01
5.217391304347825942e-01 0.000000000000000000e+00 0.000000000000000000e+00 0.000000000000000000e+00 3.906976744186046457e-01
8.647798742138365080e-01 7.133333333333333748e-01 1.000000000000000000e+00 8.326848249027237747e-01 8.981042654028436045e-01
8.730158730158730229e-01 7.278911564625850650e-01 1.000000000000000000e+00 8.425196850393700254e-01 9.038461538461538547e-01
5.217391304347825942e-01 0.000000000000000000e+00 0.000000000000000000e+00 0.000000000000000000e+00 3.906976744186046457e-01
5.217391304347825942e-01 0.000000000000000000e+00 0.000000000000000000e+00 0.000000000000000000e+00 3.906976744186046457e-01
5.217391304347825942e-01 0.000000000000000000e+00 0.000000000000000000e+00 0.000000000000000000e+00 3.906976744186046457e-01
8.566978193146417286e-01 6.993464052287581278e-01 1.000000000000000000e+00 8.230769230769230393e-01 8.925233644859812410e-01
5.217391304347825942e-01 0.000000000000000000e+00 0.000000000000000000e+00 0.000000000000000000e+00 3.906976744186046457e-01
5.253164556962025555e-01 0.000000000000000000e+00 0.000000000000000000e+00 0.000000000000000000e+00 3.971291866028708317e-01
5.217391304347825942e-01 0.000000000000000000e+00 0.000000000000000000e+00 0.000000000000000000e+00 3.906976744186046457e-01
5.217391304347825942e-01 0.000000000000000000e+00 0.000000000000000000e+00 0.000000000000000000e+00 3.906976744186046457e-01
5.217391304347825942e-01 0.000000000000000000e+00 0.000000000000000000e+00 0.000000000000000000e+00 3.906976744186046457e-01
8.757961783439490722e-01 7.328767123287671659e-01 1.000000000000000000e+00 8.458498023715415037e-01 9.057971014492753881e-01
5.303514376996805169e-01 2.380952380952380820e-02 9.345794392523363789e-03 1.342281879194630670e-02 4.051583340894654994e-01
5.297805642633228729e-01 2.222222222222222307e-02 9.345794392523363789e-03 1.315789473684210627e-02 4.008993122906013284e-01
8.540372670807453437e-01 6.948051948051947591e-01 1.000000000000000000e+00 8.199233716475095024e-01 8.906976744186045902e-01
8.540372670807453437e-01 6.948051948051947591e-01 1.000000000000000000e+00 8.199233716475095024e-01 8.906976744186045902e-01
6.996805111821086109e-01 5.684210526315789380e-01 5.046728971962616273e-01 5.346534653465346842e-01 6.528218854913346858e-01
