5.465838509316770510e-01 0.000000000000000000e+00 0.000000000000000000e+00 0.000000000000000000e+00 4.093023255813953432e-01
5.465838509316770510e-01 0.000000000000000000e+00 0.000000000000000000e+00 0.000000000000000000e+00 4.093023255813953432e-01
5.770491803278688936e-01 4.166666666666666435e-02 9.345794392523363789e-03 1.526717557251908164e-02 4.465920891154535610e-01
7.935483870967742215e-01 7.216494845360824639e-01 6.542056074766354756e-01 6.862745098039215730e-01 7.606003406841305159e-01
9.248366013071895875e-01 8.230769230769230393e-01 1.000000000000000000e+00 9.029535864978902593e-01 9.422110552763819369e-01
5.799999999999999600e-01 4.761904761904761640e-02 9.345794392523363789e-03 1.562499999999999827e-02 4.528594256936709361e-01
9.248366013071895875e-01 8.230769230769230393e-01 1.000000000000000000e+00 9.029535864978902593e-01 9.422110552763819369e-01
5.756578947368421462e-01 4.166666666666666435e-02 9.345794392523363789e-03 1.526717557251908164e-02 4.462972626784951213e-01
5.465838509316770510e-01 0.000000000000000000e+00 0.000000000000000000e+00 0.000000000000000000e+00 4.093023255813953432e-01
6.006600660066007125e-01 2.812500000000000000e-01 8.411214953271027583e-02 1.294964028776978415e-01 4.833826053786000054e-01
5.465838509316770510e-01 0.000000000000000000e+00 0.000000000000000000e+00 0.000000000000000000e+00 4.093023255813953432e-01
9.129032258064516681e-01 7.985074626865671377e-01 1.000000000000000000e+00 8.879668049792530660e-01 9.334975369458128336e-01
5.465838509316770510e-01 0.000000000000000000e+00 0.000000000000000000e+00 0.000000000000000000e+00 4.093023255813953432e-01
5.465838509316770510e-01 0.000000000000000000e+00 0.000000000000000000e+00 0.000000000000000000e+00 4.093023255813953432e-01
9.099678456591639986e-01 7.925925925925926263e-01 1.000000000000000000e+00 8.842975206611569661e-01 9.313725490196078649e-01
5.700325732899023112e-01 3.703703703703703498e-02 9.345794392523363789e-03 1.492537313432835792e-02 4.396728971962616250e-01
9.099678456591639986e-01 7.925925925925926263e-01 1.000000000000000000e+00 8.842975206611569661e-01 9.313725490196078649e-01
6.734006734006734440e-01 6.136363636363636465e-01 2.523364485981308136e-01 3.576158940397350383e-01 5.814313821938021931e-01
5.608974358974359031e-01 3.125000000000000000e-02 9.345794392523363789e-03 1.438848920863309254e-02 4.290631410987006400e-01
5.520504731861198833e-01 0.000000000000000000e+00 0.000000000000000000e+00 0.000000000000000000e+00 4.166666666666666852e-01
8.955696202531645556e-01 7.642857142857142350e-01 1.000000000000000000e+00 8.663967611336031993e-01 9.210526315789473450e-01
9.099678456591639986e-01 7.925925925925926263e-01 1.000000000000000000e+00 8.842975206611569661e-01 9.313725490196078649e-01
5.465838509316770510e-01 0.000000000000000000e+00 0.000000000000000000e+00 0.000000000000000000e+00 4.093023255813953432e-01
5.695792880258899737e-01 3.571428571428571230e-02 9.345794392523363789e-03 1.481481481481481191e-02 4.378412140279447917e-01
5.465838509316770510e-01 0.000000000000000000e+00 0.000000000000000000e+00 0.000000000000000000e+00 4.093023255813953432e-01
9.099678456591639986e-01 7.925925925925926263e-01 1.000000000000000000e+00 8.842975206611569661e-01 9.313725490196078649e-01
5.465838509316770510e-01 0.000000000000000000e+00 0.000000000000000000e+00 0.000000000000000000e+00 4.093023255813953432e-01
5.623003194888178680e-01 0.000000000000000000e+00 0.000000000000000000e+00 0.000000000000000000e+00 4.271844660194175081e-01
5.465838509316770510e-01 0.000000000000000000e+00 0.000000000000000000e+00 0.000000000000000000e+00 4.093023255813953432e-01
5.465838509316770510e-01 0.000000000000000000e+00 0.000000000000000000e+00 0.000000000000000000e+00 4.093023255813953432e-01
5.465838509316770510e-01 0.000000000000000000e+00 0.000000000000000000e+00 0.000000000000000000e+00 4.093023255813953432e-01
9.099678456591639986e-01 7.925925925925926263e-01 1.000000000000000000e+00 8.842975206611569661e-01 9.313725490196078649e-01
5.465838509316770510e-01 0.000000000000000000e+00 0.000000000000000000e+00 0.000000000000000000e+00 4.093023255813953432e-01
6.020408163265306145e-01 1.428571428571428492e-01 1.869158878504672758e-02 3.305785123966941547e-02 4.772602328951971451e-01
8.788819875776398005e-01 7.328767123287671659e-01 1.000000000000000000e+00 8.458498023715415037e-01 9.093023255813953432e-01
8.871473354231974584e-01 7.482517482517482277e-01 1.000000000000000000e+00 8.559999999999999831e-01 9.150943396226415283e-01
6.973684210526315264e-01 6.229508196721311730e-01 3.551401869158878344e-01 4.523809523809523281e-01 6.191944589401774390e-01
