5.465838509316770510e-01 0.000000000000000000e+00 0.000000000000000000e+00 0.000000000000000000e+00 4.093023255813953432e-01
9.041533546325878357e-01 7.810218978102190235e-01 1.000000000000000000e+00 8.770491803278688270e-01 9.271844660194175081e-01
5.878378378378378288e-01 5.882352941176470507e-02 9.345794392523363789e-03 1.612903225806451221e-02 4.623448548682193016e-01
5.605095541401273751e-01 0.000000000000000000e+00 0.000000000000000000e+00 0.000000000000000000e+00 4.251207729468599039e-01
5.695792880258899737e-01 3.571428571428571230e-02 9.345794392523363789e-03 1.481481481481481191e-02 4.378412140279447917e-01
5.910652920962199408e-01 7.142857142857142461e-02 9.345794392523363789e-03 1.652892561983470773e-02 4.693468102397399533e-01
5.465838509316770510e-01 0.000000000000000000e+00 0.000000000000000000e+00 0.000000000000000000e+00 4.093023255813953432e-01
5.465838509316770510e-01 0.000000000000000000e+00 0.000000000000000000e+00 0.000000000000000000e+00 4.093023255813953432e-01
9.099678456591639986e-01 7.925925925925926263e-01 1.000000000000000000e+00 8.842975206611569661e-01 9.313725490196078649e-01
7.051282051282051766e-01 5.999999999999999778e-01 4.205607476635513930e-01 4.945054945054944140e-01 6.371096421244586416e-01
5.836065573770491399e-01 8.333333333333332871e-02 1.869158878504672758e-02 3.053435114503816328e-02 4.537902388369677853e-01
6.041666666666666297e-01 1.111111111111111049e-01 9.345794392523363789e-03 1.724137931034482735e-02 4.825734496824494735e-01
8.483870967741935498e-01 7.631578947368421462e-01 8.130841121495326895e-01 7.873303167420815374e-01 8.400395930205791784e-01
5.465838509316770510e-01 0.000000000000000000e+00 0.000000000000000000e+00 0.000000000000000000e+00 4.093023255813953432e-01
8.984126984126984405e-01 7.697841726618704916e-01 1.000000000000000000e+00 8.699186991869918284e-01 9.230769230769231282e-01
5.465838509316770510e-01 0.000000000000000000e+00 0.000000000000000000e+00 0.000000000000000000e+00 4.093023255813953432e-01
5.465838509316770510e-01 0.000000000000000000e+00 0.000000000000000000e+00 0.000000000000000000e+00 4.093023255813953432e-01
5.623003194888178680e-01 3.125000000000000000e-02 9.345794392523363789e-03 1.438848920863309254e-02 4.294301787496597189e-01
5.465838509316770510e-01 0.000000000000000000e+00 0.000000000000000000e+00 0.000000000000000000e+00 4.093023255813953432e-01
9.248366013071895875e-01 8.230769230769230393e-01 1.000000000000000000e+00 9.029535864978902593e-01 9.422110552763819369e-01
8.571428571428570953e-01 7.787610619469026441e-01 8.224299065420560551e-01 7.999999999999999334e-01 8.490258985446599294e-01
5.465838509316770510e-01 0.000000000000000000e+00 0.000000000000000000e+00 0.000000000000000000e+00 4.093023255813953432e-01
5.465838509316770510e-01 0.000000000000000000e+00 0.000000000000000000e+00 0.000000000000000000e+00 4.093023255813953432e-01
8.516129032258064058e-01 7.652173913043478493e-01 8.224299065420560551e-01 7.927927927927926888e-01 8.447124902168409166e-01
5.465838509316770510e-01 0.000000000000000000e+00 0.000000000000000000e+00 0.000000000000000000e+00 4.093023255813953432e-01
8.984126984126984405e-01 7.697841726618704916e-01 1.000000000000000000e+00 8.699186991869918284e-01 9.230769230769231282e-01
5.465838509316770510e-01 0.000000000000000000e+00 0.000000000000000000e+00 0.000000000000000000e+00 4.093023255813953432e-01
5.465838509316770510e-01 0.000000000000000000e+00 0.000000000000000000e+00 0.000000000000000000e+00 4.093023255813953432e-01
5.517241379310344751e-01 0.000000000000000000e+00 0.000000000000000000e+00 0.000000000000000000e+00 4.150943396226415283e-01
8.955696202531645556e-01 7.642857142857142350e-01 1.000000000000000000e+00 8.663967611336031993e-01 9.210526315789473450e-01
5.520504731861198833e-01 0.000000000000000000e+00 0.000000000000000000e+00 0.000000000000000000e+00 4.166666666666666852e-01
5.465838509316770510e-01 0.000000000000000000e+00 0.000000000000000000e+00 0.000000000000000000e+00 4.093023255813953432e-01
9.278688524590164022e-01 8.294573643410853014e-01 1.000000000000000000e+00 9.067796610169490679e-01 9.444444444444444198e-01
9.158576051779935279e-01 8.045112781954887327e-01 1.000000000000000000e+00 8.916666666666667185e-01 9.356435643564355864e-01
5.465838509316770510e-01 0.000000000000000000e+00 0.000000000000000000e+00 0.000000000000000000e+00 4.093023255813953432e-01
5.465838509316770510e-01 0.000000000000000000e+00 0.000000000000000000e+00 0.000000000000000000e+00 4.093023255813953432e-01
8.493589743589743390e-01 7.459016393442623460e-01 8.504672897196261516e-01 7.947598253275109936e-01 8.496238887622520330e-01
