8.984126984126984405e-01 7.697841726618704916e-01 1.000000000000000000e+00 8.699186991869918284e-01 9.230769230769231282e-01
5.979381443298968923e-01 1.428571428571428492e-01 1.869158878504672758e-02 3.305785123966941547e-02 4.767370987403494742e-01
7.450980392156862919e-01 6.790123456790123635e-01 5.140186915887849928e-01 5.851063829787234161e-01 6.916827126285632898e-01
5.465838509316770510e-01 0.000000000000000000e+00 0.000000000000000000e+00 0.000000000000000000e+00 4.093023255813953432e-01
5.465838509316770510e-01 0.000000000000000000e+00 0.000000000000000000e+00 0.000000000000000000e+00 4.093023255813953432e-01
6.317460317460317221e-01 4.181818181818181546e-01 2.149532710280373793e-01 2.839506172839506570e-01 5.305535585909416652e-01
5.465838509316770510e-01 0.000000000000000000e+00 0.000000000000000000e+00 0.000000000000000000e+00 4.093023255813953432e-01
5.573248407643311975e-01 0.000000000000000000e+00 0.000000000000000000e+00 0.000000000000000000e+00 4.227053140096618256e-01
5.952380952380952328e-01 1.250000000000000000e-01 1.869158878504672758e-02 3.252032520325202902e-02 4.719126393123094787e-01
9.129032258064516681e-01 7.985074626865671377e-01 1.000000000000000000e+00 8.879668049792530660e-01 9.334975369458128336e-01
5.465838509316770510e-01 0.000000000000000000e+00 0.000000000000000000e+00 0.000000000000000000e+00 4.093023255813953432e-01
6.300000000000000044e-01 4.444444444444444198e-01 1.495327102803738206e-01 2.237762237762237760e-01 5.229528836375962886e-01
6.026058631921824560e-01 2.727272727272727071e-01 8.411214953271027583e-02 1.285714285714285587e-01 4.820560747663550916e-01
9.041533546325878357e-01 7.810218978102190235e-01 1.000000000000000000e+00 8.770491803278688270e-01 9.271844660194175081e-01
5.465838509316770510e-01 0.000000000000000000e+00 0.000000000000000000e+00 0.000000000000000000e+00 4.093023255813953432e-01
9.099678456591639986e-01 7.925925925925926263e-01 1.000000000000000000e+00 8.842975206611569661e-01 9.313725490196078649e-01
8.955696202531645556e-01 7.642857142857142350e-01 1.000000000000000000e+00 8.663967611336031993e-01 9.210526315789473450e-01
8.955696202531645556e-01 7.642857142857142350e-01 1.000000000000000000e+00 8.663967611336031993e-01 9.210526315789473450e-01
8.163934426229507713e-01 7.684210526315788936e-01 6.822429906542055722e-01 7.227722772277226371e-01 7.855659397715472059e-01
5.852842809364549037e-01 5.263157894736841813e-02 9.345794392523363789e-03 1.587301587301587213e-02 4.577978971962616273e-01
5.986842105263158187e-01 2.727272727272727071e-01 8.411214953271027583e-02 1.285714285714285587e-01 4.811423691825987281e-01
5.681818181818182323e-01 3.571428571428571230e-02 9.345794392523363789e-03 1.481481481481481191e-02 4.375087180917840435e-01
5.465838509316770510e-01 0.000000000000000000e+00 0.000000000000000000e+00 0.000000000000000000e+00 4.093023255813953432e-01
9.099678456591639986e-01 7.925925925925926263e-01 1.000000000000000000e+00 8.842975206611569661e-01 9.313725490196078649e-01
9.041533546325878357e-01 7.810218978102190235e-01 1.000000000000000000e+00 8.770491803278688270e-01 9.271844660194175081e-01
5.465838509316770510e-01 0.000000000000000000e+00 0.000000000000000000e+00 0.000000000000000000e+00 4.093023255813953432e-01
5.987055016181229705e-01 2.702702702702702853e-01 9.345794392523364136e-02 1.388888888888888951e-01 4.798972887942999921e-01
5.465838509316770510e-01 0.000000000000000000e+00 0.000000000000000000e+00 0.000000000000000000e+00 4.093023255813953432e-01
5.608974358974359031e-01 3.125000000000000000e-02 9.345794392523363789e-03 1.438848920863309254e-02 4.290631410987006400e-01
5.465838509316770510e-01 0.000000000000000000e+00 0.000000000000000000e+00 0.000000000000000000e+00 4.093023255813953432e-01
5.465838509316770510e-01 0.000000000000000000e+00 0.000000000000000000e+00 0.000000000000000000e+00 4.093023255813953432e-01
5.929487179487179516e-01 2.619047619047619180e-01 1.028037383177570069e-01 1.476510067114093772e-01 4.757921130613174676e-01
9.129032258064516681e-01 7.985074626865671377e-01 1.000000000000000000e+00 8.879668049792530660e-01 9.334975369458128336e-01
5.465838509316770510e-01 0.000000000000000000e+00 0.000000000000000000e+00 0.000000000000000000e+00 4.093023255813953432e-01
5.488958990536277893e-01 0.000000000000000000e+00 0.000000000000000000e+00 0.000000000000000000e+00 4.142857142857142572e-01
9.012738853503184933e-01 7.753623188405797118e-01 1.000000000000000000e+00 8.734693877551020780e-01 9.251207729468599039e-01
8.955696202531645556e-01 7.642857142857142350e-01 1.000000000000000000e+00 8.663967611336031993e-01 9.210526315789473450e-01
