6.258741258741258306e-01 5.000000000000000000e-01 7.476635514018691031e-02 1.300813008130081161e-01 5.150368088550096868e-01
9.742765273311897456e-01 9.304347826086956097e-01 1.000000000000000000e+00 9.639639639639638879e-01 9.803921568627451677e-01
5.876288659793814650e-01 0.000000000000000000e+00 0.000000000000000000e+00 0.000000000000000000e+00 4.646739130434782705e-01
6.444444444444444864e-01 3.913043478260869734e-01 8.411214953271027583e-02 1.384615384615384415e-01 5.084022286125089440e-01
6.354515050167224288e-01 4.583333333333333148e-01 1.028037383177570069e-01 1.679389312977099258e-01 5.175477024922118252e-01
9.651898734177215555e-01 9.067796610169491789e-01 1.000000000000000000e+00 9.511111111111111294e-01 9.736842105263158187e-01
6.462585034013605956e-01 5.999999999999999778e-01 8.411214953271027583e-02 1.475409836065573743e-01 5.260132940176920346e-01
6.286644951140064608e-01 0.000000000000000000e+00 0.000000000000000000e+00 0.000000000000000000e+00 4.824999999999999845e-01
9.534161490683229490e-01 8.770491803278688270e-01 1.000000000000000000e+00 9.344978165938864212e-01 9.651162790697673799e-01
9.623824451410658565e-01 8.991596638655462437e-01 1.000000000000000000e+00 9.469026548672566657e-01 9.716981132075471761e-01
9.531250000000000000e-01 8.770491803278688270e-01 1.000000000000000000e+00 9.344978165938864212e-01 9.647887323943661331e-01
9.534161490683229490e-01 8.770491803278688270e-01 1.000000000000000000e+00 9.344978165938864212e-01 9.651162790697673799e-01
6.599326599326599263e-01 6.666666666666666297e-01 1.121495327102803724e-01 1.920000000000000040e-01 5.402852926709296177e-01
5.158730158730159276e-01 0.000000000000000000e+00 0.000000000000000000e+00 0.000000000000000000e+00 4.482758620689655249e-01
9.534161490683229490e-01 8.770491803278688270e-01 1.000000000000000000e+00 9.344978165938864212e-01 9.651162790697673799e-01
9.561128526645767955e-01 8.842975206611570771e-01 1.000000000000000000e+00 9.385964912280702066e-01 9.669811320754717610e-01
5.878378378378378288e-01 0.000000000000000000e+00 0.000000000000000000e+00 0.000000000000000000e+00 4.603174603174603474e-01
6.324503311258278249e-01 0.000000000000000000e+00 0.000000000000000000e+00 0.000000000000000000e+00 4.897435897435897245e-01
6.053511705685619138e-01 0.000000000000000000e+00 0.000000000000000000e+00 0.000000000000000000e+00 4.713541666666666852e-01
6.136363636363636465e-01 0.000000000000000000e+00 0.000000000000000000e+00 0.000000000000000000e+00 4.701492537313433084e-01
8.750000000000000000e-01 8.876404494382021948e-01 7.383177570093457653e-01 8.061224489795918435e-01 8.437781678447744405e-01
5.615942028985507761e-01 0.000000000000000000e+00 0.000000000000000000e+00 0.000000000000000000e+00 4.585798816568047442e-01
5.960264900662252119e-01 0.000000000000000000e+00 0.000000000000000000e+00 0.000000000000000000e+00 4.615384615384615641e-01
9.534161490683229490e-01 8.770491803278688270e-01 1.000000000000000000e+00 9.344978165938864212e-01 9.651162790697673799e-01
5.158730158730159276e-01 0.000000000000000000e+00 0.000000000000000000e+00 0.000000000000000000e+00 4.482758620689655249e-01
9.534161490683229490e-01 8.770491803278688270e-01 1.000000000000000000e+00 9.344978165938864212e-01 9.651162790697673799e-01
4.761904761904761640e-01 0.000000000000000000e+00 0.000000000000000000e+00 0.000000000000000000e+00 4.435483870967741882e-01
6.357827476038339087e-01 3.478260869565217295e-01 7.476635514018691031e-02 1.230769230769230560e-01 5.009754105798022161e-01
6.171617161716171918e-01 2.631578947368420907e-01 4.672897196261682068e-02 7.936507936507936067e-02 4.876502002670226599e-01
8.338658146964855744e-01 8.873239436619718701e-01 5.887850467289719170e-01 7.078651685393257953e-01 7.749750476363306273e-01
4.840182648401826215e-01 0.000000000000000000e+00 0.000000000000000000e+00 0.000000000000000000e+00 4.732142857142856984e-01
6.335616438356164171e-01 5.000000000000000000e-01 3.738317757009345516e-02 6.956521739130434867e-02 5.078807779742359196e-01
9.534161490683229490e-01 8.770491803278688270e-01 1.000000000000000000e+00 9.344978165938864212e-01 9.651162790697673799e-01
9.681528662420382236e-01 9.292035398230088505e-01 9.813084112149532690e-01 9.545454545454544748e-01 9.713305341098921186e-01
6.085526315789473450e-01 1.250000000000000000e-01 1.869158878504672758e-02 3.252032520325202902e-02 4.738127994686655020e-01
6.396103896103896291e-01 4.090909090909091161e-01 8.411214953271027583e-02 1.395348837209302306e-01 5.097177663086436272e-01
6.187500000000000222e-01 0.000000000000000000e+00 0.000000000000000000e+00 0.000000000000000000e+00 4.647887323943661886e-01
