6.130136986301369939e-01 0.000000000000000000e+00 0.000000000000000000e+00 0.000000000000000000e+00 4.837837837837837829e-01
6.466666666666666119e-01 5.333333333333333259e-01 7.476635514018691031e-02 1.311475409836065364e-01 5.192484625441866619e-01
9.806451612903225312e-01 9.469026548672566657e-01 1.000000000000000000e+00 9.727272727272727737e-01 9.852216748768473087e-01
9.534161490683229490e-01 8.770491803278688270e-01 1.000000000000000000e+00 9.344978165938864212e-01 9.651162790697673799e-01
6.086956521739130821e-01 0.000000000000000000e+00 0.000000000000000000e+00 0.000000000000000000e+00 4.739583333333333148e-01
6.380952380952380487e-01 3.478260869565217295e-01 7.476635514018691031e-02 1.230769230769230560e-01 5.013254852624011715e-01
6.089743589743589203e-01 0.000000000000000000e+00 0.000000000000000000e+00 0.000000000000000000e+00 4.634146341463414864e-01
9.803278688524590390e-01 9.469026548672566657e-01 1.000000000000000000e+00 9.727272727272727737e-01 9.848484848484848619e-01
6.056338028169013787e-01 3.809523809523809312e-01 7.476635514018691031e-02 1.249999999999999861e-01 5.006600137282855023e-01
9.534161490683229490e-01 8.770491803278688270e-01 1.000000000000000000e+00 9.344978165938864212e-01 9.651162790697673799e-01
6.064516129032258007e-01 0.000000000000000000e+00 0.000000000000000000e+00 0.000000000000000000e+00 4.630541871921182162e-01
6.677215189873417778e-01 5.384615384615384359e-01 1.308411214953270896e-01 2.105263157894736448e-01 5.367124267763717649e-01
5.979020979020979176e-01 0.000000000000000000e+00 0.000000000000000000e+00 0.000000000000000000e+00 4.776536312849162247e-01
8.205128205128204844e-01 8.923076923076923572e-01 5.420560747663550893e-01 6.744186046511627675e-01 7.539548666514701569e-01
9.534161490683229490e-01 8.770491803278688270e-01 1.000000000000000000e+00 9.344978165938864212e-01 9.651162790697673799e-01
6.153846153846154188e-01 0.000000000000000000e+00 0.000000000000000000e+00 0.000000000000000000e+00 4.682926829268292401e-01
9.534161490683229490e-01 8.770491803278688270e-01 1.000000000000000000e+00 9.344978165938864212e-01 9.651162790697673799e-01
9.534161490683229490e-01 8.770491803278688270e-01 1.000000000000000000e+00 9.344978165938864212e-01 9.651162790697673799e-01
6.402640264026402406e-01 4.285714285714285476e-01 5.607476635514018620e-02 9.917355371900825334e-02 5.076292199122639515e-01
6.199999999999999956e-01 0.000000000000000000e+00 0.000000000000000000e+00 0.000000000000000000e+00 4.818652849740932553e-01
6.444444444444444864e-01 3.809523809523809312e-01 7.476635514018691031e-02 1.249999999999999861e-01 5.061331775700934621e-01
6.730158730158730673e-01 5.625000000000000000e-01 1.682242990654205517e-01 2.589928057553956831e-01 5.504583033788641444e-01
5.766423357664233196e-01 0.000000000000000000e+00 0.000000000000000000e+00 0.000000000000000000e+00 4.730538922155688719e-01
6.558441558441558961e-01 5.294117647058823595e-01 8.411214953271027583e-02 1.451612903225806273e-01 5.221555772539172580e-01
8.205128205128204844e-01 8.923076923076923572e-01 5.420560747663550893e-01 6.744186046511627675e-01 7.539548666514701569e-01
9.534161490683229490e-01 8.770491803278688270e-01 1.000000000000000000e+00 9.344978165938864212e-01 9.651162790697673799e-01
5.892255892255892080e-01 0.000000000000000000e+00 0.000000000000000000e+00 0.000000000000000000e+00 4.605263157894736725e-01
9.592476489028213260e-01 8.916666666666667185e-01 1.000000000000000000e+00 9.427312775330397576e-01 9.693396226415094130e-01
5.403225806451612545e-01 0.000000000000000000e+00 0.000000000000000000e+00 0.000000000000000000e+00 4.751773049645390268e-01
6.375404530744336329e-01 4.000000000000000222e-01 9.345794392523364136e-02 1.515151515151514916e-01 5.096002590913297770e-01
6.807817589576546924e-01 6.956521739130434590e-01 1.495327102803738206e-01 2.461538461538461120e-01 5.572663551401869642e-01
9.534161490683229490e-01 8.770491803278688270e-01 1.000000000000000000e+00 9.344978165938864212e-01 9.651162790697673799e-01
9.534161490683229490e-01 8.770491803278688270e-01 1.000000000000000000e+00 9.344978165938864212e-01 9.651162790697673799e-01
9.534161490683229490e-01 8.770491803278688270e-01 1.000000000000000000e+00 9.344978165938864212e-01 9.651162790697673799e-01
9.534161490683229490e-01 8.770491803278688270e-01 1.000000000000000000e+00 9.344978165938864212e-01 9.651162790697673799e-01
9.534161490683229490e-01 8.770491803278688270e-01 1.000000000000000000e+00 9.344978165938864212e-01 9.651162790697673799e-01
5.909090909090909394e-01 1.428571428571428492e-01 1.869158878504672758e-02 3.305785123966941547e-02 4.758262413198976470e-01
