9.534161490683229490e-01 8.770491803278688270e-01 1.000000000000000000e+00 9.344978165938864212e-01 9.651162790697673799e-01
6.644951140065146200e-01 6.111111111111111605e-01 1.028037383177570069e-01 1.759999999999999898e-01 5.339018691588783838e-01
9.534161490683229490e-01 8.770491803278688270e-01 1.000000000000000000e+00 9.344978165938864212e-01 9.651162790697673799e-01
5.430711610486891328e-01 0.000000000000000000e+00 0.000000000000000000e+00 0.000000000000000000e+00 4.531250000000000000e-01
6.463022508038585023e-01 4.444444444444444198e-01 1.121495327102803724e-01 1.791044776119402882e-01 5.193100604727872716e-01
6.138613861386138515e-01 0.000000000000000000e+00 0.000000000000000000e+00 0.000000000000000000e+00 4.744897959183673741e-01
4.618834080717488799e-01 0.000000000000000000e+00 0.000000000000000000e+00 0.000000000000000000e+00 4.439655172413793371e-01
5.252100840336134668e-01 3.636363636363636465e-01 7.476635514018691031e-02 1.240310077519379689e-01 4.839480630662766902e-01
6.321070234113712605e-01 4.400000000000000022e-01 1.028037383177570069e-01 1.666666666666666852e-01 5.149435358255450845e-01
9.534161490683229490e-01 8.770491803278688270e-01 1.000000000000000000e+00 9.344978165938864212e-01 9.651162790697673799e-01
6.071428571428570953e-01 0.000000000000000000e+00 0.000000000000000000e+00 0.000000000000000000e+00 4.651741293532338228e-01
9.534161490683229490e-01 8.770491803278688270e-01 1.000000000000000000e+00 9.344978165938864212e-01 9.651162790697673799e-01
9.534161490683229490e-01 8.770491803278688270e-01 1.000000000000000000e+00 9.344978165938864212e-01 9.651162790697673799e-01
9.593749999999999778e-01 8.916666666666667185e-01 1.000000000000000000e+00 9.427312775330397576e-01 9.694835680751173745e-01
6.319218241042344753e-01 0.000000000000000000e+00 0.000000000000000000e+00 0.000000000000000000e+00 4.849999999999999867e-01
9.534161490683229490e-01 8.770491803278688270e-01 1.000000000000000000e+00 9.344978165938864212e-01 9.651162790697673799e-01
9.534161490683229490e-01 8.770491803278688270e-01 1.000000000000000000e+00 9.344978165938864212e-01 9.651162790697673799e-01
9.534161490683229490e-01 8.770491803278688270e-01 1.000000000000000000e+00 9.344978165938864212e-01 9.651162790697673799e-01
9.534161490683229490e-01 8.770491803278688270e-01 1.000000000000000000e+00 9.344978165938864212e-01 9.651162790697673799e-01
5.381679389312976625e-01 0.000000000000000000e+00 0.000000000000000000e+00 0.000000000000000000e+00 4.548387096774193505e-01
7.643312101910828549e-01 7.619047619047618625e-01 4.485981308411214896e-01 5.647058823529411686e-01 6.880671813625897082e-01
6.333333333333333037e-01 4.285714285714285476e-01 8.411214953271027583e-02 1.406250000000000000e-01 5.109679918648006858e-01
6.614420062695924862e-01 4.799999999999999822e-01 1.121495327102803724e-01 1.818181818181818232e-01 5.254143889966496062e-01
9.534161490683229490e-01 8.770491803278688270e-01 1.000000000000000000e+00 9.344978165938864212e-01 9.651162790697673799e-01
9.593749999999999778e-01 8.916666666666667185e-01 1.000000000000000000e+00 9.427312775330397576e-01 9.694835680751173745e-01
6.319218241042344753e-01 0.000000000000000000e+00 0.000000000000000000e+00 0.000000000000000000e+00 4.849999999999999867e-01
5.387596899224805780e-01 0.000000000000000000e+00 0.000000000000000000e+00 0.000000000000000000e+00 4.602649006622516747e-01
9.534161490683229490e-01 8.770491803278688270e-01 1.000000000000000000e+00 9.344978165938864212e-01 9.651162790697673799e-01
6.603174603174603030e-01 5.000000000000000000e-01 1.214953271028037379e-01 1.954887218045112673e-01 5.294976635514018204e-01
7.643312101910828549e-01 8.235294117647058432e-01 3.925233644859812965e-01 5.316455696202531112e-01 6.745225518082080818e-01
6.329966329966330019e-01 2.500000000000000000e-01 9.345794392523363789e-03 1.801801801801801786e-02 4.967781603541563396e-01
6.078431372549019107e-01 0.000000000000000000e+00 0.000000000000000000e+00 0.000000000000000000e+00 4.673366834170854522e-01
9.534161490683229490e-01 8.770491803278688270e-01 1.000000000000000000e+00 9.344978165938864212e-01 9.651162790697673799e-01
5.698924731182796188e-01 0.000000000000000000e+00 0.000000000000000000e+00 0.000000000000000000e+00 4.622093023255813837e-01
9.534161490683229490e-01 8.770491803278688270e-01 1.000000000000000000e+00 9.344978165938864212e-01 9.651162790697673799e-01
9.534161490683229490e-01 8.770491803278688270e-01 1.000000000000000000e+00 9.344978165938864212e-01 9.651162790697673799e-01
6.940063091482649993e-01 6.666666666666666297e-01 1.869158878504672827e-01 2.919708029197080057e-01 5.696484201157098193e-01
