5.794701986754966505e-01 2.222222222222222099e-01 7.476635514018691031e-02 1.118881118881118880e-01 4.655883057752217002e-01
8.793650793650793496e-01 7.379310344827586521e-01 1.000000000000000000e+00 8.492063492063492980e-01 9.086538461538461453e-01
5.592105263157894912e-01 3.448275862068965469e-02 9.345794392523363789e-03 1.470588235294117453e-02 4.336069073485459002e-01
7.731629392971246517e-01 6.666666666666666297e-01 6.728971962616822067e-01 6.697674418604651070e-01 7.490699573541421685e-01
5.555555555555555802e-01 3.225806451612903136e-02 9.345794392523363789e-03 1.449275362318840250e-02 4.292960127741510812e-01
5.757575757575758013e-01 1.199999999999999956e-01 2.803738317757009310e-02 4.545454545454545581e-02 4.561239547466797162e-01
5.577557755775577331e-01 3.448275862068965469e-02 9.345794392523363789e-03 1.470588235294117453e-02 4.332443257676902304e-01
5.862068965517240882e-01 6.666666666666666574e-02 9.345794392523363789e-03 1.639344262295081706e-02 4.664215310760430611e-01
8.793650793650793496e-01 7.379310344827586521e-01 1.000000000000000000e+00 8.492063492063492980e-01 9.086538461538461453e-01
5.555555555555555802e-01 3.225806451612903136e-02 9.345794392523363789e-03 1.449275362318840250e-02 4.292960127741510812e-01
5.979020979020979176e-01 2.142857142857142738e-01 2.803738317757009310e-02 4.958677685950412667e-02 4.832924346055447740e-01
5.681063122923587505e-01 7.407407407407406996e-02 1.869158878504672758e-02 2.985074626865671585e-02 4.449128047018017229e-01
5.504885993485342244e-01 3.030303030303030387e-02 9.345794392523363789e-03 1.428571428571428353e-02 4.246728971962616117e-01
6.250000000000000000e-01 4.255319148936170248e-01 1.869158878504672827e-01 2.597402597402597713e-01 5.249300251435077280e-01
8.821656050955414274e-01 7.430555555555555802e-01 1.000000000000000000e+00 8.525896414342629681e-01 9.106280193236714338e-01
5.639344262295081789e-01 9.375000000000000000e-02 2.803738317757009310e-02 4.316546762589927588e-02 4.407863683564617885e-01
5.600000000000000533e-01 3.703703703703703498e-02 9.345794392523363789e-03 1.492537313432835792e-02 4.373153842428937343e-01
5.551948051948052409e-01 5.882352941176470507e-02 1.869158878504672758e-02 2.836879432624113059e-02 4.297438043427721510e-01
6.153846153846154188e-01 3.888888888888888951e-01 1.308411214953270896e-01 1.958041958041958075e-01 5.081288940809968180e-01
8.878205128205127750e-01 7.535211267605633756e-01 1.000000000000000000e+00 8.594377510040159818e-01 9.146341463414633388e-01
8.906752411575562522e-01 7.588652482269503396e-01 1.000000000000000000e+00 8.629032258064516236e-01 9.166666666666667407e-01
5.551948051948052409e-01 3.125000000000000000e-02 9.345794392523363789e-03 1.438848920863309254e-02 4.275584693355651833e-01
5.709459459459459429e-01 4.545454545454545581e-02 9.345794392523363789e-03 1.550387596899224611e-02 4.491173416407060470e-01
9.149659863945578397e-01 8.534482758620689502e-01 9.252336448598130758e-01 8.878923766816143592e-01 9.171622769753610127e-01
6.250000000000000000e-01 4.255319148936170248e-01 1.869158878504672827e-01 2.597402597402597713e-01 5.249300251435077280e-01
8.821656050955414274e-01 7.430555555555555802e-01 1.000000000000000000e+00 8.525896414342629681e-01 9.106280193236714338e-01
5.610561056105610733e-01 3.571428571428571230e-02 9.345794392523363789e-03 1.481481481481481191e-02 4.357953461758534708e-01
5.671140939597315578e-01 4.166666666666666435e-02 9.345794392523363789e-03 1.526717557251908164e-02 4.444634731124920135e-01
5.522875816993464415e-01 3.125000000000000000e-02 9.345794392523363789e-03 1.438848920863309254e-02 4.267834499600807185e-01
8.765822784810126667e-01 7.328767123287671659e-01 1.000000000000000000e+00 8.458498023715415037e-01 9.066985645933014482e-01
5.537459283387622389e-01 3.125000000000000000e-02 9.345794392523363789e-03 1.438848920863309254e-02 4.271728971962616139e-01
5.704697986577180746e-01 4.347826086956521618e-02 9.345794392523363789e-03 1.538461538461538200e-02 4.470812741596124629e-01
8.821656050955414274e-01 7.430555555555555802e-01 1.000000000000000000e+00 8.525896414342629681e-01 9.106280193236714338e-01
6.063829787234042978e-01 1.666666666666666574e-01 9.345794392523363789e-03 1.769911504424778390e-02 4.903871829105473368e-01
5.896551724137930606e-01 7.142857142857142461e-02 9.345794392523363789e-03 1.652892561983470773e-02 4.691537715132015340e-01
5.620915032679738577e-01 6.451612903225806273e-02 1.869158878504672758e-02 2.898550724637680501e-02 4.364814727844831821e-01
5.719178082191780366e-01 5.000000000000000278e-02 9.345794392523363789e-03 1.574803149606298844e-02 4.533215458449102453e-01
