8.878205128205127750e-01 7.535211267605633756e-01 1.000000000000000000e+00 8.594377510040159818e-01 9.146341463414633388e-01
6.140350877192982670e-01 4.210526315789473450e-01 7.476635514018691031e-02 1.269841269841269771e-01 5.064843011655990601e-01
5.652173913043477826e-01 4.000000000000000083e-02 9.345794392523363789e-03 1.515151515151515020e-02 4.421728971962616273e-01
5.639344262295081789e-01 6.666666666666666574e-02 1.869158878504672758e-02 2.919708029197079849e-02 4.386387236854526472e-01
5.537459283387622389e-01 3.125000000000000000e-02 9.345794392523363789e-03 1.438848920863309254e-02 4.271728971962616139e-01
7.197452229299362569e-01 5.999999999999999778e-01 5.327102803738317238e-01 5.643564356435643026e-01 6.745677005733892173e-01
5.671140939597315578e-01 4.166666666666666435e-02 9.345794392523363789e-03 1.526717557251908164e-02 4.444634731124920135e-01
5.728813559322033511e-01 4.761904761904761640e-02 9.345794392523363789e-03 1.562499999999999827e-02 4.514814078345594783e-01
6.020408163265306145e-01 3.076923076923077094e-01 7.476635514018691031e-02 1.203007518796992414e-01 4.892548353241041870e-01
9.264214046822742965e-01 8.294573643410853014e-01 1.000000000000000000e+00 9.067796610169490679e-01 9.427083333333332593e-01
5.279503105590062084e-01 0.000000000000000000e+00 0.000000000000000000e+00 0.000000000000000000e+00 3.953488372093023062e-01
5.606557377049180557e-01 6.451612903225806273e-02 1.869158878504672758e-02 2.898550724637680501e-02 4.361134711602001612e-01
6.449511400651465332e-01 4.827586206896551935e-01 2.616822429906541791e-01 3.393939393939393590e-01 5.558411214953271617e-01
8.178807947019867131e-01 7.549019607843137081e-01 7.196261682242990343e-01 7.368421052631579649e-01 7.957105200095854203e-01
5.537459283387622389e-01 3.125000000000000000e-02 9.345794392523363789e-03 1.438848920863309254e-02 4.271728971962616139e-01
9.172185430463576372e-01 8.106060606060605522e-01 1.000000000000000000e+00 8.953974895397489586e-01 9.358974358974359031e-01
8.793650793650793496e-01 7.379310344827586521e-01 1.000000000000000000e+00 8.492063492063492980e-01 9.086538461538461453e-01
8.765822784810126667e-01 7.328767123287671659e-01 1.000000000000000000e+00 8.458498023715415037e-01 9.066985645933014482e-01
7.344262295081966929e-01 6.585365853658536883e-01 5.046728971962616273e-01 5.714285714285713969e-01 6.816293778910600398e-01
5.537459283387622389e-01 3.125000000000000000e-02 9.345794392523363789e-03 1.438848920863309254e-02 4.271728971962616139e-01
5.974025974025973795e-01 3.191489361702127825e-01 1.401869158878504551e-01 1.948051948051947868e-01 4.904914678941739714e-01
5.498392282958198818e-01 2.857142857142857054e-02 9.345794392523363789e-03 1.408450704225351971e-02 4.213395638629283124e-01
5.652173913043477826e-01 4.000000000000000083e-02 9.345794392523363789e-03 1.515151515151515020e-02 4.421728971962616273e-01
8.964401294498381967e-01 7.697841726618704916e-01 1.000000000000000000e+00 8.699186991869918284e-01 9.207920792079207217e-01
8.178807947019867131e-01 7.549019607843137081e-01 7.196261682242990343e-01 7.368421052631579649e-01 7.957105200095854203e-01
5.537459283387622389e-01 3.125000000000000000e-02 9.345794392523363789e-03 1.438848920863309254e-02 4.271728971962616139e-01
9.141914191419141522e-01 8.045112781954887327e-01 1.000000000000000000e+00 8.916666666666667185e-01 9.336734693877550839e-01
5.588235294117647189e-01 6.250000000000000000e-02 1.869158878504672758e-02 2.877697841726618508e-02 4.339689099704128195e-01
5.570032573289902533e-01 6.060606060606060774e-02 1.869158878504672758e-02 2.857142857142856707e-02 4.318457943925233522e-01
5.279503105590062084e-01 0.000000000000000000e+00 0.000000000000000000e+00 0.000000000000000000e+00 3.953488372093023062e-01
5.416666666666666297e-01 2.631578947368420907e-02 9.345794392523363789e-03 1.379310344827586188e-02 4.144289947572372679e-01
5.466237942122186277e-01 5.263157894736841813e-02 1.869158878504672758e-02 2.758620689655172376e-02 4.211105002748762871e-01
8.964401294498381967e-01 7.697841726618704916e-01 1.000000000000000000e+00 8.699186991869918284e-01 9.207920792079207217e-01
5.890410958904109817e-01 1.176470588235294101e-01 1.869158878504672758e-02 3.225806451612902442e-02 4.688052538519827950e-01
6.141479099678456288e-01 3.859649122807017330e-01 2.056074766355140138e-01 2.682926829268292290e-01 5.170194245922667964e-01
8.793650793650793496e-01 7.379310344827586521e-01 1.000000000000000000e+00 8.492063492063492980e-01 9.086538461538461453e-01
8.738170347003154648e-01 7.278911564625850650e-01 1.000000000000000000e+00 8.425196850393700254e-01 9.047619047619047672e-01
