5.448717948717948234e-01 0.000000000000000000e+00 0.000000000000000000e+00 0.000000000000000000e+00 4.146341463414633943e-01
5.540983606557376984e-01 3.225806451612903136e-02 9.345794392523363789e-03 1.449275362318840250e-02 4.289153214386859370e-01
5.816326530612244694e-01 5.555555555555555247e-02 9.345794392523363789e-03 1.600000000000000033e-02 4.592183517417161576e-01
7.261146496815286122e-01 6.105263157894736947e-01 5.420560747663550893e-01 5.742574257425743234e-01 6.816560567068490339e-01
8.993506493506493449e-01 7.753623188405797118e-01 1.000000000000000000e+00 8.734693877551020780e-01 9.228855721393035560e-01
5.874587458745874624e-01 2.352941176470588203e-01 7.476635514018691031e-02 1.134751773049645224e-01 4.710566469578485460e-01
8.821656050955414274e-01 7.430555555555555802e-01 1.000000000000000000e+00 8.525896414342629681e-01 9.106280193236714338e-01
5.696202531645570000e-01 2.156862745098039325e-01 1.028037383177570069e-01 1.392405063291139167e-01 4.557080892545722350e-01
5.592105263157894912e-01 3.448275862068965469e-02 9.345794392523363789e-03 1.470588235294117453e-02 4.336069073485459002e-01
8.057324840764331642e-01 6.916666666666666519e-01 7.757009345794392274e-01 7.312775330396475981e-01 7.984784866133910475e-01
5.573770491803278215e-01 3.333333333333333287e-02 9.345794392523363789e-03 1.459854014598539924e-02 4.314405739639384230e-01
9.202657807308970428e-01 8.167938931297710203e-01 1.000000000000000000e+00 8.991596638655461327e-01 9.381443298969072142e-01
5.445859872611464869e-01 2.631578947368420907e-02 9.345794392523363789e-03 1.379310344827586188e-02 4.153009165199331720e-01
6.753246753246753276e-01 5.492957746478873693e-01 3.644859813084111999e-01 4.382022471910111960e-01 6.026410006044543577e-01
8.765822784810126667e-01 7.328767123287671659e-01 1.000000000000000000e+00 8.458498023715415037e-01 9.066985645933014482e-01
5.767918088737201687e-01 9.523809523809523281e-02 1.869158878504672758e-02 3.124999999999999653e-02 4.582705255753190543e-01
8.849840255591053806e-01 7.482517482517482277e-01 1.000000000000000000e+00 8.559999999999999831e-01 9.126213592233008987e-01
5.958188153310104429e-01 1.538461538461538547e-01 1.869158878504672758e-02 3.333333333333333287e-02 4.787902388369678075e-01
5.690235690235689869e-01 4.347826086956521618e-02 9.345794392523363789e-03 1.538461538461538200e-02 4.467781603541563507e-01
5.625000000000000000e-01 3.571428571428571230e-02 9.345794392523363789e-03 1.481481481481481191e-02 4.361449784145358111e-01
8.878205128205127750e-01 7.535211267605633756e-01 1.000000000000000000e+00 8.594377510040159818e-01 9.146341463414633388e-01
8.793650793650793496e-01 7.379310344827586521e-01 1.000000000000000000e+00 8.492063492063492980e-01 9.086538461538461453e-01
5.396825396825396526e-01 0.000000000000000000e+00 0.000000000000000000e+00 0.000000000000000000e+00 4.086538461538461453e-01
5.379746835443037778e-01 2.439024390243902524e-02 9.345794392523363789e-03 1.351351351351351079e-02 4.089791172919554074e-01
6.753246753246753276e-01 5.492957746478873693e-01 3.644859813084111999e-01 4.382022471910111960e-01 6.026410006044543577e-01
8.765822784810126667e-01 7.328767123287671659e-01 1.000000000000000000e+00 8.458498023715415037e-01 9.066985645933014482e-01
5.573770491803278215e-01 6.250000000000000000e-02 1.869158878504672758e-02 2.877697841726618508e-02 4.335882186349476197e-01
8.459016393442623238e-01 7.542372881355932090e-01 8.317757009345794206e-01 7.911111111111112093e-01 8.426555272349665060e-01
5.625000000000000000e-01 3.571428571428571230e-02 9.345794392523363789e-03 1.481481481481481191e-02 4.361449784145358111e-01
5.396825396825396526e-01 0.000000000000000000e+00 0.000000000000000000e+00 0.000000000000000000e+00 4.086538461538461453e-01
5.906040268456376197e-01 2.580645161290322509e-01 7.476635514018691031e-02 1.159420289855072200e-01 4.771737534863238483e-01
8.935483870967741993e-01 7.642857142857142350e-01 1.000000000000000000e+00 8.663967611336031993e-01 9.187192118226600313e-01
5.434083601286173737e-01 2.702702702702702853e-02 9.345794392523363789e-03 1.388888888888888638e-02 4.164376030786145488e-01
6.099999999999999867e-01 3.684210526315789269e-01 1.308411214953270896e-01 1.931034482758620385e-01 5.032443949445547515e-01
8.738170347003154648e-01 7.278911564625850650e-01 1.000000000000000000e+00 8.425196850393700254e-01 9.047619047619047672e-01
8.710691823899371355e-01 7.229729729729730270e-01 1.000000000000000000e+00 8.392156862745098200e-01 9.028436018957346487e-01
8.397212543554006814e-01 8.674698795180723065e-01 6.728971962616822067e-01 7.578947368421051767e-01 8.058930425752856008e-01
