5.153846153846153300e-01 0.000000000000000000e+00 0.000000000000000000e+00 0.000000000000000000e+00 4.379084967320261423e-01
9.260450160771703798e-01 8.499999999999999778e-01 9.532710280373831724e-01 8.986784140969162893e-01 9.325178669598679360e-01
5.761589403973509382e-01 0.000000000000000000e+00 0.000000000000000000e+00 0.000000000000000000e+00 4.461538461538461231e-01
5.572519083969466047e-01 2.857142857142856984e-01 5.607476635514018620e-02 9.374999999999998612e-02 4.796502864033765356e-01
5.789473684210526550e-01 1.176470588235294101e-01 1.869158878504672758e-02 3.225806451612902442e-02 4.672109629318492163e-01
5.364963503649634591e-01 0.000000000000000000e+00 0.000000000000000000e+00 0.000000000000000000e+00 4.401197604790418882e-01
5.413533834586465865e-01 1.428571428571428492e-01 2.803738317757009310e-02 4.687499999999999306e-02 4.574149180038793450e-01
4.691358024691357764e-01 0.000000000000000000e+00 0.000000000000000000e+00 0.000000000000000000e+00 4.191176470588235392e-01
5.947712418300653558e-01 0.000000000000000000e+00 0.000000000000000000e+00 0.000000000000000000e+00 4.572864321608040017e-01
6.277372262773722733e-01 5.609756097560976151e-01 2.149532710280373793e-01 3.108108108108108003e-01 5.535844199451563918e-01
5.580524344569288697e-01 2.800000000000000266e-01 6.542056074766354479e-02 1.060606060606060497e-01 4.764602803738317016e-01
5.953177257525084087e-01 0.000000000000000000e+00 0.000000000000000000e+00 0.000000000000000000e+00 4.635416666666666852e-01
6.043956043956043578e-01 4.736842105263157632e-01 8.411214953271027583e-02 1.428571428571428492e-01 5.119355928386443155e-01
5.257352941176470784e-01 0.000000000000000000e+00 0.000000000000000000e+00 0.000000000000000000e+00 4.333333333333333481e-01
9.316770186335403547e-01 8.294573643410853014e-01 1.000000000000000000e+00 9.067796610169490679e-01 9.488372093023255127e-01
5.780730897009966895e-01 0.000000000000000000e+00 0.000000000000000000e+00 0.000000000000000000e+00 4.484536082474226970e-01
5.816326530612244694e-01 0.000000000000000000e+00 0.000000000000000000e+00 0.000000000000000000e+00 4.572192513368983913e-01
5.326086956521739468e-01 0.000000000000000000e+00 0.000000000000000000e+00 0.000000000000000000e+00 4.349112426035502965e-01
5.635738831615120237e-01 0.000000000000000000e+00 0.000000000000000000e+00 0.000000000000000000e+00 4.456521739130434590e-01
6.366559485530546292e-01 3.846153846153846367e-01 9.345794392523364136e-02 1.503759398496240518e-01 5.075132856881070520e-01
8.285714285714286254e-01 8.117647058823529438e-01 6.448598130841121101e-01 7.187500000000000000e-01 7.839683680805176191e-01
4.734693877551020558e-01 0.000000000000000000e+00 0.000000000000000000e+00 0.000000000000000000e+00 4.202898550724637472e-01
5.058823529411764497e-01 0.000000000000000000e+00 0.000000000000000000e+00 0.000000000000000000e+00 4.358108108108108003e-01
9.433962264150943522e-01 8.559999999999999831e-01 1.000000000000000000e+00 9.224137931034482873e-01 9.573459715639810463e-01
5.257352941176470784e-01 0.000000000000000000e+00 0.000000000000000000e+00 0.000000000000000000e+00 4.333333333333333481e-01
9.316770186335403547e-01 8.294573643410853014e-01 1.000000000000000000e+00 9.067796610169490679e-01 9.488372093023255127e-01
5.444444444444443976e-01 0.000000000000000000e+00 0.000000000000000000e+00 0.000000000000000000e+00 4.509202453987730119e-01
5.543478260869565410e-01 0.000000000000000000e+00 0.000000000000000000e+00 0.000000000000000000e+00 4.526627218934911046e-01
6.019417475728154887e-01 0.000000000000000000e+00 0.000000000000000000e+00 0.000000000000000000e+00 4.603960396039604164e-01
5.395683453237409832e-01 0.000000000000000000e+00 0.000000000000000000e+00 0.000000000000000000e+00 4.385964912280702066e-01
4.708333333333333259e-01 0.000000000000000000e+00 0.000000000000000000e+00 0.000000000000000000e+00 4.248120300751879741e-01
5.214007782101167665e-01 0.000000000000000000e+00 0.000000000000000000e+00 0.000000000000000000e+00 4.466666666666666563e-01
6.555183946488294389e-01 5.476190476190476719e-01 2.149532710280373793e-01 3.087248322147650992e-01 5.579974688473520184e-01
6.380952380952380487e-01 3.599999999999999867e-01 8.411214953271027583e-02 1.363636363636363535e-01 5.035945363048166534e-01
5.787545787545788079e-01 3.333333333333333148e-01 7.476635514018691031e-02 1.221374045801526531e-01 4.891904064857561241e-01
5.540069686411149830e-01 0.000000000000000000e+00 0.000000000000000000e+00 0.000000000000000000e+00 4.416666666666666519e-01
9.342105263157894912e-01 8.655462184873949916e-01 9.626168224299065379e-01 9.115044247787611464e-01 9.406992741591156948e-01
