9.316770186335403547e-01 8.294573643410853014e-01 1.000000000000000000e+00 9.067796610169490679e-01 9.488372093023255127e-01
5.750915750915750468e-01 3.333333333333333148e-01 8.411214953271027583e-02 1.343283582089551953e-01 4.878392072964755632e-01
9.375000000000000000e-01 8.425196850393700254e-01 1.000000000000000000e+00 9.145299145299145005e-01 9.530516431924882514e-01
5.239852398523985322e-01 0.000000000000000000e+00 0.000000000000000000e+00 0.000000000000000000e+00 4.329268292682926789e-01
4.960937500000000000e-01 0.000000000000000000e+00 0.000000000000000000e+00 0.000000000000000000e+00 4.261744966442952975e-01
9.171974522292993814e-01 8.648648648648649129e-01 8.971962616822429792e-01 8.807339449541283782e-01 9.123662467831505918e-01
6.622073578595317755e-01 5.789473684210526550e-01 2.056074766355140138e-01 3.034482758620689613e-01 5.611370716510903911e-01
5.993377483443708131e-01 0.000000000000000000e+00 0.000000000000000000e+00 0.000000000000000000e+00 4.641025641025641191e-01
9.610389610389610260e-01 8.991596638655462437e-01 1.000000000000000000e+00 9.469026548672566657e-01 9.701492537313433084e-01
6.721854304635761501e-01 5.999999999999999778e-01 2.242990654205607448e-01 3.265306122448979886e-01 5.711238916846393954e-01
5.888157894736841813e-01 0.000000000000000000e+00 0.000000000000000000e+00 0.000000000000000000e+00 4.543147208121827152e-01
4.710743801652892415e-01 0.000000000000000000e+00 0.000000000000000000e+00 0.000000000000000000e+00 4.222222222222222210e-01
9.433962264150943522e-01 8.559999999999999831e-01 1.000000000000000000e+00 9.224137931034482873e-01 9.573459715639810463e-01
9.433962264150943522e-01 8.559999999999999831e-01 1.000000000000000000e+00 9.224137931034482873e-01 9.573459715639810463e-01
5.743944636678200988e-01 0.000000000000000000e+00 0.000000000000000000e+00 0.000000000000000000e+00 4.560439560439560336e-01
7.371794871794872250e-01 7.192982456140351033e-01 3.831775700934579310e-01 5.000000000000000000e-01 6.525643948028264640e-01
9.433962264150943522e-01 8.559999999999999831e-01 1.000000000000000000e+00 9.224137931034482873e-01 9.573459715639810463e-01
6.466431095406360852e-01 6.206896551724138122e-01 1.682242990654205517e-01 2.647058823529411797e-01 5.528621495327102897e-01
9.316770186335403547e-01 8.294573643410853014e-01 1.000000000000000000e+00 9.067796610169490679e-01 9.488372093023255127e-01
9.316770186335403547e-01 8.294573643410853014e-01 1.000000000000000000e+00 9.067796610169490679e-01 9.488372093023255127e-01
8.025889967637540590e-01 8.026315789473684736e-01 5.700934579439251859e-01 6.666666666666666297e-01 7.479180161006755423e-01
5.916398713826366285e-01 0.000000000000000000e+00 0.000000000000000000e+00 0.000000000000000000e+00 4.509803921568627527e-01
6.806451612903225978e-01 5.999999999999999778e-01 2.242990654205607448e-01 3.265306122448979886e-01 5.727406657152065428e-01
9.492063492063491648e-01 8.699186991869918284e-01 1.000000000000000000e+00 9.304347826086956097e-01 9.615384615384615641e-01
9.433962264150943522e-01 8.559999999999999831e-01 1.000000000000000000e+00 9.224137931034482873e-01 9.573459715639810463e-01
5.743944636678200988e-01 0.000000000000000000e+00 0.000000000000000000e+00 0.000000000000000000e+00 4.560439560439560336e-01
5.444839857651245785e-01 0.000000000000000000e+00 0.000000000000000000e+00 0.000000000000000000e+00 4.396551724137930939e-01
9.316770186335403547e-01 8.294573643410853014e-01 1.000000000000000000e+00 9.067796610169490679e-01 9.488372093023255127e-01
5.161290322580645018e-01 0.000000000000000000e+00 0.000000000000000000e+00 0.000000000000000000e+00 4.539007092198581450e-01
5.906040268456376197e-01 1.428571428571428492e-01 2.803738317757009310e-02 4.687499999999999306e-02 4.668982727406174593e-01
5.967213114754098546e-01 0.000000000000000000e+00 0.000000000000000000e+00 0.000000000000000000e+00 4.595959595959596133e-01
9.316770186335403547e-01 8.294573643410853014e-01 1.000000000000000000e+00 9.067796610169490679e-01 9.488372093023255127e-01
5.430711610486891328e-01 0.000000000000000000e+00 0.000000000000000000e+00 0.000000000000000000e+00 4.531250000000000000e-01
9.316770186335403547e-01 8.294573643410853014e-01 1.000000000000000000e+00 9.067796610169490679e-01 9.488372093023255127e-01
5.239852398523985322e-01 0.000000000000000000e+00 0.000000000000000000e+00 0.000000000000000000e+00 4.329268292682926789e-01
9.433962264150943522e-01 8.559999999999999831e-01 1.000000000000000000e+00 9.224137931034482873e-01 9.573459715639810463e-01
9.316770186335403547e-01 8.294573643410853014e-01 1.000000000000000000e+00 9.067796610169490679e-01 9.488372093023255127e-01
