5.856164383561643927e-01 0.000000000000000000e+00 0.000000000000000000e+00 0.000000000000000000e+00 4.621621621621621601e-01
9.433962264150943522e-01 8.559999999999999831e-01 1.000000000000000000e+00 9.224137931034482873e-01 9.573459715639810463e-01
5.653710247349823526e-01 0.000000000000000000e+00 0.000000000000000000e+00 0.000000000000000000e+00 4.545454545454545303e-01
9.492063492063491648e-01 8.699186991869918284e-01 1.000000000000000000e+00 9.304347826086956097e-01 9.615384615384615641e-01
6.190476190476190688e-01 1.578947368421052544e-01 2.803738317757009310e-02 4.761904761904762334e-02 4.755571531272466124e-01
9.274447949526813950e-01 8.333333333333333703e-01 9.813084112149532690e-01 9.012875536480687844e-01 9.406542056074767011e-01
6.270096463022507560e-01 2.000000000000000111e-01 2.803738317757009310e-02 4.918032786885245811e-02 4.846069268829026333e-01
9.492063492063491648e-01 8.699186991869918284e-01 1.000000000000000000e+00 9.304347826086956097e-01 9.615384615384615641e-01
4.690265486725663791e-01 6.666666666666666574e-02 9.345794392523363789e-03 1.639344262295081706e-02 4.458493677844969083e-01
6.032786885245902120e-01 0.000000000000000000e+00 0.000000000000000000e+00 0.000000000000000000e+00 4.646464646464646409e-01
6.290322580645161255e-01 3.333333333333333148e-01 7.476635514018691031e-02 1.221374045801526531e-01 4.979743105750195631e-01
5.951557093425605682e-01 0.000000000000000000e+00 0.000000000000000000e+00 0.000000000000000000e+00 4.725274725274725141e-01
9.262820512820513219e-01 8.620689655172413257e-01 9.345794392523364413e-01 8.968609865470851261e-01 9.282653293822659135e-01
6.057692307692307265e-01 0.000000000000000000e+00 0.000000000000000000e+00 0.000000000000000000e+00 4.609756097560975818e-01
6.307189542483659928e-01 3.750000000000000000e-01 8.411214953271027583e-02 1.374045801526717347e-01 5.043676325552998163e-01
6.969696969696970168e-01 6.976744186046511809e-01 2.803738317757009102e-01 3.999999999999999667e-01 6.059763895720610138e-01
9.073482428115016152e-01 8.305084745762711940e-01 9.158878504672897103e-01 8.711111111111111693e-01 9.094002359132564717e-01
9.404388714733542542e-01 8.492063492063491870e-01 1.000000000000000000e+00 9.184549356223175032e-01 9.551886792452829456e-01
7.045454545454545858e-01 6.666666666666666297e-01 2.990654205607476412e-01 4.129032258064516125e-01 6.097317152554982966e-01
5.451127819548872155e-01 0.000000000000000000e+00 0.000000000000000000e+00 0.000000000000000000e+00 4.559748427672956073e-01
9.316770186335403547e-01 8.294573643410853014e-01 1.000000000000000000e+00 9.067796610169490679e-01 9.488372093023255127e-01
6.341463414634146423e-01 5.294117647058823595e-01 1.682242990654205517e-01 2.553191489361701927e-01 5.396677050882657811e-01
5.758620689655172820e-01 0.000000000000000000e+00 0.000000000000000000e+00 0.000000000000000000e+00 4.562841530054644879e-01
6.933333333333333570e-01 6.595744680851063357e-01 2.897196261682242757e-01 4.025974025974025650e-01 6.034090358820395350e-01
6.057692307692307265e-01 0.000000000000000000e+00 0.000000000000000000e+00 0.000000000000000000e+00 4.609756097560975818e-01
6.307189542483659928e-01 3.750000000000000000e-01 8.411214953271027583e-02 1.374045801526717347e-01 5.043676325552998163e-01
6.543624161073825496e-01 5.909090909090909394e-01 1.214953271028037379e-01 2.015503875968992220e-01 5.371874541273180537e-01
7.371794871794872250e-01 7.192982456140351033e-01 3.831775700934579310e-01 5.000000000000000000e-01 6.525643948028264640e-01
5.694915254237288282e-01 0.000000000000000000e+00 0.000000000000000000e+00 0.000000000000000000e+00 4.468085106382978511e-01
5.551470588235294379e-01 0.000000000000000000e+00 0.000000000000000000e+00 0.000000000000000000e+00 4.575757575757575801e-01
6.278317152103559673e-01 3.888888888888888951e-01 1.308411214953270896e-01 1.958041958041958075e-01 5.109651152031090549e-01
5.494505494505494969e-01 0.000000000000000000e+00 0.000000000000000000e+00 0.000000000000000000e+00 4.518072289156626620e-01
5.430711610486891328e-01 0.000000000000000000e+00 0.000000000000000000e+00 0.000000000000000000e+00 4.531250000000000000e-01
5.684210526315789380e-01 0.000000000000000000e+00 0.000000000000000000e+00 0.000000000000000000e+00 4.550561797752809001e-01
9.316770186335403547e-01 8.294573643410853014e-01 1.000000000000000000e+00 9.067796610169490679e-01 9.488372093023255127e-01
9.375000000000000000e-01 8.425196850393700254e-01 1.000000000000000000e+00 9.145299145299145005e-01 9.530516431924882514e-01
6.500000000000000222e-01 5.312500000000000000e-01 1.588785046728971861e-01 2.446043165467625680e-01 5.405791487095055192e-01
