5.000000000000000000e-01 0.000000000000000000e+00 0.000000000000000000e+00 0.000000000000000000e+00 3.755868544600938774e-01
5.000000000000000000e-01 0.000000000000000000e+00 0.000000000000000000e+00 0.000000000000000000e+00 3.755868544600938774e-01
5.000000000000000000e-01 0.000000000000000000e+00 0.000000000000000000e+00 0.000000000000000000e+00 3.755868544600938774e-01
8.668831168831169220e-01 7.229729729729730270e-01 1.000000000000000000e+00 8.392156862745098200e-01 8.980099502487562946e-01
8.289473684210526550e-01 7.131782945736434565e-01 8.598130841121495171e-01 7.796610169491525744e-01 8.359979126144504447e-01
8.612903225806451957e-01 7.133333333333333748e-01 1.000000000000000000e+00 8.326848249027237747e-01 8.940886699507389901e-01
8.343749999999999778e-01 6.687499999999999556e-01 1.000000000000000000e+00 8.014981273408239293e-01 8.755868544600938774e-01
8.424437299035369975e-01 6.986301369863013866e-01 9.532710280373831724e-01 8.063241106719367668e-01 8.687923767637896200e-01
5.000000000000000000e-01 0.000000000000000000e+00 0.000000000000000000e+00 0.000000000000000000e+00 3.755868544600938774e-01
8.503184713375796511e-01 6.948051948051947591e-01 1.000000000000000000e+00 8.199233716475095024e-01 8.864734299516907612e-01
5.000000000000000000e-01 0.000000000000000000e+00 0.000000000000000000e+00 0.000000000000000000e+00 3.755868544600938774e-01
5.588235294117647189e-01 2.200000000000000011e-01 1.028037383177570069e-01 1.401273885350318438e-01 4.534119194101347561e-01
5.000000000000000000e-01 0.000000000000000000e+00 0.000000000000000000e+00 0.000000000000000000e+00 3.755868544600938774e-01
6.935483870967742437e-01 5.612244897959183243e-01 5.140186915887849928e-01 5.365853658536585691e-01 6.510980157451313755e-01
8.317757009345794206e-01 6.645962732919254989e-01 1.000000000000000000e+00 7.985074626865671377e-01 8.738317757009346209e-01
5.000000000000000000e-01 0.000000000000000000e+00 0.000000000000000000e+00 0.000000000000000000e+00 3.755868544600938774e-01
8.585209003215433787e-01 7.086092715231787631e-01 1.000000000000000000e+00 8.294573643410853014e-01 8.921568627450979783e-01
8.530351437699680295e-01 6.993464052287581278e-01 1.000000000000000000e+00 8.230769230769230393e-01 8.883495145631068457e-01
5.000000000000000000e-01 0.000000000000000000e+00 0.000000000000000000e+00 0.000000000000000000e+00 3.755868544600938774e-01
5.000000000000000000e-01 0.000000000000000000e+00 0.000000000000000000e+00 0.000000000000000000e+00 3.755868544600938774e-01
8.585209003215433787e-01 7.086092715231787631e-01 1.000000000000000000e+00 8.294573643410853014e-01 8.921568627450979783e-01
8.640776699029125707e-01 7.181208053691274795e-01 1.000000000000000000e+00 8.359375000000000000e-01 8.960396039603960583e-01
5.000000000000000000e-01 0.000000000000000000e+00 0.000000000000000000e+00 0.000000000000000000e+00 3.755868544600938774e-01
5.193548387096774688e-01 2.272727272727272790e-02 9.345794392523363789e-03 1.324503311258277971e-02 3.987615671470005618e-01
6.935483870967742437e-01 5.612244897959183243e-01 5.140186915887849928e-01 5.365853658536585691e-01 6.510980157451313755e-01
8.317757009345794206e-01 6.645962732919254989e-01 1.000000000000000000e+00 7.985074626865671377e-01 8.738317757009346209e-01
6.407766990291262621e-01 4.749999999999999778e-01 3.551401869158878344e-01 4.064171122994652552e-01 5.736096974183400032e-01
5.111111111111110716e-01 2.040816326530612082e-02 9.345794392523363789e-03 1.282051282051282180e-02 3.892882818116462640e-01
5.394736842105263275e-01 9.756097560975610095e-02 3.738317757009345516e-02 5.405405405405404318e-02 4.247829593434223616e-01
5.974025974025973795e-01 3.692307692307692513e-01 2.242990654205607448e-01 2.790697674418604612e-01 5.101594829590365698e-01
5.258064516129031807e-01 6.521739130434782428e-02 2.803738317757009310e-02 3.921568627450980338e-02 4.081073615395239274e-01
8.929765886287625021e-01 7.697841726618704916e-01 1.000000000000000000e+00 8.699186991869918284e-01 9.166666666666667407e-01
5.000000000000000000e-01 0.000000000000000000e+00 0.000000000000000000e+00 0.000000000000000000e+00 3.755868544600938774e-01
8.725490196078431460e-01 7.328767123287671659e-01 1.000000000000000000e+00 8.458498023715415037e-01 9.020100502512563567e-01
8.317757009345794206e-01 6.645962732919254989e-01 1.000000000000000000e+00 7.985074626865671377e-01 8.738317757009346209e-01
8.343749999999999778e-01 6.687499999999999556e-01 1.000000000000000000e+00 8.014981273408239293e-01 8.755868544600938774e-01
5.193548387096774688e-01 2.272727272727272790e-02 9.345794392523363789e-03 1.324503311258277971e-02 3.987615671470005618e-01
