5.111111111111110716e-01 2.040816326530612082e-02 9.345794392523363789e-03 1.282051282051282180e-02 3.892882818116462640e-01
8.530351437699680295e-01 6.993464052287581278e-01 1.000000000000000000e+00 8.230769230769230393e-01 8.883495145631068457e-01
6.776315789473684736e-01 5.542168674698795261e-01 4.299065420560747586e-01 4.842105263157894246e-01 6.210446415864129266e-01
6.020066889632107454e-01 3.846153846153846367e-01 1.869158878504672827e-01 2.515723270440251569e-01 5.101246105919002849e-01
5.000000000000000000e-01 0.000000000000000000e+00 0.000000000000000000e+00 0.000000000000000000e+00 3.755868544600938774e-01
7.419354838709677491e-01 6.194690265486725300e-01 6.542056074766354756e-01 6.363636363636363535e-01 7.211914736890565614e-01
8.449367088607594445e-01 6.858974358974359031e-01 1.000000000000000000e+00 8.136882129277566156e-01 8.827751196172248793e-01
5.000000000000000000e-01 0.000000000000000000e+00 0.000000000000000000e+00 0.000000000000000000e+00 3.755868544600938774e-01
8.725490196078431460e-01 7.328767123287671659e-01 1.000000000000000000e+00 8.458498023715415037e-01 9.020100502512563567e-01
8.675496688741721751e-01 7.445255474452554534e-01 9.532710280373831724e-01 8.360655737704916213e-01 8.868919242751017729e-01
8.697068403908795320e-01 7.278911564625850650e-01 1.000000000000000000e+00 8.425196850393700254e-01 9.000000000000000222e-01
8.585209003215433787e-01 7.086092715231787631e-01 1.000000000000000000e+00 8.294573643410853014e-01 8.921568627450979783e-01
5.193548387096774688e-01 2.272727272727272790e-02 9.345794392523363789e-03 1.324503311258277971e-02 3.987615671470005618e-01
5.000000000000000000e-01 0.000000000000000000e+00 0.000000000000000000e+00 0.000000000000000000e+00 3.755868544600938774e-01
8.291925465838508869e-01 6.604938271604938738e-01 1.000000000000000000e+00 7.955390334572490785e-01 8.720930232558139483e-01
6.440129449838187803e-01 4.814814814814814548e-01 3.644859813084111999e-01 4.148936170212765839e-01 5.782825946146016305e-01
5.000000000000000000e-01 0.000000000000000000e+00 0.000000000000000000e+00 0.000000000000000000e+00 3.755868544600938774e-01
8.503184713375796511e-01 6.948051948051947591e-01 1.000000000000000000e+00 8.199233716475095024e-01 8.864734299516907612e-01
5.000000000000000000e-01 0.000000000000000000e+00 0.000000000000000000e+00 0.000000000000000000e+00 3.755868544600938774e-01
9.010238907849829060e-01 8.000000000000000444e-01 9.719626168224299034e-01 8.776371308016878148e-01 9.160888352929353884e-01
8.503184713375796511e-01 6.948051948051947591e-01 1.000000000000000000e+00 8.199233716475095024e-01 8.864734299516907612e-01
5.000000000000000000e-01 0.000000000000000000e+00 0.000000000000000000e+00 0.000000000000000000e+00 3.755868544600938774e-01
5.000000000000000000e-01 0.000000000000000000e+00 0.000000000000000000e+00 0.000000000000000000e+00 3.755868544600938774e-01
8.449367088607594445e-01 6.858974358974359031e-01 1.000000000000000000e+00 8.136882129277566156e-01 8.827751196172248793e-01
5.000000000000000000e-01 0.000000000000000000e+00 0.000000000000000000e+00 0.000000000000000000e+00 3.755868544600938774e-01
8.291925465838508869e-01 6.604938271604938738e-01 1.000000000000000000e+00 7.955390334572490785e-01 8.720930232558139483e-01
5.000000000000000000e-01 0.000000000000000000e+00 0.000000000000000000e+00 0.000000000000000000e+00 3.755868544600938774e-01
5.000000000000000000e-01 0.000000000000000000e+00 0.000000000000000000e+00 0.000000000000000000e+00 3.755868544600938774e-01
5.000000000000000000e-01 0.000000000000000000e+00 0.000000000000000000e+00 0.000000000000000000e+00 3.755868544600938774e-01
5.000000000000000000e-01 0.000000000000000000e+00 0.000000000000000000e+00 0.000000000000000000e+00 3.755868544600938774e-01
5.000000000000000000e-01 0.000000000000000000e+00 0.000000000000000000e+00 0.000000000000000000e+00 3.755868544600938774e-01
5.454545454545454142e-01 1.632653061224489666e-01 7.476635514018691031e-02 1.025641025641025744e-01 4.353931278188497012e-01
8.668831168831169220e-01 7.229729729729730270e-01 1.000000000000000000e+00 8.392156862745098200e-01 8.980099502487562946e-01
8.503184713375796511e-01 6.948051948051947591e-01 1.000000000000000000e+00 8.199233716475095024e-01 8.864734299516907612e-01
6.850649350649350433e-01 5.543478260869565410e-01 4.766355140186915862e-01 5.125628140703517577e-01 6.363277072581020599e-01
5.227272727272727071e-01 2.380952380952380820e-02 9.345794392523363789e-03 1.342281879194630670e-02 4.026828474450178663e-01
5.000000000000000000e-01 0.000000000000000000e+00 0.000000000000000000e+00 0.000000000000000000e+00 3.755868544600938774e-01
