6.375838926174496324e-01 4.918032786885245811e-01 2.803738317757009102e-01 3.571428571428570953e-01 5.590350834271174962e-01
5.567010309278350721e-01 7.692307692307692735e-02 1.869158878504672758e-02 3.007518796992481036e-02 4.441284030881755274e-01
8.503184713375796511e-01 6.948051948051947591e-01 1.000000000000000000e+00 8.199233716475095024e-01 8.864734299516907612e-01
5.000000000000000000e-01 0.000000000000000000e+00 0.000000000000000000e+00 0.000000000000000000e+00 3.755868544600938774e-01
5.193548387096774688e-01 2.272727272727272790e-02 9.345794392523363789e-03 1.324503311258277971e-02 3.987615671470005618e-01
5.519480519480519654e-01 1.960784313725490169e-01 9.345794392523364136e-02 1.265822784810126667e-01 4.447389222113730667e-01
6.850649350649350433e-01 5.543478260869565410e-01 4.766355140186915862e-01 5.125628140703517577e-01 6.363277072581020599e-01
5.227272727272727071e-01 2.380952380952380820e-02 9.345794392523363789e-03 1.342281879194630670e-02 4.026828474450178663e-01
5.484949832775919409e-01 1.111111111111111049e-01 3.738317757009345516e-02 5.594405594405594401e-02 4.353582554517134162e-01
5.000000000000000000e-01 0.000000000000000000e+00 0.000000000000000000e+00 0.000000000000000000e+00 3.755868544600938774e-01
5.000000000000000000e-01 0.000000000000000000e+00 0.000000000000000000e+00 0.000000000000000000e+00 3.755868544600938774e-01
5.000000000000000000e-01 0.000000000000000000e+00 0.000000000000000000e+00 0.000000000000000000e+00 3.755868544600938774e-01
8.476190476190476053e-01 6.903225806451612767e-01 1.000000000000000000e+00 8.167938931297709093e-01 8.846153846153845812e-01
8.725490196078431460e-01 7.328767123287671659e-01 1.000000000000000000e+00 8.458498023715415037e-01 9.020100502512563567e-01
5.000000000000000000e-01 0.000000000000000000e+00 0.000000000000000000e+00 0.000000000000000000e+00 3.755868544600938774e-01
8.291925465838508869e-01 6.604938271604938738e-01 1.000000000000000000e+00 7.955390334572490785e-01 8.720930232558139483e-01
8.585209003215433787e-01 7.086092715231787631e-01 1.000000000000000000e+00 8.294573643410853014e-01 8.921568627450979783e-01
5.000000000000000000e-01 0.000000000000000000e+00 0.000000000000000000e+00 0.000000000000000000e+00 3.755868544600938774e-01
8.557692307692307265e-01 7.039473684210526550e-01 1.000000000000000000e+00 8.262548262548262690e-01 8.902439024390244038e-01
5.313531353135313440e-01 2.702702702702702853e-02 9.345794392523363789e-03 1.388888888888888638e-02 4.128361625023840853e-01
8.449367088607594445e-01 6.858974358974359031e-01 1.000000000000000000e+00 8.136882129277566156e-01 8.827751196172248793e-01
6.903225806451612767e-01 5.567010309278350721e-01 5.046728971962616273e-01 5.294117647058823595e-01 6.464251185488697482e-01
5.176848874598071193e-01 2.222222222222222307e-02 9.345794392523363789e-03 1.315789473684210627e-02 3.968297599413596610e-01
5.000000000000000000e-01 0.000000000000000000e+00 0.000000000000000000e+00 0.000000000000000000e+00 3.755868544600938774e-01
8.725490196078431460e-01 7.328767123287671659e-01 1.000000000000000000e+00 8.458498023715415037e-01 9.020100502512563567e-01
5.000000000000000000e-01 0.000000000000000000e+00 0.000000000000000000e+00 0.000000000000000000e+00 3.755868544600938774e-01
5.000000000000000000e-01 0.000000000000000000e+00 0.000000000000000000e+00 0.000000000000000000e+00 3.755868544600938774e-01
8.585209003215433787e-01 7.086092715231787631e-01 1.000000000000000000e+00 8.294573643410853014e-01 8.921568627450979783e-01
5.000000000000000000e-01 0.000000000000000000e+00 0.000000000000000000e+00 0.000000000000000000e+00 3.755868544600938774e-01
8.503184713375796511e-01 6.948051948051947591e-01 1.000000000000000000e+00 8.199233716475095024e-01 8.864734299516907612e-01
5.000000000000000000e-01 0.000000000000000000e+00 0.000000000000000000e+00 0.000000000000000000e+00 3.755868544600938774e-01
8.503184713375796511e-01 6.948051948051947591e-01 1.000000000000000000e+00 8.199233716475095024e-01 8.864734299516907612e-01
5.193548387096774688e-01 2.272727272727272790e-02 9.345794392523363789e-03 1.324503311258277971e-02 3.987615671470005618e-01
8.585209003215433787e-01 7.086092715231787631e-01 1.000000000000000000e+00 8.294573643410853014e-01 8.921568627450979783e-01
5.000000000000000000e-01 0.000000000000000000e+00 0.000000000000000000e+00 0.000000000000000000e+00 3.755868544600938774e-01
8.422712933753943032e-01 6.815286624203821253e-01 1.000000000000000000e+00 8.106060606060605522e-01 8.809523809523809312e-01
9.020270270270269730e-01 7.867647058823529216e-01 1.000000000000000000e+00 8.806584362139917577e-01 9.232804232804232569e-01
