5.031446540880503138e-01 0.000000000000000000e+00 0.000000000000000000e+00 0.000000000000000000e+00 3.791469194312796498e-01
5.313531353135313440e-01 2.702702702702702853e-02 9.345794392523363789e-03 1.388888888888888638e-02 4.128361625023840853e-01
5.669014084507042472e-01 5.555555555555555247e-02 9.345794392523363789e-03 1.600000000000000033e-02 4.566502983262051285e-01
8.503184713375796511e-01 6.948051948051947591e-01 1.000000000000000000e+00 8.199233716475095024e-01 8.864734299516907612e-01
8.782894736842105088e-01 7.430555555555555802e-01 1.000000000000000000e+00 8.525896414342629681e-01 9.060913705583756306e-01
8.557692307692307265e-01 7.039473684210526550e-01 1.000000000000000000e+00 8.262548262548262690e-01 8.902439024390244038e-01
8.503184713375796511e-01 6.948051948051947591e-01 1.000000000000000000e+00 8.199233716475095024e-01 8.864734299516907612e-01
5.296052631578946901e-01 2.631578947368420907e-02 9.345794392523363789e-03 1.379310344827586188e-02 4.107642677546373133e-01
5.031446540880503138e-01 0.000000000000000000e+00 0.000000000000000000e+00 0.000000000000000000e+00 3.791469194312796498e-01
6.688102893890675027e-01 5.217391304347825942e-01 4.485981308411214896e-01 4.824120603015075726e-01 6.164559281656588619e-01
5.031446540880503138e-01 0.000000000000000000e+00 0.000000000000000000e+00 0.000000000000000000e+00 3.791469194312796498e-01
5.420875420875420625e-01 3.225806451612903136e-02 9.345794392523363789e-03 1.449275362318840250e-02 4.257255287752089723e-01
5.031446540880503138e-01 0.000000000000000000e+00 0.000000000000000000e+00 0.000000000000000000e+00 3.791469194312796498e-01
7.568493150684931781e-01 7.093023255813953876e-01 5.700934579439251859e-01 6.321243523316061319e-01 7.174791614043950494e-01
8.530351437699680295e-01 6.993464052287581278e-01 1.000000000000000000e+00 8.230769230769230393e-01 8.883495145631068457e-01
5.261437908496732208e-01 2.500000000000000139e-02 9.345794392523363789e-03 1.360544217687074606e-02 4.066829474475179285e-01
8.422712933753943032e-01 6.815286624203821253e-01 1.000000000000000000e+00 8.106060606060605522e-01 8.809523809523809312e-01
8.503184713375796511e-01 6.948051948051947591e-01 1.000000000000000000e+00 8.199233716475095024e-01 8.864734299516907612e-01
5.313531353135313440e-01 2.702702702702702853e-02 9.345794392523363789e-03 1.388888888888888638e-02 4.128361625023840853e-01
5.031446540880503138e-01 0.000000000000000000e+00 0.000000000000000000e+00 0.000000000000000000e+00 3.791469194312796498e-01
8.841059602649006255e-01 7.535211267605633756e-01 1.000000000000000000e+00 8.594377510040159818e-01 9.102564102564102422e-01
8.295819935691318703e-01 6.901408450704225039e-01 9.158878504672897103e-01 7.871485943775101690e-01 8.501007879787427779e-01
5.031446540880503138e-01 0.000000000000000000e+00 0.000000000000000000e+00 0.000000000000000000e+00 3.791469194312796498e-01
5.278688524590163800e-01 2.564102564102564014e-02 9.345794392523363789e-03 1.369863013698630061e-02 4.087133012366656604e-01
7.568493150684931781e-01 7.093023255813953876e-01 5.700934579439251859e-01 6.321243523316061319e-01 7.174791614043950494e-01
8.530351437699680295e-01 6.993464052287581278e-01 1.000000000000000000e+00 8.230769230769230393e-01 8.883495145631068457e-01
5.276872964169381230e-01 4.761904761904761640e-02 1.869158878504672758e-02 2.684563758389261340e-02 4.093457943925233877e-01
5.259740259740259827e-01 4.651162790697674354e-02 1.869158878504672758e-02 2.666666666666666491e-02 4.073557446412796046e-01
5.191082802547770658e-01 5.999999999999999778e-02 2.803738317757009310e-02 3.821656050955413858e-02 4.004921215404758650e-01
5.031446540880503138e-01 0.000000000000000000e+00 0.000000000000000000e+00 0.000000000000000000e+00 3.791469194312796498e-01
5.127388535031847105e-01 2.083333333333333218e-02 9.345794392523363789e-03 1.290322580645161289e-02 3.911463271479524439e-01
8.697068403908795320e-01 7.278911564625850650e-01 1.000000000000000000e+00 8.425196850393700254e-01 9.000000000000000222e-01
5.031446540880503138e-01 0.000000000000000000e+00 0.000000000000000000e+00 0.000000000000000000e+00 3.791469194312796498e-01
8.513513513513513153e-01 7.603305785123967153e-01 8.598130841121495171e-01 8.070175438596490780e-01 8.531869653364980710e-01
8.317757009345794206e-01 6.645962732919254989e-01 1.000000000000000000e+00 7.985074626865671377e-01 8.738317757009346209e-01
8.317757009345794206e-01 6.645962732919254989e-01 1.000000000000000000e+00 7.985074626865671377e-01 8.738317757009346209e-01
5.193548387096774688e-01 2.272727272727272790e-02 9.345794392523363789e-03 1.324503311258277971e-02 3.987615671470005618e-01
