8.530351437699680295e-01 6.993464052287581278e-01 1.000000000000000000e+00 8.230769230769230393e-01 8.883495145631068457e-01
5.684210526315789380e-01 1.000000000000000056e-01 1.869158878504672758e-02 3.149606299212597688e-02 4.587839966397143643e-01
8.503184713375796511e-01 6.948051948051947591e-01 1.000000000000000000e+00 8.199233716475095024e-01 8.864734299516907612e-01
5.031446540880503138e-01 0.000000000000000000e+00 0.000000000000000000e+00 0.000000000000000000e+00 3.791469194312796498e-01
5.629370629370629153e-01 5.000000000000000278e-02 9.345794392523363789e-03 1.574803149606298844e-02 4.516002714979375776e-01
5.513698630136986134e-01 3.846153846153846367e-02 9.345794392523363789e-03 1.503759398496240518e-02 4.371053296286940837e-01
5.445859872611464869e-01 1.896551724137930939e-01 1.028037383177570069e-01 1.333333333333333315e-01 4.378752991105692716e-01
5.278688524590163800e-01 2.564102564102564014e-02 9.345794392523363789e-03 1.369863013698630061e-02 4.087133012366656604e-01
5.886524822695035075e-01 2.857142857142856984e-01 5.607476635514018620e-02 9.374999999999998612e-02 4.851802403204271696e-01
5.261437908496732208e-01 2.500000000000000139e-02 9.345794392523363789e-03 1.360544217687074606e-02 4.066829474475179285e-01
5.031446540880503138e-01 0.000000000000000000e+00 0.000000000000000000e+00 0.000000000000000000e+00 3.791469194312796498e-01
5.244299674267101086e-01 2.439024390243902524e-02 9.345794392523363789e-03 1.351351351351351079e-02 4.046728971962616495e-01
8.585209003215433787e-01 7.086092715231787631e-01 1.000000000000000000e+00 8.294573643410853014e-01 8.921568627450979783e-01
8.782894736842105088e-01 7.430555555555555802e-01 1.000000000000000000e+00 8.525896414342629681e-01 9.060913705583756306e-01
5.031446540880503138e-01 0.000000000000000000e+00 0.000000000000000000e+00 0.000000000000000000e+00 3.791469194312796498e-01
8.503184713375796511e-01 6.948051948051947591e-01 1.000000000000000000e+00 8.199233716475095024e-01 8.864734299516907612e-01
8.811881188118811936e-01 7.482517482517482277e-01 1.000000000000000000e+00 8.559999999999999831e-01 9.081632653061224580e-01
5.031446540880503138e-01 0.000000000000000000e+00 0.000000000000000000e+00 0.000000000000000000e+00 3.791469194312796498e-01
8.725490196078431460e-01 7.328767123287671659e-01 1.000000000000000000e+00 8.458498023715415037e-01 9.020100502512563567e-01
6.633663366336634004e-01 5.324675324675324228e-01 3.831775700934579310e-01 4.456521739130434590e-01 5.997520503528513958e-01
8.557692307692307265e-01 7.039473684210526550e-01 1.000000000000000000e+00 8.262548262548262690e-01 8.902439024390244038e-01
5.366666666666666252e-01 2.941176470588235253e-02 9.345794392523363789e-03 1.418439716312056530e-02 4.191806692169870452e-01
5.210355987055016458e-01 2.325581395348837177e-02 9.345794392523363789e-03 1.333333333333333245e-02 4.007125011566576855e-01
5.292207792207792583e-01 6.818181818181817677e-02 2.803738317757009310e-02 3.973509933774833913e-02 4.120286418375412318e-01
8.782894736842105088e-01 7.430555555555555802e-01 1.000000000000000000e+00 8.525896414342629681e-01 9.060913705583756306e-01
5.031446540880503138e-01 0.000000000000000000e+00 0.000000000000000000e+00 0.000000000000000000e+00 3.791469194312796498e-01
5.227272727272727071e-01 2.380952380952380820e-02 9.345794392523363789e-03 1.342281879194630670e-02 4.026828474450178663e-01
7.878787878787878451e-01 7.115384615384615641e-01 6.915887850467289377e-01 7.014218009478673244e-01 7.668470241023117584e-01
5.031446540880503138e-01 0.000000000000000000e+00 0.000000000000000000e+00 0.000000000000000000e+00 3.791469194312796498e-01
6.495176848874597564e-01 4.883720930232557933e-01 3.925233644859812965e-01 4.352331606217615945e-01 5.884185449880886543e-01
5.031446540880503138e-01 0.000000000000000000e+00 0.000000000000000000e+00 0.000000000000000000e+00 3.791469194312796498e-01
8.697068403908795320e-01 7.278911564625850650e-01 1.000000000000000000e+00 8.425196850393700254e-01 9.000000000000000222e-01
5.476190476190476719e-01 3.571428571428571230e-02 9.345794392523363789e-03 1.481481481481481191e-02 4.324803838272777146e-01
8.422712933753943032e-01 6.815286624203821253e-01 1.000000000000000000e+00 8.106060606060605522e-01 8.809523809523809312e-01
5.031446540880503138e-01 0.000000000000000000e+00 0.000000000000000000e+00 0.000000000000000000e+00 3.791469194312796498e-01
8.422712933753943032e-01 6.815286624203821253e-01 1.000000000000000000e+00 8.106060606060605522e-01 8.809523809523809312e-01
8.782894736842105088e-01 7.430555555555555802e-01 1.000000000000000000e+00 8.525896414342629681e-01 9.060913705583756306e-01
