5.210355987055016458e-01 2.325581395348837177e-02 9.345794392523363789e-03 1.333333333333333245e-02 4.007125011566576855e-01
8.369905956112853040e-01 6.729559748427672572e-01 1.000000000000000000e+00 8.045112781954886216e-01 8.773584905660377631e-01
6.798679867986798797e-01 5.609756097560976151e-01 4.299065420560747586e-01 4.867724867724867455e-01 6.231165363341598651e-01
5.210355987055016458e-01 2.325581395348837177e-02 9.345794392523363789e-03 1.333333333333333245e-02 4.007125011566576855e-01
5.313531353135313440e-01 2.702702702702702853e-02 9.345794392523363789e-03 1.388888888888888638e-02 4.128361625023840853e-01
5.656565656565656353e-01 2.105263157894736725e-01 7.476635514018691031e-02 1.103448275862068950e-01 4.584358091490408071e-01
6.433121019108279937e-01 4.719101123595505487e-01 3.925233644859812965e-01 4.285714285714285476e-01 5.827351121946815482e-01
5.210355987055016458e-01 2.325581395348837177e-02 9.345794392523363789e-03 1.333333333333333245e-02 4.007125011566576855e-01
8.612903225806451957e-01 7.133333333333333748e-01 1.000000000000000000e+00 8.326848249027237747e-01 8.940886699507389901e-01
8.557692307692307265e-01 7.039473684210526550e-01 1.000000000000000000e+00 8.262548262548262690e-01 8.902439024390244038e-01
6.372549019607842702e-01 4.729729729729729715e-01 3.271028037383177378e-01 3.867403314917127188e-01 5.655614521204151979e-01
9.041095890410958402e-01 8.062015503875968880e-01 9.719626168224299034e-01 8.813559322033898136e-01 9.184137408436475747e-01
5.031446540880503138e-01 0.000000000000000000e+00 0.000000000000000000e+00 0.000000000000000000e+00 3.791469194312796498e-01
5.244299674267101086e-01 2.439024390243902524e-02 9.345794392523363789e-03 1.351351351351351079e-02 4.046728971962616495e-01
8.317757009345794206e-01 6.645962732919254989e-01 1.000000000000000000e+00 7.985074626865671377e-01 8.738317757009346209e-01
5.445859872611464869e-01 1.896551724137930939e-01 1.028037383177570069e-01 1.333333333333333315e-01 4.378752991105692716e-01
5.031446540880503138e-01 0.000000000000000000e+00 0.000000000000000000e+00 0.000000000000000000e+00 3.791469194312796498e-01
8.503184713375796511e-01 6.948051948051947591e-01 1.000000000000000000e+00 8.199233716475095024e-01 8.864734299516907612e-01
5.031446540880503138e-01 0.000000000000000000e+00 0.000000000000000000e+00 0.000000000000000000e+00 3.791469194312796498e-01
8.697068403908795320e-01 7.278911564625850650e-01 1.000000000000000000e+00 8.425196850393700254e-01 9.000000000000000222e-01
8.811881188118811936e-01 7.482517482517482277e-01 1.000000000000000000e+00 8.559999999999999831e-01 9.081632653061224580e-01
5.031446540880503138e-01 0.000000000000000000e+00 0.000000000000000000e+00 0.000000000000000000e+00 3.791469194312796498e-01
5.031446540880503138e-01 0.000000000000000000e+00 0.000000000000000000e+00 0.000000000000000000e+00 3.791469194312796498e-01
8.557692307692307265e-01 7.039473684210526550e-01 1.000000000000000000e+00 8.262548262548262690e-01 8.902439024390244038e-01
5.244299674267101086e-01 2.439024390243902524e-02 9.345794392523363789e-03 1.351351351351351079e-02 4.046728971962616495e-01
8.317757009345794206e-01 6.645962732919254989e-01 1.000000000000000000e+00 7.985074626865671377e-01 8.738317757009346209e-01
5.127388535031847105e-01 2.083333333333333218e-02 9.345794392523363789e-03 1.290322580645161289e-02 3.911463271479524439e-01
5.031446540880503138e-01 0.000000000000000000e+00 0.000000000000000000e+00 0.000000000000000000e+00 3.791469194312796498e-01
5.031446540880503138e-01 0.000000000000000000e+00 0.000000000000000000e+00 0.000000000000000000e+00 3.791469194312796498e-01
5.669014084507042472e-01 5.555555555555555247e-02 9.345794392523363789e-03 1.600000000000000033e-02 4.566502983262051285e-01
5.127388535031847105e-01 2.083333333333333218e-02 9.345794392523363789e-03 1.290322580645161289e-02 3.911463271479524439e-01
5.313531353135313440e-01 2.702702702702702853e-02 9.345794392523363789e-03 1.388888888888888638e-02 4.128361625023840853e-01
8.557692307692307265e-01 7.039473684210526550e-01 1.000000000000000000e+00 8.262548262548262690e-01 8.902439024390244038e-01
8.612903225806451957e-01 7.133333333333333748e-01 1.000000000000000000e+00 8.326848249027237747e-01 8.940886699507389901e-01
5.671140939597315578e-01 2.250000000000000056e-01 8.411214953271027583e-02 1.224489795918367319e-01 4.609042423056221027e-01
5.031446540880503138e-01 0.000000000000000000e+00 0.000000000000000000e+00 0.000000000000000000e+00 3.791469194312796498e-01
5.278688524590163800e-01 2.564102564102564014e-02 9.345794392523363789e-03 1.369863013698630061e-02 4.087133012366656604e-01
