8.561872909698996503e-01 8.333333333333333703e-01 7.476635514018691309e-01 7.881773399014777581e-01 8.321651090342678803e-01
9.339622641509434109e-01 8.359375000000000000e-01 1.000000000000000000e+00 9.106382978723404076e-01 9.502369668246445356e-01
9.290322580645161699e-01 8.294573643410853014e-01 1.000000000000000000e+00 9.067796610169490679e-01 9.458128078817734652e-01
9.223602484472049889e-01 8.106060606060605522e-01 1.000000000000000000e+00 8.953974895397489586e-01 9.418604651162790775e-01
5.890410958904109817e-01 0.000000000000000000e+00 0.000000000000000000e+00 0.000000000000000000e+00 4.648648648648648907e-01
9.392971246006389663e-01 8.492063492063491870e-01 1.000000000000000000e+00 9.184549356223175032e-01 9.538834951456310884e-01
5.825242718446601575e-01 0.000000000000000000e+00 0.000000000000000000e+00 0.000000000000000000e+00 4.455445544554455517e-01
8.365384615384615641e-01 8.111111111111111160e-01 6.822429906542055722e-01 7.411167512690354231e-01 7.996580806929565188e-01
4.342105263157894912e-01 0.000000000000000000e+00 0.000000000000000000e+00 0.000000000000000000e+00 4.090909090909090606e-01
9.223602484472049889e-01 8.106060606060605522e-01 1.000000000000000000e+00 8.953974895397489586e-01 9.418604651162790775e-01
6.245733788395904096e-01 4.482758620689655249e-01 1.214953271028037379e-01 1.911764705882353088e-01 5.177369108632298156e-01
5.289855072463768293e-01 0.000000000000000000e+00 0.000000000000000000e+00 0.000000000000000000e+00 4.319526627218934767e-01
9.428571428571428381e-01 8.559999999999999831e-01 1.000000000000000000e+00 9.224137931034482873e-01 9.567307692307691624e-01
5.773195876288659267e-01 0.000000000000000000e+00 0.000000000000000000e+00 0.000000000000000000e+00 4.565217391304348116e-01
5.958904109589041598e-01 2.962962962962962798e-01 7.476635514018691031e-02 1.194029850746268634e-01 4.860318262187420801e-01
5.517241379310344751e-01 0.000000000000000000e+00 0.000000000000000000e+00 0.000000000000000000e+00 4.371584699453551770e-01
8.110749185667752714e-01 7.692307692307692735e-01 6.542056074766354756e-01 7.070707070707070718e-01 7.746028037383176912e-01
9.223602484472049889e-01 8.106060606060605522e-01 1.000000000000000000e+00 8.953974895397489586e-01 9.418604651162790775e-01
9.303797468354430000e-01 8.294573643410853014e-01 1.000000000000000000e+00 9.067796610169490679e-01 9.473684210526316374e-01
5.563380281690141205e-01 0.000000000000000000e+00 0.000000000000000000e+00 0.000000000000000000e+00 4.463276836158192040e-01
9.223602484472049889e-01 8.106060606060605522e-01 1.000000000000000000e+00 8.953974895397489586e-01 9.418604651162790775e-01
6.079734219269102846e-01 3.103448275862069061e-01 8.411214953271027583e-02 1.323529411764705899e-01 4.905096830137777864e-01
5.494880546075084915e-01 0.000000000000000000e+00 0.000000000000000000e+00 0.000000000000000000e+00 4.327956989247311870e-01
5.838926174496644750e-01 0.000000000000000000e+00 0.000000000000000000e+00 0.000000000000000000e+00 4.554973821989528604e-01
5.773195876288659267e-01 0.000000000000000000e+00 0.000000000000000000e+00 0.000000000000000000e+00 4.565217391304348116e-01
5.958904109589041598e-01 2.962962962962962798e-01 7.476635514018691031e-02 1.194029850746268634e-01 4.860318262187420801e-01
6.357615894039735371e-01 4.571428571428571286e-01 1.495327102803738206e-01 2.253521126760563154e-01 5.260484064222382683e-01
9.599999999999999645e-01 9.130434782608695121e-01 9.813084112149532690e-01 9.459459459459459429e-01 9.647474698561813167e-01
5.789473684210526550e-01 2.399999999999999911e-01 5.607476635514018620e-02 9.090909090909091161e-02 4.746665966607161447e-01
6.151079136690646987e-01 5.000000000000000000e-01 1.214953271028037379e-01 1.954887218045112673e-01 5.227359676449691017e-01
8.382838283828383252e-01 7.959183673469387710e-01 7.289719626168223998e-01 7.609756097560974597e-01 8.134655731451458927e-01
9.480519480519480346e-01 8.699186991869918284e-01 1.000000000000000000e+00 9.304347826086956097e-01 9.601990049751244483e-01
4.674796747967479571e-01 0.000000000000000000e+00 0.000000000000000000e+00 0.000000000000000000e+00 4.136690647482014205e-01
6.241610738255033430e-01 4.285714285714285476e-01 1.401869158878504551e-01 2.112676056338028130e-01 5.177374370015167537e-01
9.223602484472049889e-01 8.106060606060605522e-01 1.000000000000000000e+00 8.953974895397489586e-01 9.418604651162790775e-01
9.223602484472049889e-01 8.106060606060605522e-01 1.000000000000000000e+00 8.953974895397489586e-01 9.418604651162790775e-01
6.965517241379309832e-01 6.938775510204081565e-01 3.177570093457943723e-01 4.358974358974359031e-01 6.178948981155202302e-01
