9.281249999999999778e-01 8.230769230769230393e-01 1.000000000000000000e+00 9.029535864978902593e-01 9.460093896713615003e-01
6.250000000000000000e-01 4.799999999999999822e-01 1.121495327102803724e-01 1.818181818181818232e-01 5.201631641451954779e-01
9.223602484472049889e-01 8.106060606060605522e-01 1.000000000000000000e+00 8.953974895397489586e-01 9.418604651162790775e-01
4.961832061068702227e-01 0.000000000000000000e+00 0.000000000000000000e+00 0.000000000000000000e+00 4.193548387096774355e-01
5.500000000000000444e-01 0.000000000000000000e+00 0.000000000000000000e+00 0.000000000000000000e+00 4.450867052023121384e-01
9.548387096774193505e-01 8.842975206611570771e-01 1.000000000000000000e+00 9.385964912280702066e-01 9.655172413793102759e-01
5.544217687074829426e-01 0.000000000000000000e+00 0.000000000000000000e+00 0.000000000000000000e+00 4.358288770053475591e-01
5.906040268456376197e-01 1.052631578947368363e-01 1.869158878504672758e-02 3.174603174603174427e-02 4.648431765914762259e-01
6.936026936026935541e-01 6.904761904761904656e-01 2.710280373831775447e-01 3.892617449664429463e-01 6.013034923757992756e-01
5.933333333333333792e-01 0.000000000000000000e+00 0.000000000000000000e+00 0.000000000000000000e+00 4.611398963730569678e-01
6.220735785953177555e-01 3.750000000000000000e-01 8.411214953271027583e-02 1.374045801526717347e-01 5.029935747663550893e-01
5.418181818181818654e-01 0.000000000000000000e+00 0.000000000000000000e+00 0.000000000000000000e+00 4.434523809523809312e-01
9.339622641509434109e-01 8.359375000000000000e-01 1.000000000000000000e+00 9.106382978723404076e-01 9.502369668246445356e-01
9.310344827586206629e-01 8.294573643410853014e-01 1.000000000000000000e+00 9.067796610169490679e-01 9.481132075471698784e-01
5.330882352941176405e-01 0.000000000000000000e+00 0.000000000000000000e+00 0.000000000000000000e+00 4.393939393939393923e-01
8.640776699029125707e-01 8.095238095238095344e-01 7.943925233644859585e-01 8.018867924528301216e-01 8.476913111871934303e-01
9.310344827586206629e-01 8.294573643410853014e-01 1.000000000000000000e+00 9.067796610169490679e-01 9.481132075471698784e-01
6.786885245901639330e-01 6.153846153846154188e-01 2.242990654205607448e-01 3.287671232876712701e-01 5.742707448314924301e-01
9.223602484472049889e-01 8.106060606060605522e-01 1.000000000000000000e+00 8.953974895397489586e-01 9.418604651162790775e-01
9.223602484472049889e-01 8.106060606060605522e-01 1.000000000000000000e+00 8.953974895397489586e-01 9.418604651162790775e-01
6.250000000000000000e-01 3.599999999999999867e-01 8.411214953271027583e-02 1.363636363636363535e-01 5.014469377105175152e-01
5.524475524475523924e-01 0.000000000000000000e+00 0.000000000000000000e+00 0.000000000000000000e+00 4.413407821229050065e-01
9.339622641509434109e-01 8.359375000000000000e-01 1.000000000000000000e+00 9.106382978723404076e-01 9.502369668246445356e-01
9.426751592356688025e-01 8.559999999999999831e-01 1.000000000000000000e+00 9.224137931034482873e-01 9.565217391304348116e-01
9.310344827586206629e-01 8.294573643410853014e-01 1.000000000000000000e+00 9.067796610169490679e-01 9.481132075471698784e-01
5.330882352941176405e-01 0.000000000000000000e+00 0.000000000000000000e+00 0.000000000000000000e+00 4.393939393939393923e-01
4.795081967213114527e-01 0.000000000000000000e+00 0.000000000000000000e+00 0.000000000000000000e+00 4.270072992700729708e-01
9.223602484472049889e-01 8.106060606060605522e-01 1.000000000000000000e+00 8.953974895397489586e-01 9.418604651162790775e-01
4.055299539170507117e-01 0.000000000000000000e+00 0.000000000000000000e+00 0.000000000000000000e+00 4.000000000000000222e-01
6.254071661237784463e-01 3.947368421052631637e-01 1.401869158878504551e-01 2.068965517241379004e-01 5.125934579439251904e-01
9.252336448598130758e-01 8.167938931297710203e-01 1.000000000000000000e+00 8.991596638655461327e-01 9.439252336448598069e-01
9.223602484472049889e-01 8.106060606060605522e-01 1.000000000000000000e+00 8.953974895397489586e-01 9.418604651162790775e-01
5.061728395061728669e-01 0.000000000000000000e+00 0.000000000000000000e+00 0.000000000000000000e+00 4.522058823529411797e-01
9.223602484472049889e-01 8.106060606060605522e-01 1.000000000000000000e+00 8.953974895397489586e-01 9.418604651162790775e-01
5.328467153284671687e-01 0.000000000000000000e+00 0.000000000000000000e+00 0.000000000000000000e+00 4.371257485029940160e-01
9.308176100628930971e-01 8.294573643410853014e-01 1.000000000000000000e+00 9.067796610169490679e-01 9.478672985781990690e-01
9.223602484472049889e-01 8.106060606060605522e-01 1.000000000000000000e+00 8.953974895397489586e-01 9.418604651162790775e-01
