5.222672064777328371e-01 2.800000000000000266e-01 6.542056074766354479e-02 1.060606060606060497e-01 4.684245660881174445e-01
5.600000000000000533e-01 0.000000000000000000e+00 0.000000000000000000e+00 0.000000000000000000e+00 4.583333333333333148e-01
5.593220338983050377e-01 7.407407407407406996e-02 1.869158878504672758e-02 2.985074626865671585e-02 4.428564326903957071e-01
5.360000000000000320e-01 0.000000000000000000e+00 0.000000000000000000e+00 0.000000000000000000e+00 4.685314685314685423e-01
7.180327868852458550e-01 6.981132075471697673e-01 3.457943925233644689e-01 4.624999999999999667e-01 6.324931558576418755e-01
4.767932489451476852e-01 0.000000000000000000e+00 0.000000000000000000e+00 0.000000000000000000e+00 4.346153846153846256e-01
5.985915492957746276e-01 3.157894736842105088e-01 5.607476635514018620e-02 9.523809523809524669e-02 4.913142193357621923e-01
5.464285714285713746e-01 0.000000000000000000e+00 0.000000000000000000e+00 0.000000000000000000e+00 4.421965317919075433e-01
5.833333333333333703e-01 0.000000000000000000e+00 0.000000000000000000e+00 0.000000000000000000e+00 4.533678756476683946e-01
5.708502024291497445e-01 5.185185185185184897e-01 1.308411214953270896e-01 2.089552238805970075e-01 5.189919893190920730e-01
4.628099173553719137e-01 0.000000000000000000e+00 0.000000000000000000e+00 0.000000000000000000e+00 4.148148148148148029e-01
9.305993690851734890e-01 8.294573643410853014e-01 1.000000000000000000e+00 9.067796610169490679e-01 9.476190476190476941e-01
7.236363636363636331e-01 8.297872340425531679e-01 3.644859813084111999e-01 5.064935064935064402e-01 6.584334668446817362e-01
5.056179775280899014e-01 0.000000000000000000e+00 0.000000000000000000e+00 0.000000000000000000e+00 4.218750000000000000e-01
9.223602484472049889e-01 8.106060606060605522e-01 1.000000000000000000e+00 8.953974895397489586e-01 9.418604651162790775e-01
6.208053691275168262e-01 3.636363636363636465e-01 7.476635514018691031e-02 1.240310077519379689e-01 5.007339629104076151e-01
5.435540069686410902e-01 0.000000000000000000e+00 0.000000000000000000e+00 0.000000000000000000e+00 4.333333333333333481e-01
5.183823529411765163e-01 0.000000000000000000e+00 0.000000000000000000e+00 0.000000000000000000e+00 4.272727272727272485e-01
5.813148788927335886e-01 0.000000000000000000e+00 0.000000000000000000e+00 0.000000000000000000e+00 4.615384615384615641e-01
5.523465703971118801e-01 0.000000000000000000e+00 0.000000000000000000e+00 0.000000000000000000e+00 4.500000000000000111e-01
7.814569536423841001e-01 7.971014492753623060e-01 5.140186915887849928e-01 6.250000000000000000e-01 7.211119098969566155e-01
4.634146341463414864e-01 0.000000000000000000e+00 0.000000000000000000e+00 0.000000000000000000e+00 4.100719424460431695e-01
4.324324324324324564e-01 0.000000000000000000e+00 0.000000000000000000e+00 0.000000000000000000e+00 4.173913043478261198e-01
9.369085173501576769e-01 8.425196850393700254e-01 1.000000000000000000e+00 9.145299145299145005e-01 9.523809523809523281e-01
5.056179775280899014e-01 0.000000000000000000e+00 0.000000000000000000e+00 0.000000000000000000e+00 4.218750000000000000e-01
9.223602484472049889e-01 8.106060606060605522e-01 1.000000000000000000e+00 8.953974895397489586e-01 9.418604651162790775e-01
8.223684210526315264e-01 7.789473684210526105e-01 6.915887850467289377e-01 7.326732673267325469e-01 7.924949001375776181e-01
5.426356589147286469e-01 3.225806451612903136e-01 9.345794392523364136e-02 1.449275362318840354e-01 4.771925481215572029e-01
5.744680851063830307e-01 0.000000000000000000e+00 0.000000000000000000e+00 0.000000000000000000e+00 4.628571428571428559e-01
5.481481481481481621e-01 0.000000000000000000e+00 0.000000000000000000e+00 0.000000000000000000e+00 4.539877300613496813e-01
4.635193133047210146e-01 0.000000000000000000e+00 0.000000000000000000e+00 0.000000000000000000e+00 4.285714285714286031e-01
7.526501766784452485e-01 7.605633802816901268e-01 5.046728971962616273e-01 6.067415730337077928e-01 7.040409940526761723e-01
5.330882352941176405e-01 0.000000000000000000e+00 0.000000000000000000e+00 0.000000000000000000e+00 4.393939393939393923e-01
8.173076923076922906e-01 7.906976744186046124e-01 6.355140186915887446e-01 7.046632124352331106e-01 7.738545703214041449e-01
9.589041095890410427e-01 8.991596638655462437e-01 1.000000000000000000e+00 9.469026548672566657e-01 9.675675675675675658e-01
4.677419354838709409e-01 0.000000000000000000e+00 0.000000000000000000e+00 0.000000000000000000e+00 4.113475177304964370e-01
9.367088607594936667e-01 8.425196850393700254e-01 1.000000000000000000e+00 9.145299145299145005e-01 9.521531100478468623e-01
