5.666666666666666519e-01 7.407407407407406996e-02 1.869158878504672758e-02 2.985074626865671585e-02 4.445789550142850155e-01
5.743243243243243423e-01 8.695652173913043237e-02 1.869158878504672758e-02 3.076923076923076400e-02 4.537902388369677853e-01
6.035714285714285365e-01 1.666666666666666574e-01 9.345794392523363789e-03 1.769911504424778390e-02 4.902220301442384853e-01
8.928571428571429047e-01 7.642857142857142350e-01 1.000000000000000000e+00 8.663967611336031993e-01 9.179104477611940149e-01
9.046052631578946901e-01 7.867647058823529216e-01 1.000000000000000000e+00 8.806584362139917577e-01 9.263959390862943621e-01
6.363636363636363535e-01 4.883720930232557933e-01 1.962616822429906482e-01 2.799999999999999711e-01 5.402361042793900614e-01
8.785942492012779326e-01 7.379310344827586521e-01 1.000000000000000000e+00 8.492063492063492980e-01 9.077669902912620659e-01
5.966666666666666785e-01 3.055555555555555802e-01 1.028037383177570069e-01 1.538461538461538269e-01 4.866350297806401048e-01
5.588235294117647189e-01 8.823529411764706454e-02 2.803738317757009310e-02 4.255319148936170109e-02 4.361292443526040841e-01
8.957654723127035368e-01 7.697841726618704916e-01 1.000000000000000000e+00 8.699186991869918284e-01 9.199999999999999289e-01
5.504885993485342244e-01 3.030303030303030387e-02 9.345794392523363789e-03 1.428571428571428353e-02 4.246728971962616117e-01
6.599326599326599263e-01 5.600000000000000533e-01 2.616822429906541791e-01 3.566878980891719508e-01 5.729463846532218962e-01
5.416666666666666297e-01 2.631578947368420907e-02 9.345794392523363789e-03 1.379310344827586188e-02 4.144289947572372679e-01
7.965517241379310720e-01 8.076923076923077094e-01 5.887850467289719170e-01 6.810810810810810079e-01 7.534089168071089748e-01
8.730158730158730229e-01 7.278911564625850650e-01 1.000000000000000000e+00 8.425196850393700254e-01 9.038461538461538547e-01
5.929824561403508332e-01 9.090909090909091161e-02 9.345794392523363789e-03 1.694915254237287783e-02 4.765830095558121760e-01
8.620689655172413257e-01 7.086092715231787631e-01 1.000000000000000000e+00 8.294573643410853014e-01 8.962264150943396457e-01
9.075907590759075827e-01 7.925925925925926263e-01 1.000000000000000000e+00 8.842975206611569661e-01 9.285714285714286031e-01
5.596026490066224879e-01 3.571428571428571230e-02 9.345794392523363789e-03 1.481481481481481191e-02 4.354421279654924204e-01
6.046511627906976383e-01 3.499999999999999778e-01 1.308411214953270896e-01 1.904761904761904656e-01 4.984102514693130592e-01
8.899676375404530493e-01 7.588652482269503396e-01 1.000000000000000000e+00 8.629032258064516236e-01 9.158415841584157668e-01
9.016393442622950838e-01 7.810218978102190235e-01 1.000000000000000000e+00 8.770491803278688270e-01 9.242424242424243097e-01
5.501618122977346426e-01 5.555555555555555247e-02 1.869158878504672758e-02 2.797202797202797200e-02 4.251873785509391879e-01
5.451612903225806495e-01 2.777777777777777624e-02 9.345794392523363789e-03 1.398601398601398600e-02 4.184660006445374836e-01
7.965517241379310720e-01 8.076923076923077094e-01 5.887850467289719170e-01 6.810810810810810079e-01 7.534089168071089748e-01
8.730158730158730229e-01 7.278911564625850650e-01 1.000000000000000000e+00 8.425196850393700254e-01 9.038461538461538547e-01
5.841924398625429893e-01 1.111111111111111049e-01 1.869158878504672758e-02 3.200000000000000067e-02 4.658675335229581771e-01
6.433566433566433318e-01 5.925925925925925597e-01 1.495327102803738206e-01 2.388059701492537268e-01 5.440400981569466499e-01
5.979020979020979176e-01 2.142857142857142738e-01 2.803738317757009310e-02 4.958677685950412667e-02 4.832924346055447740e-01
5.504885993485342244e-01 3.030303030303030387e-02 9.345794392523363789e-03 1.428571428571428353e-02 4.246728971962616117e-01
6.175438596491228394e-01 4.444444444444444198e-01 7.476635514018691031e-02 1.280000000000000027e-01 5.092932899296439553e-01
8.928571428571429047e-01 7.642857142857142350e-01 1.000000000000000000e+00 8.663967611336031993e-01 9.179104477611940149e-01
5.333333333333333259e-01 0.000000000000000000e+00 0.000000000000000000e+00 0.000000000000000000e+00 4.038461538461538547e-01
9.105960264900662127e-01 7.985074626865671377e-01 1.000000000000000000e+00 8.879668049792530660e-01 9.307692307692307931e-01
8.757961783439490722e-01 7.328767123287671659e-01 1.000000000000000000e+00 8.458498023715415037e-01 9.057971014492753881e-01
8.757961783439490722e-01 7.328767123287671659e-01 1.000000000000000000e+00 8.458498023715415037e-01 9.057971014492753881e-01
5.827814569536423628e-01 2.285714285714285643e-01 7.476635514018691031e-02 1.126760563380281577e-01 4.681524083393242552e-01
