8.842443729903537442e-01 7.482517482517482277e-01 1.000000000000000000e+00 8.559999999999999831e-01 9.117647058823529216e-01
6.115107913669064477e-01 4.000000000000000222e-01 1.869158878504672758e-02 3.571428571428571230e-02 5.005738645679619347e-01
8.957654723127035368e-01 7.697841726618704916e-01 1.000000000000000000e+00 8.699186991869918284e-01 9.199999999999999289e-01
5.551948051948052409e-01 8.333333333333332871e-02 2.803738317757009310e-02 4.195804195804195280e-02 4.319291393499790632e-01
5.577557755775577331e-01 3.448275862068965469e-02 9.345794392523363789e-03 1.470588235294117453e-02 4.332443257676902304e-01
5.577557755775577331e-01 3.448275862068965469e-02 9.345794392523363789e-03 1.470588235294117453e-02 4.332443257676902304e-01
5.886287625418060721e-01 2.500000000000000000e-01 7.476635514018691031e-02 1.151079136690647403e-01 4.748831775700934621e-01
5.807560137457045135e-01 5.882352941176470507e-02 9.345794392523363789e-03 1.612903225806451221e-02 4.611946363266964388e-01
5.748299319727890877e-01 5.000000000000000278e-02 9.345794392523363789e-03 1.574803149606298844e-02 4.538707581588284912e-01
6.193771626297578381e-01 4.400000000000000022e-01 1.028037383177570069e-01 1.666666666666666852e-01 5.129403306973400190e-01
5.333333333333333259e-01 0.000000000000000000e+00 0.000000000000000000e+00 0.000000000000000000e+00 4.038461538461538547e-01
5.333333333333333259e-01 0.000000000000000000e+00 0.000000000000000000e+00 0.000000000000000000e+00 4.038461538461538547e-01
8.899676375404530493e-01 7.588652482269503396e-01 1.000000000000000000e+00 8.629032258064516236e-01 9.158415841584157668e-01
8.986928104575163667e-01 7.753623188405797118e-01 1.000000000000000000e+00 8.734693877551020780e-01 9.221105527638191468e-01
5.333333333333333259e-01 0.000000000000000000e+00 0.000000000000000000e+00 0.000000000000000000e+00 4.038461538461538547e-01
8.957654723127035368e-01 7.697841726618704916e-01 1.000000000000000000e+00 8.699186991869918284e-01 9.199999999999999289e-01
8.842443729903537442e-01 7.482517482517482277e-01 1.000000000000000000e+00 8.559999999999999831e-01 9.117647058823529216e-01
5.333333333333333259e-01 0.000000000000000000e+00 0.000000000000000000e+00 0.000000000000000000e+00 4.038461538461538547e-01
8.899676375404530493e-01 7.588652482269503396e-01 1.000000000000000000e+00 8.629032258064516236e-01 9.158415841584157668e-01
5.709459459459459429e-01 4.545454545454545581e-02 9.345794392523363789e-03 1.550387596899224611e-02 4.491173416407060470e-01
8.702531645569620000e-01 7.229729729729730270e-01 1.000000000000000000e+00 8.392156862745098200e-01 9.019138755980861122e-01
5.821917808219178037e-01 1.052631578947368363e-01 1.869158878504672758e-02 3.174603174603174427e-02 4.633998484465774448e-01
5.748299319727890877e-01 5.000000000000000278e-02 9.345794392523363789e-03 1.574803149606298844e-02 4.538707581588284912e-01
6.366666666666667140e-01 4.791666666666666852e-01 2.149532710280373793e-01 2.967741935483871329e-01 5.427097961357802980e-01
8.986928104575163667e-01 7.753623188405797118e-01 1.000000000000000000e+00 8.734693877551020780e-01 9.221105527638191468e-01
5.333333333333333259e-01 0.000000000000000000e+00 0.000000000000000000e+00 0.000000000000000000e+00 4.038461538461538547e-01
5.945945945945946276e-01 2.758620689655172376e-01 7.476635514018691031e-02 1.176470588235293963e-01 4.818276220145378819e-01
8.366666666666666696e-01 7.685185185185184897e-01 7.757009345794392274e-01 7.720930232558138595e-01 8.230836279114812637e-01
5.333333333333333259e-01 0.000000000000000000e+00 0.000000000000000000e+00 0.000000000000000000e+00 4.038461538461538547e-01
8.957654723127035368e-01 7.697841726618704916e-01 1.000000000000000000e+00 8.699186991869918284e-01 9.199999999999999289e-01
5.596026490066224879e-01 3.571428571428571230e-02 9.345794392523363789e-03 1.481481481481481191e-02 4.354421279654924204e-01
8.870967741935483764e-01 7.535211267605633756e-01 1.000000000000000000e+00 8.594377510040159818e-01 9.137931034482758008e-01
5.614617940199335688e-01 3.703703703703703498e-02 9.345794392523363789e-03 1.492537313432835792e-02 4.376625879179111278e-01
9.046052631578946901e-01 7.867647058823529216e-01 1.000000000000000000e+00 8.806584362139917577e-01 9.263959390862943621e-01
5.966101694915254550e-01 2.857142857142856984e-01 7.476635514018691031e-02 1.185185185185184953e-01 4.841916882083913132e-01
8.620689655172413257e-01 7.086092715231787631e-01 1.000000000000000000e+00 8.294573643410853014e-01 8.962264150943396457e-01
9.105960264900662127e-01 7.985074626865671377e-01 1.000000000000000000e+00 8.879668049792530660e-01 9.307692307692307931e-01
