5.728813559322033511e-01 4.761904761904761640e-02 9.345794392523363789e-03 1.562499999999999827e-02 4.514814078345594783e-01
8.702531645569620000e-01 7.229729729729730270e-01 1.000000000000000000e+00 8.392156862745098200e-01 9.019138755980861122e-01
5.787671232876712146e-01 5.555555555555555247e-02 9.345794392523363789e-03 1.600000000000000033e-02 4.587269512503157065e-01
7.724358974358974672e-01 6.636363636363636909e-01 6.822429906542055722e-01 6.728110599078340748e-01 7.508775928880784267e-01
5.333333333333333259e-01 0.000000000000000000e+00 0.000000000000000000e+00 0.000000000000000000e+00 4.038461538461538547e-01
6.443661971830986213e-01 6.250000000000000000e-01 1.401869158878504551e-01 2.290076335877862523e-01 5.446697291303658206e-01
8.842443729903537442e-01 7.482517482517482277e-01 1.000000000000000000e+00 8.559999999999999831e-01 9.117647058823529216e-01
5.767918088737201687e-01 5.263157894736841813e-02 9.345794392523363789e-03 1.587301587301587213e-02 4.562858004220680663e-01
8.757961783439490722e-01 7.328767123287671659e-01 1.000000000000000000e+00 8.458498023715415037e-01 9.057971014492753881e-01
6.166666666666666963e-01 4.047619047619047672e-01 1.588785046728971861e-01 2.281879194630872520e-01 5.146724129582102014e-01
8.843537414965986221e-01 8.288288288288288008e-01 8.598130841121495171e-01 8.440366972477063578e-01 8.791044030186416780e-01
8.243243243243243423e-01 7.835051546391752497e-01 7.102803738317756688e-01 7.450980392156861809e-01 7.995846313603323097e-01
5.577557755775577331e-01 3.448275862068965469e-02 9.345794392523363789e-03 1.470588235294117453e-02 4.332443257676902304e-01
6.989966555183946273e-01 6.307692307692307487e-01 3.831775700934579310e-01 4.767441860465116421e-01 6.290887850467289377e-01
8.702531645569620000e-01 7.229729729729730270e-01 1.000000000000000000e+00 8.392156862745098200e-01 9.019138755980861122e-01
5.610561056105610733e-01 6.666666666666666574e-02 1.869158878504672758e-02 2.919708029197079849e-02 4.379172229639519687e-01
5.540983606557376984e-01 3.225806451612903136e-02 9.345794392523363789e-03 1.449275362318840250e-02 4.289153214386859370e-01
5.504885993485342244e-01 3.030303030303030387e-02 9.345794392523363789e-03 1.428571428571428353e-02 4.246728971962616117e-01
5.577557755775577331e-01 3.448275862068965469e-02 9.345794392523363789e-03 1.470588235294117453e-02 4.332443257676902304e-01
8.870967741935483764e-01 7.535211267605633756e-01 1.000000000000000000e+00 8.594377510040159818e-01 9.137931034482758008e-01
8.899676375404530493e-01 7.588652482269503396e-01 1.000000000000000000e+00 8.629032258064516236e-01 9.158415841584157668e-01
6.088435374149659962e-01 3.666666666666666408e-01 1.028037383177570069e-01 1.605839416058394142e-01 5.005997301214453188e-01
5.614617940199335688e-01 3.703703703703703498e-02 9.345794392523363789e-03 1.492537313432835792e-02 4.376625879179111278e-01
8.533333333333333881e-01 7.787610619469026441e-01 8.224299065420560551e-01 7.999999999999999334e-01 8.464481138927897330e-01
6.989966555183946273e-01 6.307692307692307487e-01 3.831775700934579310e-01 4.767441860465116421e-01 6.290887850467289377e-01
8.702531645569620000e-01 7.229729729729730270e-01 1.000000000000000000e+00 8.392156862745098200e-01 9.019138755980861122e-01
5.382165605095541316e-01 2.500000000000000139e-02 9.345794392523363789e-03 1.360544217687074606e-02 4.104699986455370153e-01
5.577557755775577331e-01 3.448275862068965469e-02 9.345794392523363789e-03 1.470588235294117453e-02 4.332443257676902304e-01
5.537459283387622389e-01 5.882352941176470507e-02 1.869158878504672758e-02 2.836879432624113059e-02 4.293457943925233500e-01
5.767918088737201687e-01 5.263157894736841813e-02 9.345794392523363789e-03 1.587301587301587213e-02 4.562858004220680663e-01
5.451612903225806495e-01 2.777777777777777624e-02 9.345794392523363789e-03 1.398601398601398600e-02 4.184660006445374836e-01
5.992907801418440039e-01 1.250000000000000000e-01 9.345794392523363789e-03 1.739130434782608717e-02 4.846728971962616095e-01
9.046052631578946901e-01 7.867647058823529216e-01 1.000000000000000000e+00 8.806584362139917577e-01 9.263959390862943621e-01
5.950704225352112520e-01 1.000000000000000056e-01 9.345794392523363789e-03 1.709401709401709227e-02 4.792491683827023174e-01
6.132404181184668568e-01 4.000000000000000222e-01 7.476635514018691031e-02 1.259842519685039075e-01 5.040498442367601362e-01
5.540983606557376984e-01 3.225806451612903136e-02 9.345794392523363789e-03 1.449275362318840250e-02 4.289153214386859370e-01
5.647840531561462152e-01 7.142857142857142461e-02 1.869158878504672758e-02 2.962962962962962382e-02 4.423354851141728661e-01
