9.558359621451104626e-01 8.842975206611570771e-01 1.000000000000000000e+00 9.385964912280702066e-01 9.666666666666666741e-01
9.409937888198758316e-01 8.492063492063491870e-01 1.000000000000000000e+00 9.184549356223175032e-01 9.558139534883721700e-01
6.463022508038585023e-01 4.400000000000000022e-01 1.028037383177570069e-01 1.666666666666666852e-01 5.170881436686823873e-01
9.409937888198758316e-01 8.492063492063491870e-01 1.000000000000000000e+00 9.184549356223175032e-01 9.558139534883721700e-01
9.617834394904458684e-01 8.991596638655462437e-01 1.000000000000000000e+00 9.469026548672566657e-01 9.710144927536231707e-01
9.439252336448598069e-01 8.559999999999999831e-01 1.000000000000000000e+00 9.224137931034482873e-01 9.579439252336447996e-01
9.409937888198758316e-01 8.492063492063491870e-01 1.000000000000000000e+00 9.184549356223175032e-01 9.558139534883721700e-01
9.409937888198758316e-01 8.492063492063491870e-01 1.000000000000000000e+00 9.184549356223175032e-01 9.558139534883721700e-01
5.753968253968253510e-01 5.000000000000000000e-01 7.476635514018691031e-02 1.300813008130081161e-01 5.097969706735417939e-01
9.409937888198758316e-01 8.492063492063491870e-01 1.000000000000000000e+00 9.184549356223175032e-01 9.558139534883721700e-01
9.052287581699346442e-01 8.979591836734693855e-01 8.224299065420560551e-01 8.585365853658536439e-01 8.860893251303245677e-01
9.588607594936708889e-01 8.916666666666667185e-01 1.000000000000000000e+00 9.427312775330397576e-01 9.688995215311004827e-01
9.409937888198758316e-01 8.492063492063491870e-01 1.000000000000000000e+00 9.184549356223175032e-01 9.558139534883721700e-01
9.409937888198758316e-01 8.492063492063491870e-01 1.000000000000000000e+00 9.184549356223175032e-01 9.558139534883721700e-01
9.409937888198758316e-01 8.492063492063491870e-01 1.000000000000000000e+00 9.184549356223175032e-01 9.558139534883721700e-01
9.409937888198758316e-01 8.492063492063491870e-01 1.000000000000000000e+00 9.184549356223175032e-01 9.558139534883721700e-01
9.409937888198758316e-01 8.492063492063491870e-01 1.000000000000000000e+00 9.184549356223175032e-01 9.558139534883721700e-01
9.406250000000000444e-01 8.492063492063491870e-01 1.000000000000000000e+00 9.184549356223175032e-01 9.553990610328638722e-01
5.992907801418440039e-01 3.636363636363636465e-01 7.476635514018691031e-02 1.240310077519379689e-01 4.973831775700934821e-01
9.409937888198758316e-01 8.492063492063491870e-01 1.000000000000000000e+00 9.184549356223175032e-01 9.558139534883721700e-01
5.770750988142292481e-01 5.000000000000000000e-01 4.672897196261682068e-02 8.547008547008547175e-02 5.062411983100754131e-01
9.409937888198758316e-01 8.492063492063491870e-01 1.000000000000000000e+00 9.184549356223175032e-01 9.558139534883721700e-01
6.073825503355704258e-01 1.428571428571428492e-01 1.869158878504672758e-02 3.305785123966941547e-02 4.779321818270783617e-01
6.410256410256410797e-01 3.809523809523809312e-01 7.476635514018691031e-02 1.249999999999999861e-01 5.056758604969227022e-01
9.409937888198758316e-01 8.492063492063491870e-01 1.000000000000000000e+00 9.184549356223175032e-01 9.558139534883721700e-01
9.409937888198758316e-01 8.492063492063491870e-01 1.000000000000000000e+00 9.184549356223175032e-01 9.558139534883721700e-01
9.528301886792452935e-01 8.770491803278688270e-01 1.000000000000000000e+00 9.344978165938864212e-01 9.644549763033175571e-01
9.409937888198758316e-01 8.492063492063491870e-01 1.000000000000000000e+00 9.184549356223175032e-01 9.558139534883721700e-01
7.246376811594202882e-01 8.444444444444444420e-01 3.551401869158878344e-01 5.000000000000000000e-01 6.568600342863463171e-01
7.387096774193548931e-01 7.600000000000000089e-01 3.551401869158878344e-01 4.840764331210191118e-01 6.480134432116384513e-01
9.528301886792452935e-01 8.770491803278688270e-01 1.000000000000000000e+00 9.344978165938864212e-01 9.644549763033175571e-01
9.468750000000000222e-01 8.629032258064516236e-01 1.000000000000000000e+00 9.264069264069264564e-01 9.600938967136150026e-01
5.893536121673004224e-01 4.814814814814814548e-01 1.214953271028037379e-01 1.940298507462686617e-01 5.158758686796069970e-01
9.409937888198758316e-01 8.492063492063491870e-01 1.000000000000000000e+00 9.184549356223175032e-01 9.558139534883721700e-01
9.409937888198758316e-01 8.492063492063491870e-01 1.000000000000000000e+00 9.184549356223175032e-01 9.558139534883721700e-01
9.439252336448598069e-01 8.559999999999999831e-01 1.000000000000000000e+00 9.224137931034482873e-01 9.579439252336447996e-01
6.384364820846905042e-01 3.888888888888888951e-01 6.542056074766354479e-02 1.119999999999999885e-01 5.052102803738316439e-01
