6.459016393442622572e-01 4.705882352941176405e-01 7.476635514018691031e-02 1.290322580645160977e-01 5.146559048428207550e-01
9.468750000000000222e-01 8.629032258064516236e-01 1.000000000000000000e+00 9.264069264069264564e-01 9.600938967136150026e-01
8.481012658227847778e-01 8.470588235294117530e-01 6.728971962616822067e-01 7.500000000000000000e-01 8.053481196619416416e-01
6.336633663366336711e-01 4.090909090909091161e-01 8.411214953271027583e-02 1.395348837209302306e-01 5.088928094602326313e-01
6.190476190476190688e-01 4.074074074074073848e-01 1.028037383177570069e-01 1.641791044776119424e-01 5.086211204957769016e-01
9.588607594936708889e-01 8.916666666666667185e-01 1.000000000000000000e+00 9.427312775330397576e-01 9.688995215311004827e-01
9.392971246006389663e-01 8.859649122807017330e-01 9.439252336448598069e-01 9.140271493212668297e-01 9.404092187641774903e-01
9.078947368421053099e-01 8.989898989898990056e-01 8.317757009345794206e-01 8.640776699029126817e-01 8.905071398073911570e-01
9.409937888198758316e-01 8.492063492063491870e-01 1.000000000000000000e+00 9.184549356223175032e-01 9.558139534883721700e-01
9.409937888198758316e-01 8.492063492063491870e-01 1.000000000000000000e+00 9.184549356223175032e-01 9.558139534883721700e-01
9.558359621451104626e-01 8.842975206611570771e-01 1.000000000000000000e+00 9.385964912280702066e-01 9.666666666666666741e-01
9.468750000000000222e-01 8.629032258064516236e-01 1.000000000000000000e+00 9.264069264069264564e-01 9.600938967136150026e-01
9.581993569131832533e-01 8.983050847457627608e-01 9.906542056074766345e-01 9.422222222222221832e-01 9.659153380978559023e-01
8.093749999999999556e-01 7.874999999999999778e-01 5.887850467289719170e-01 6.737967914438501849e-01 7.544864200781009611e-01
9.409937888198758316e-01 8.492063492063491870e-01 1.000000000000000000e+00 9.184549356223175032e-01 9.558139534883721700e-01
9.558359621451104626e-01 8.842975206611570771e-01 1.000000000000000000e+00 9.385964912280702066e-01 9.666666666666666741e-01
9.554140127388535131e-01 8.974358974358974672e-01 9.813084112149532690e-01 9.375000000000000000e-01 9.616686983610998052e-01
6.396103896103896291e-01 3.750000000000000000e-01 5.607476635514018620e-02 9.756097560975608707e-02 5.031617612870228351e-01
6.091205211726384849e-01 0.000000000000000000e+00 0.000000000000000000e+00 0.000000000000000000e+00 4.675000000000000266e-01
9.437499999999999778e-01 8.617886178861788871e-01 9.906542056074766345e-01 9.217391304347826164e-01 9.554209995173532644e-01
6.781249999999999778e-01 5.526315789473684736e-01 1.962616822429906482e-01 2.896551724137931272e-01 5.582247378351102851e-01
9.468750000000000222e-01 8.629032258064516236e-01 1.000000000000000000e+00 9.264069264069264564e-01 9.600938967136150026e-01
7.299999999999999822e-01 7.708333333333333703e-01 3.457943925233644689e-01 4.774193548387096753e-01 6.443997869352573460e-01
8.063492063492063711e-01 8.108108108108108558e-01 5.607476635514018204e-01 6.629834254143646133e-01 7.467199856218548204e-01
8.093749999999999556e-01 7.874999999999999778e-01 5.887850467289719170e-01 6.737967914438501849e-01 7.544864200781009611e-01
9.409937888198758316e-01 8.492063492063491870e-01 1.000000000000000000e+00 9.184549356223175032e-01 9.558139534883721700e-01
5.910780669144981569e-01 4.210526315789473450e-01 7.476635514018691031e-02 1.269841269841269771e-01 5.034325602861429161e-01
7.937499999999999556e-01 7.733333333333333171e-01 5.420560747663550893e-01 6.373626373626373187e-01 7.311219340967924918e-01
6.068965517241379226e-01 0.000000000000000000e+00 0.000000000000000000e+00 0.000000000000000000e+00 4.808743169398906891e-01
6.145833333333333703e-01 3.750000000000000000e-01 5.607476635514018620e-02 9.756097560975608707e-02 5.004130737853049737e-01
6.224489795918367596e-01 4.411764705882352811e-01 1.401869158878504551e-01 2.127659574468084847e-01 5.192913189064920498e-01
6.572327044025156884e-01 4.705882352941176405e-01 1.495327102803738206e-01 2.269503546099290447e-01 5.321123267041679705e-01
9.468750000000000222e-01 8.629032258064516236e-01 1.000000000000000000e+00 9.264069264069264564e-01 9.600938967136150026e-01
6.525974025974026205e-01 5.000000000000000000e-01 1.121495327102803724e-01 1.832061068702290074e-01 5.262240200864835016e-01
5.534351145038167719e-01 0.000000000000000000e+00 0.000000000000000000e+00 0.000000000000000000e+00 4.677419354838709964e-01
7.430555555555555802e-01 8.510638297872340496e-01 3.738317757009345654e-01 5.194805194805195425e-01 6.675788712758816690e-01
9.498432601880877346e-01 8.699186991869918284e-01 1.000000000000000000e+00 9.304347826086956097e-01 9.622641509433962348e-01
