9.409937888198758316e-01 8.492063492063491870e-01 1.000000000000000000e+00 9.184549356223175032e-01 9.558139534883721700e-01
9.409937888198758316e-01 8.492063492063491870e-01 1.000000000000000000e+00 9.184549356223175032e-01 9.558139534883721700e-01
9.409937888198758316e-01 8.492063492063491870e-01 1.000000000000000000e+00 9.184549356223175032e-01 9.558139534883721700e-01
9.468750000000000222e-01 8.629032258064516236e-01 1.000000000000000000e+00 9.264069264069264564e-01 9.600938967136150026e-01
9.409937888198758316e-01 8.492063492063491870e-01 1.000000000000000000e+00 9.184549356223175032e-01 9.558139534883721700e-01
9.528301886792452935e-01 8.770491803278688270e-01 1.000000000000000000e+00 9.344978165938864212e-01 9.644549763033175571e-01
6.148648648648649129e-01 0.000000000000000000e+00 0.000000000000000000e+00 0.000000000000000000e+00 4.814814814814815103e-01
6.159169550173010377e-01 3.333333333333333148e-01 3.738317757009345516e-02 6.722689075630251809e-02 4.967135668070247756e-01
9.439252336448598069e-01 8.559999999999999831e-01 1.000000000000000000e+00 9.224137931034482873e-01 9.579439252336447996e-01
9.409937888198758316e-01 8.492063492063491870e-01 1.000000000000000000e+00 9.184549356223175032e-01 9.558139534883721700e-01
9.468750000000000222e-01 8.629032258064516236e-01 1.000000000000000000e+00 9.264069264069264564e-01 9.600938967136150026e-01
9.439252336448598069e-01 8.559999999999999831e-01 1.000000000000000000e+00 9.224137931034482873e-01 9.579439252336447996e-01
9.409937888198758316e-01 8.492063492063491870e-01 1.000000000000000000e+00 9.184549356223175032e-01 9.558139534883721700e-01
9.409937888198758316e-01 8.492063492063491870e-01 1.000000000000000000e+00 9.184549356223175032e-01 9.558139534883721700e-01
8.622950819672131617e-01 8.823529411764705621e-01 7.009345794392523032e-01 7.812500000000000000e-01 8.252147644671008475e-01
9.409937888198758316e-01 8.492063492063491870e-01 1.000000000000000000e+00 9.184549356223175032e-01 9.558139534883721700e-01
9.409937888198758316e-01 8.492063492063491870e-01 1.000000000000000000e+00 9.184549356223175032e-01 9.558139534883721700e-01
9.211356466876972071e-01 8.660714285714286031e-01 9.065420560747663448e-01 8.858447488584474394e-01 9.175567423230974740e-01
9.409937888198758316e-01 8.492063492063491870e-01 1.000000000000000000e+00 9.184549356223175032e-01 9.558139534883721700e-01
9.409937888198758316e-01 8.492063492063491870e-01 1.000000000000000000e+00 9.184549356223175032e-01 9.558139534883721700e-01
9.528301886792452935e-01 8.770491803278688270e-01 1.000000000000000000e+00 9.344978165938864212e-01 9.644549763033175571e-01
9.409937888198758316e-01 8.492063492063491870e-01 1.000000000000000000e+00 9.184549356223175032e-01 9.558139534883721700e-01
9.409937888198758316e-01 8.492063492063491870e-01 1.000000000000000000e+00 9.184549356223175032e-01 9.558139534883721700e-01
9.409937888198758316e-01 8.492063492063491870e-01 1.000000000000000000e+00 9.184549356223175032e-01 9.558139534883721700e-01
9.409937888198758316e-01 8.492063492063491870e-01 1.000000000000000000e+00 9.184549356223175032e-01 9.558139534883721700e-01
8.622950819672131617e-01 8.823529411764705621e-01 7.009345794392523032e-01 7.812500000000000000e-01 8.252147644671008475e-01
7.299035369774919957e-01 7.446808510638297518e-01 3.271028037383177378e-01 4.545454545454544748e-01 6.341396371632764817e-01
9.409937888198758316e-01 8.492063492063491870e-01 1.000000000000000000e+00 9.184549356223175032e-01 9.558139534883721700e-01
9.409937888198758316e-01 8.492063492063491870e-01 1.000000000000000000e+00 9.184549356223175032e-01 9.558139534883721700e-01
9.439252336448598069e-01 8.559999999999999831e-01 1.000000000000000000e+00 9.224137931034482873e-01 9.579439252336447996e-01
7.784810126582278889e-01 7.761194029850746468e-01 4.859813084112149517e-01 5.977011494252872925e-01 7.071054867414926504e-01
8.962264150943396457e-01 8.557692307692307265e-01 8.317757009345794206e-01 8.436018957345972069e-01 8.803428267706072674e-01
9.409937888198758316e-01 8.492063492063491870e-01 1.000000000000000000e+00 9.184549356223175032e-01 9.558139534883721700e-01
9.409937888198758316e-01 8.492063492063491870e-01 1.000000000000000000e+00 9.184549356223175032e-01 9.558139534883721700e-01
9.402515723270440384e-01 8.666666666666666963e-01 9.719626168224299034e-01 9.162995594713656544e-01 9.480666164680870978e-01
9.409937888198758316e-01 8.492063492063491870e-01 1.000000000000000000e+00 9.184549356223175032e-01 9.558139534883721700e-01
9.409937888198758316e-01 8.492063492063491870e-01 1.000000000000000000e+00 9.184549356223175032e-01 9.558139534883721700e-01
