8.416149068322981153e-01 6.772151898734176667e-01 1.000000000000000000e+00 8.075471698113206864e-01 8.813953488372092693e-01
6.386292834890965331e-01 4.505494505494505586e-01 3.831775700934579310e-01 4.141414141414141437e-01 5.747663551401868132e-01
8.575949367088607778e-01 7.039473684210526550e-01 1.000000000000000000e+00 8.262548262548262690e-01 8.923444976076555513e-01
5.093167701863353658e-01 0.000000000000000000e+00 0.000000000000000000e+00 0.000000000000000000e+00 3.813953488372092693e-01
5.093167701863353658e-01 0.000000000000000000e+00 0.000000000000000000e+00 0.000000000000000000e+00 3.813953488372092693e-01
5.155279503105589800e-01 3.773584905660377214e-02 1.869158878504672758e-02 2.499999999999999792e-02 3.907411432297326348e-01
5.093167701863353658e-01 0.000000000000000000e+00 0.000000000000000000e+00 0.000000000000000000e+00 3.813953488372092693e-01
5.290322580645161477e-01 2.439024390243902524e-02 9.345794392523363789e-03 1.351351351351351079e-02 4.061507297085769075e-01
5.691823899371069029e-01 2.656250000000000000e-01 1.588785046728971861e-01 1.988304093567251352e-01 4.680648447535101786e-01
8.416149068322981153e-01 6.772151898734176667e-01 1.000000000000000000e+00 8.075471698113206864e-01 8.813953488372092693e-01
5.093167701863353658e-01 0.000000000000000000e+00 0.000000000000000000e+00 0.000000000000000000e+00 3.813953488372092693e-01
5.093167701863353658e-01 0.000000000000000000e+00 0.000000000000000000e+00 0.000000000000000000e+00 3.813953488372092693e-01
8.495297805642633149e-01 6.903225806451612767e-01 1.000000000000000000e+00 8.167938931297709093e-01 8.867924528301887044e-01
8.416149068322981153e-01 6.772151898734176667e-01 1.000000000000000000e+00 8.075471698113206864e-01 8.813953488372092693e-01
5.093167701863353658e-01 0.000000000000000000e+00 0.000000000000000000e+00 0.000000000000000000e+00 3.813953488372092693e-01
8.416149068322981153e-01 6.772151898734176667e-01 1.000000000000000000e+00 8.075471698113206864e-01 8.813953488372092693e-01
8.575949367088607778e-01 7.039473684210526550e-01 1.000000000000000000e+00 8.262548262548262690e-01 8.923444976076555513e-01
5.093167701863353658e-01 0.000000000000000000e+00 0.000000000000000000e+00 0.000000000000000000e+00 3.813953488372092693e-01
7.838709677419354316e-01 6.666666666666666297e-01 7.476635514018691309e-01 7.048458149779734949e-01 7.753096082132499012e-01
5.157232704402515688e-01 2.040816326530612082e-02 9.345794392523363789e-03 1.282051282051282180e-02 3.909288213668777323e-01
5.916398713826366285e-01 3.333333333333333148e-01 1.869158878504672827e-01 2.395209580838323360e-01 4.954187282389591607e-01
7.396825396825397192e-01 6.086956521739130821e-01 6.542056074766354756e-01 6.306306306306307397e-01 7.189297268152408105e-01
6.984126984126983739e-01 5.600000000000000533e-01 5.233644859813083583e-01 5.410628019323671101e-01 6.559130122214233971e-01
5.093167701863353658e-01 0.000000000000000000e+00 0.000000000000000000e+00 0.000000000000000000e+00 3.813953488372092693e-01
8.416149068322981153e-01 6.772151898734176667e-01 1.000000000000000000e+00 8.075471698113206864e-01 8.813953488372092693e-01
5.093167701863353658e-01 0.000000000000000000e+00 0.000000000000000000e+00 0.000000000000000000e+00 3.813953488372092693e-01
5.093167701863353658e-01 0.000000000000000000e+00 0.000000000000000000e+00 0.000000000000000000e+00 3.813953488372092693e-01
5.093167701863353658e-01 0.000000000000000000e+00 0.000000000000000000e+00 0.000000000000000000e+00 3.813953488372092693e-01
5.206349206349206726e-01 0.000000000000000000e+00 0.000000000000000000e+00 0.000000000000000000e+00 3.942307692307692180e-01
8.575949367088607778e-01 7.039473684210526550e-01 1.000000000000000000e+00 8.262548262548262690e-01 8.923444976076555513e-01
5.093167701863353658e-01 0.000000000000000000e+00 0.000000000000000000e+00 0.000000000000000000e+00 3.813953488372092693e-01
5.093167701863353658e-01 0.000000000000000000e+00 0.000000000000000000e+00 0.000000000000000000e+00 3.813953488372092693e-01
5.093167701863353658e-01 0.000000000000000000e+00 0.000000000000000000e+00 0.000000000000000000e+00 3.813953488372092693e-01
5.342019543973941520e-01 7.142857142857142461e-02 2.803738317757009310e-02 4.026845637583892357e-02 4.165186915887849617e-01
5.093167701863353658e-01 0.000000000000000000e+00 0.000000000000000000e+00 0.000000000000000000e+00 3.813953488372092693e-01
8.713826366559485059e-01 7.278911564625850650e-01 1.000000000000000000e+00 8.425196850393700254e-01 9.019607843137255054e-01
8.416149068322981153e-01 6.772151898734176667e-01 1.000000000000000000e+00 8.075471698113206864e-01 8.813953488372092693e-01
