5.093167701863353658e-01 0.000000000000000000e+00 0.000000000000000000e+00 0.000000000000000000e+00 3.813953488372092693e-01
5.093167701863353658e-01 0.000000000000000000e+00 0.000000000000000000e+00 0.000000000000000000e+00 3.813953488372092693e-01
5.093167701863353658e-01 0.000000000000000000e+00 0.000000000000000000e+00 0.000000000000000000e+00 3.813953488372092693e-01
8.548895899053627900e-01 6.993464052287581278e-01 1.000000000000000000e+00 8.230769230769230393e-01 8.904761904761904212e-01
8.115015974440894508e-01 6.764705882352941568e-01 8.598130841121495171e-01 7.572016460905350854e-01 8.231104255512203816e-01
5.418060200668896043e-01 3.125000000000000000e-02 9.345794392523363789e-03 1.438848920863309254e-02 4.239437305295949421e-01
8.603174603174603696e-01 7.086092715231787631e-01 1.000000000000000000e+00 8.294573643410853014e-01 8.942307692307691624e-01
5.412541254125412538e-01 2.941176470588235253e-02 9.345794392523363789e-03 1.418439716312056530e-02 4.204892237268738620e-01
5.093167701863353658e-01 0.000000000000000000e+00 0.000000000000000000e+00 0.000000000000000000e+00 3.813953488372092693e-01
8.548895899053627900e-01 6.993464052287581278e-01 1.000000000000000000e+00 8.230769230769230393e-01 8.904761904761904212e-01
5.093167701863353658e-01 0.000000000000000000e+00 0.000000000000000000e+00 0.000000000000000000e+00 3.813953488372092693e-01
8.416149068322981153e-01 6.772151898734176667e-01 1.000000000000000000e+00 8.075471698113206864e-01 8.813953488372092693e-01
5.093167701863353658e-01 0.000000000000000000e+00 0.000000000000000000e+00 0.000000000000000000e+00 3.813953488372092693e-01
5.093167701863353658e-01 0.000000000000000000e+00 0.000000000000000000e+00 0.000000000000000000e+00 3.813953488372092693e-01
8.416149068322981153e-01 6.772151898734176667e-01 1.000000000000000000e+00 8.075471698113206864e-01 8.813953488372092693e-01
8.522012578616352529e-01 6.948051948051947591e-01 1.000000000000000000e+00 8.199233716475095024e-01 8.886255924170616272e-01
8.575949367088607778e-01 7.039473684210526550e-01 1.000000000000000000e+00 8.262548262548262690e-01 8.923444976076555513e-01
8.658146964856230365e-01 7.181208053691274795e-01 1.000000000000000000e+00 8.359375000000000000e-01 8.980582524271844003e-01
5.157232704402515688e-01 0.000000000000000000e+00 0.000000000000000000e+00 0.000000000000000000e+00 3.886255924170616272e-01
5.093167701863353658e-01 0.000000000000000000e+00 0.000000000000000000e+00 0.000000000000000000e+00 3.813953488372092693e-01
5.251572327044025101e-01 5.999999999999999778e-02 2.803738317757009310e-02 3.821656050955413858e-02 4.026442840058466199e-01
8.575949367088607778e-01 7.039473684210526550e-01 1.000000000000000000e+00 8.262548262548262690e-01 8.923444976076555513e-01
5.093167701863353658e-01 0.000000000000000000e+00 0.000000000000000000e+00 0.000000000000000000e+00 3.813953488372092693e-01
5.093167701863353658e-01 0.000000000000000000e+00 0.000000000000000000e+00 0.000000000000000000e+00 3.813953488372092693e-01
5.093167701863353658e-01 0.000000000000000000e+00 0.000000000000000000e+00 0.000000000000000000e+00 3.813953488372092693e-01
8.416149068322981153e-01 6.772151898734176667e-01 1.000000000000000000e+00 8.075471698113206864e-01 8.813953488372092693e-01
5.093167701863353658e-01 0.000000000000000000e+00 0.000000000000000000e+00 0.000000000000000000e+00 3.813953488372092693e-01
5.206349206349206726e-01 0.000000000000000000e+00 0.000000000000000000e+00 0.000000000000000000e+00 3.942307692307692180e-01
5.276872964169381230e-01 2.500000000000000139e-02 9.345794392523363789e-03 1.360544217687074606e-02 4.071728971962615962e-01
5.093167701863353658e-01 0.000000000000000000e+00 0.000000000000000000e+00 0.000000000000000000e+00 3.813953488372092693e-01
5.093167701863353658e-01 0.000000000000000000e+00 0.000000000000000000e+00 0.000000000000000000e+00 3.813953488372092693e-01
9.003322259136212757e-01 7.810218978102190235e-01 1.000000000000000000e+00 8.770491803278688270e-01 9.226804123711340733e-01
5.093167701863353658e-01 0.000000000000000000e+00 0.000000000000000000e+00 0.000000000000000000e+00 3.813953488372092693e-01
7.645161290322580738e-01 6.491228070175438791e-01 6.915887850467289377e-01 6.696832579185519885e-01 7.472722250356796936e-01
8.416149068322981153e-01 6.772151898734176667e-01 1.000000000000000000e+00 8.075471698113206864e-01 8.813953488372092693e-01
8.575949367088607778e-01 7.039473684210526550e-01 1.000000000000000000e+00 8.262548262548262690e-01 8.923444976076555513e-01
6.783439490445859477e-01 5.312500000000000000e-01 4.766355140186915862e-01 5.024630541871921707e-01 6.296221048354326832e-01
