5.093167701863353658e-01 0.000000000000000000e+00 0.000000000000000000e+00 0.000000000000000000e+00 3.813953488372092693e-01
8.548895899053627900e-01 6.993464052287581278e-01 1.000000000000000000e+00 8.230769230769230393e-01 8.904761904761904212e-01
6.069182389937106681e-01 3.846153846153846367e-01 2.803738317757009102e-01 3.243243243243242868e-01 5.264428400584666434e-01
8.770226537216828655e-01 7.379310344827586521e-01 1.000000000000000000e+00 8.492063492063492980e-01 9.059405940594059681e-01
5.207667731629392893e-01 2.222222222222222307e-02 9.345794392523363789e-03 1.315789473684210627e-02 3.978767806914072502e-01
5.242718446601941640e-01 2.380952380952380820e-02 9.345794392523363789e-03 1.342281879194630670e-02 4.031877486814101630e-01
5.093167701863353658e-01 0.000000000000000000e+00 0.000000000000000000e+00 0.000000000000000000e+00 3.813953488372092693e-01
5.206349206349206726e-01 0.000000000000000000e+00 0.000000000000000000e+00 0.000000000000000000e+00 3.942307692307692180e-01
9.003322259136212757e-01 7.810218978102190235e-01 1.000000000000000000e+00 8.770491803278688270e-01 9.226804123711340733e-01
8.603174603174603696e-01 7.086092715231787631e-01 1.000000000000000000e+00 8.294573643410853014e-01 8.942307692307691624e-01
8.387096774193548709e-01 7.080291970802919943e-01 9.065420560747663448e-01 7.950819672131147486e-01 8.547488605496984526e-01
8.548895899053627900e-01 6.993464052287581278e-01 1.000000000000000000e+00 8.230769230769230393e-01 8.904761904761904212e-01
5.093167701863353658e-01 0.000000000000000000e+00 0.000000000000000000e+00 0.000000000000000000e+00 3.813953488372092693e-01
5.206349206349206726e-01 0.000000000000000000e+00 0.000000000000000000e+00 0.000000000000000000e+00 3.942307692307692180e-01
8.548895899053627900e-01 6.993464052287581278e-01 1.000000000000000000e+00 8.230769230769230393e-01 8.904761904761904212e-01
5.093167701863353658e-01 0.000000000000000000e+00 0.000000000000000000e+00 0.000000000000000000e+00 3.813953488372092693e-01
5.093167701863353658e-01 0.000000000000000000e+00 0.000000000000000000e+00 0.000000000000000000e+00 3.813953488372092693e-01
8.575949367088607778e-01 7.039473684210526550e-01 1.000000000000000000e+00 8.262548262548262690e-01 8.923444976076555513e-01
5.206349206349206726e-01 0.000000000000000000e+00 0.000000000000000000e+00 0.000000000000000000e+00 3.942307692307692180e-01
8.442367601246105746e-01 6.815286624203821253e-01 1.000000000000000000e+00 8.106060606060605522e-01 8.831775700934578754e-01
8.603174603174603696e-01 7.086092715231787631e-01 1.000000000000000000e+00 8.294573643410853014e-01 8.942307692307691624e-01
5.093167701863353658e-01 0.000000000000000000e+00 0.000000000000000000e+00 0.000000000000000000e+00 3.813953488372092693e-01
5.527156549520766404e-01 2.000000000000000111e-01 1.028037383177570069e-01 1.358024691358024616e-01 4.446057526540240779e-01
7.261146496815286122e-01 5.945945945945946276e-01 6.168224299065420135e-01 6.055045871559632253e-01 6.997155627793578692e-01
5.206349206349206726e-01 0.000000000000000000e+00 0.000000000000000000e+00 0.000000000000000000e+00 3.942307692307692180e-01
8.548895899053627900e-01 6.993464052287581278e-01 1.000000000000000000e+00 8.230769230769230393e-01 8.904761904761904212e-01
5.093167701863353658e-01 0.000000000000000000e+00 0.000000000000000000e+00 0.000000000000000000e+00 3.813953488372092693e-01
5.093167701863353658e-01 0.000000000000000000e+00 0.000000000000000000e+00 0.000000000000000000e+00 3.813953488372092693e-01
5.093167701863353658e-01 0.000000000000000000e+00 0.000000000000000000e+00 0.000000000000000000e+00 3.813953488372092693e-01
5.093167701863353658e-01 0.000000000000000000e+00 0.000000000000000000e+00 0.000000000000000000e+00 3.813953488372092693e-01
5.093167701863353658e-01 0.000000000000000000e+00 0.000000000000000000e+00 0.000000000000000000e+00 3.813953488372092693e-01
5.093167701863353658e-01 0.000000000000000000e+00 0.000000000000000000e+00 0.000000000000000000e+00 3.813953488372092693e-01
8.575949367088607778e-01 7.039473684210526550e-01 1.000000000000000000e+00 8.262548262548262690e-01 8.923444976076555513e-01
8.575949367088607778e-01 7.039473684210526550e-01 1.000000000000000000e+00 8.262548262548262690e-01 8.923444976076555513e-01
5.093167701863353658e-01 0.000000000000000000e+00 0.000000000000000000e+00 0.000000000000000000e+00 3.813953488372092693e-01
5.276872964169381230e-01 2.500000000000000139e-02 9.345794392523363789e-03 1.360544217687074606e-02 4.071728971962615962e-01
5.206349206349206726e-01 0.000000000000000000e+00 0.000000000000000000e+00 0.000000000000000000e+00 3.942307692307692180e-01
