9.070512820512820484e-01 7.867647058823529216e-01 1.000000000000000000e+00 8.806584362139917577e-01 9.292682926829267664e-01
6.267123287671232390e-01 4.615384615384615641e-01 1.121495327102803724e-01 1.804511278195488622e-01 5.182369285173024087e-01
8.984126984126984405e-01 7.697841726618704916e-01 1.000000000000000000e+00 8.699186991869918284e-01 9.230769230769231282e-01
5.465838509316770510e-01 0.000000000000000000e+00 0.000000000000000000e+00 0.000000000000000000e+00 4.093023255813953432e-01
5.659163987138263741e-01 3.333333333333333287e-02 9.345794392523363789e-03 1.459854014598539924e-02 4.335944658237126381e-01
5.803278688524590168e-01 4.347826086956521618e-02 9.345794392523363789e-03 1.538461538461538200e-02 4.491173416407060470e-01
5.485893416927899446e-01 2.564102564102564014e-02 9.345794392523363789e-03 1.369863013698630061e-02 4.150502556868277404e-01
5.587301587301587436e-01 0.000000000000000000e+00 0.000000000000000000e+00 0.000000000000000000e+00 4.230769230769230727e-01
6.085526315789473450e-01 2.999999999999999889e-01 8.411214953271027583e-02 1.313868613138685915e-01 4.887565823805682941e-01
8.984126984126984405e-01 7.697841726618704916e-01 1.000000000000000000e+00 8.699186991869918284e-01 9.230769230769231282e-01
5.465838509316770510e-01 0.000000000000000000e+00 0.000000000000000000e+00 0.000000000000000000e+00 4.093023255813953432e-01
5.691318327974276281e-01 3.448275862068965469e-02 9.345794392523363789e-03 1.470588235294117453e-02 4.360454462158694922e-01
8.984126984126984405e-01 7.697841726618704916e-01 1.000000000000000000e+00 8.699186991869918284e-01 9.230769230769231282e-01
9.099678456591639986e-01 7.925925925925926263e-01 1.000000000000000000e+00 8.842975206611569661e-01 9.313725490196078649e-01
5.465838509316770510e-01 0.000000000000000000e+00 0.000000000000000000e+00 0.000000000000000000e+00 4.093023255813953432e-01
9.218241042345276526e-01 8.167938931297710203e-01 1.000000000000000000e+00 8.991596638655461327e-01 9.399999999999999467e-01
8.955696202531645556e-01 7.642857142857142350e-01 1.000000000000000000e+00 8.663967611336031993e-01 9.210526315789473450e-01
5.465838509316770510e-01 0.000000000000000000e+00 0.000000000000000000e+00 0.000000000000000000e+00 4.093023255813953432e-01
8.104575163398692883e-01 7.425742574257425677e-01 7.009345794392523032e-01 7.211538461538461453e-01 7.851406565537969451e-01
5.808580858085808929e-01 4.545454545454545581e-02 9.345794392523363789e-03 1.550387596899224611e-02 4.511014686248330796e-01
5.794701986754966505e-01 1.153846153846153910e-01 2.803738317757009310e-02 4.511278195488721554e-02 4.550443326144260059e-01
5.555555555555555802e-01 2.857142857142857054e-02 9.345794392523363789e-03 1.408450704225351971e-02 4.229421279654924093e-01
6.134185303514376741e-01 3.478260869565217295e-01 1.495327102803738206e-01 2.091503267973855718e-01 5.019508211596044323e-01
5.594855305466237549e-01 3.125000000000000000e-02 9.345794392523363789e-03 1.438848920863309254e-02 4.286925050393988745e-01
9.099678456591639986e-01 7.925925925925926263e-01 1.000000000000000000e+00 8.842975206611569661e-01 9.313725490196078649e-01
5.465838509316770510e-01 0.000000000000000000e+00 0.000000000000000000e+00 0.000000000000000000e+00 4.093023255813953432e-01
5.749999999999999556e-01 1.777777777777777846e-01 7.476635514018691031e-02 1.052631578947368501e-01 4.505287174761966607e-01
5.465838509316770510e-01 0.000000000000000000e+00 0.000000000000000000e+00 0.000000000000000000e+00 4.093023255813953432e-01
5.659163987138263741e-01 0.000000000000000000e+00 0.000000000000000000e+00 0.000000000000000000e+00 4.313725490196078649e-01
9.041533546325878357e-01 7.810218978102190235e-01 1.000000000000000000e+00 8.770491803278688270e-01 9.271844660194175081e-01
5.465838509316770510e-01 0.000000000000000000e+00 0.000000000000000000e+00 0.000000000000000000e+00 4.093023255813953432e-01
5.587301587301587436e-01 2.941176470588235253e-02 9.345794392523363789e-03 1.418439716312056530e-02 4.253459741193385546e-01
5.672131147540984131e-01 3.703703703703703498e-02 9.345794392523363789e-03 1.492537313432835792e-02 4.390163315396959920e-01
5.813953488372093359e-01 1.199999999999999956e-01 2.803738317757009310e-02 4.545454545454545581e-02 4.573176606609499206e-01
5.465838509316770510e-01 0.000000000000000000e+00 0.000000000000000000e+00 0.000000000000000000e+00 4.093023255813953432e-01
8.566878980891720063e-01 7.500000000000000000e-01 8.691588785046728827e-01 8.051948051948051299e-01 8.597002121991963453e-01
9.099678456591639986e-01 7.925925925925926263e-01 1.000000000000000000e+00 8.842975206611569661e-01 9.313725490196078649e-01
