5.544871794871795156e-01 0.000000000000000000e+00 0.000000000000000000e+00 0.000000000000000000e+00 4.219512195121951081e-01
9.012738853503184933e-01 7.753623188405797118e-01 1.000000000000000000e+00 8.734693877551020780e-01 9.251207729468599039e-01
7.236842105263158187e-01 6.769230769230769607e-01 4.112149532710280275e-01 5.116279069767440957e-01 6.523079842497272463e-01
7.138263665594855034e-01 6.216216216216216006e-01 4.299065420560747586e-01 5.082872928176795924e-01 6.463258200476452719e-01
5.465838509316770510e-01 0.000000000000000000e+00 0.000000000000000000e+00 0.000000000000000000e+00 4.093023255813953432e-01
5.732899022801303257e-01 1.000000000000000056e-01 2.803738317757009310e-02 4.379562043795620641e-02 4.465186915887849883e-01
5.465838509316770510e-01 0.000000000000000000e+00 0.000000000000000000e+00 0.000000000000000000e+00 4.093023255813953432e-01
5.747508305647840432e-01 4.347826086956521618e-02 9.345794392523363789e-03 1.538461538461538200e-02 4.479718662684265551e-01
9.218241042345276526e-01 8.167938931297710203e-01 1.000000000000000000e+00 8.991596638655461327e-01 9.399999999999999467e-01
9.041533546325878357e-01 7.810218978102190235e-01 1.000000000000000000e+00 8.770491803278688270e-01 9.271844660194175081e-01
5.948553054662379935e-01 2.432432432432432567e-01 8.411214953271027583e-02 1.250000000000000000e-01 4.734286237859629543e-01
9.370860927152317998e-01 8.492063492063491870e-01 1.000000000000000000e+00 9.184549356223175032e-01 9.512820512820513441e-01
5.465838509316770510e-01 0.000000000000000000e+00 0.000000000000000000e+00 0.000000000000000000e+00 4.093023255813953432e-01
5.691318327974276281e-01 6.451612903225806273e-02 1.869158878504672758e-02 2.898550724637680501e-02 4.382673630199743764e-01
8.984126984126984405e-01 7.697841726618704916e-01 1.000000000000000000e+00 8.699186991869918284e-01 9.230769230769231282e-01
5.465838509316770510e-01 0.000000000000000000e+00 0.000000000000000000e+00 0.000000000000000000e+00 4.093023255813953432e-01
5.465838509316770510e-01 0.000000000000000000e+00 0.000000000000000000e+00 0.000000000000000000e+00 4.093023255813953432e-01
8.955696202531645556e-01 7.642857142857142350e-01 1.000000000000000000e+00 8.663967611336031993e-01 9.210526315789473450e-01
5.681818181818182323e-01 0.000000000000000000e+00 0.000000000000000000e+00 0.000000000000000000e+00 4.353233830845771313e-01
9.248366013071895875e-01 8.230769230769230393e-01 1.000000000000000000e+00 9.029535864978902593e-01 9.422110552763819369e-01
9.129032258064516681e-01 7.985074626865671377e-01 1.000000000000000000e+00 8.879668049792530660e-01 9.334975369458128336e-01
5.465838509316770510e-01 0.000000000000000000e+00 0.000000000000000000e+00 0.000000000000000000e+00 4.093023255813953432e-01
5.659163987138263741e-01 0.000000000000000000e+00 0.000000000000000000e+00 0.000000000000000000e+00 4.313725490196078649e-01
6.560509554140127042e-01 4.920634920634920362e-01 2.897196261682242757e-01 3.647058823529411020e-01 5.675651270937739357e-01
5.691318327974276281e-01 6.451612903225806273e-02 1.869158878504672758e-02 2.898550724637680501e-02 4.382673630199743764e-01
8.984126984126984405e-01 7.697841726618704916e-01 1.000000000000000000e+00 8.699186991869918284e-01 9.230769230769231282e-01
5.465838509316770510e-01 0.000000000000000000e+00 0.000000000000000000e+00 0.000000000000000000e+00 4.093023255813953432e-01
5.465838509316770510e-01 0.000000000000000000e+00 0.000000000000000000e+00 0.000000000000000000e+00 4.093023255813953432e-01
5.465838509316770510e-01 0.000000000000000000e+00 0.000000000000000000e+00 0.000000000000000000e+00 4.093023255813953432e-01
5.807560137457045135e-01 5.882352941176470507e-02 9.345794392523363789e-03 1.612903225806451221e-02 4.611946363266964388e-01
5.580645161290322953e-01 3.125000000000000000e-02 9.345794392523363789e-03 1.438848920863309254e-02 4.283182173933060000e-01
5.465838509316770510e-01 0.000000000000000000e+00 0.000000000000000000e+00 0.000000000000000000e+00 4.093023255813953432e-01
9.012738853503184933e-01 7.753623188405797118e-01 1.000000000000000000e+00 8.734693877551020780e-01 9.251207729468599039e-01
8.984126984126984405e-01 7.697841726618704916e-01 1.000000000000000000e+00 8.699186991869918284e-01 9.230769230769231282e-01
5.465838509316770510e-01 0.000000000000000000e+00 0.000000000000000000e+00 0.000000000000000000e+00 4.093023255813953432e-01
5.623003194888178680e-01 0.000000000000000000e+00 0.000000000000000000e+00 0.000000000000000000e+00 4.271844660194175081e-01
5.728155339805824919e-01 3.703703703703703498e-02 9.345794392523363789e-03 1.492537313432835792e-02 4.403164615526972692e-01
