5.465838509316770510e-01 0.000000000000000000e+00 0.000000000000000000e+00 0.000000000000000000e+00 4.093023255813953432e-01
5.573248407643311975e-01 2.941176470588235253e-02 9.345794392523363789e-03 1.418439716312056530e-02 4.249627522687254300e-01
5.827586206896552268e-01 6.250000000000000000e-02 9.345794392523363789e-03 1.626016260162601451e-02 4.636892906388845881e-01
9.012738853503184933e-01 7.753623188405797118e-01 1.000000000000000000e+00 8.734693877551020780e-01 9.251207729468599039e-01
9.248366013071895875e-01 8.230769230769230393e-01 1.000000000000000000e+00 9.029535864978902593e-01 9.422110552763819369e-01
5.862068965517240882e-01 1.176470588235294101e-01 1.869158878504672758e-02 3.225806451612902442e-02 4.683621878351463264e-01
9.248366013071895875e-01 8.230769230769230393e-01 1.000000000000000000e+00 9.029535864978902593e-01 9.422110552763819369e-01
5.718954248366012738e-01 3.846153846153846367e-02 9.345794392523363789e-03 1.503759398496240518e-02 4.418588268445028389e-01
5.465838509316770510e-01 0.000000000000000000e+00 0.000000000000000000e+00 0.000000000000000000e+00 4.093023255813953432e-01
8.984126984126984405e-01 7.697841726618704916e-01 1.000000000000000000e+00 8.699186991869918284e-01 9.230769230769231282e-01
5.465838509316770510e-01 0.000000000000000000e+00 0.000000000000000000e+00 0.000000000000000000e+00 4.093023255813953432e-01
9.070512820512820484e-01 7.867647058823529216e-01 1.000000000000000000e+00 8.806584362139917577e-01 9.292682926829267664e-01
5.465838509316770510e-01 0.000000000000000000e+00 0.000000000000000000e+00 0.000000000000000000e+00 4.093023255813953432e-01
6.100628930817609819e-01 3.454545454545454586e-01 1.775700934579439172e-01 2.345679012345678882e-01 5.034769898569340096e-01
8.788819875776398005e-01 7.328767123287671659e-01 1.000000000000000000e+00 8.458498023715415037e-01 9.093023255813953432e-01
5.523809523809524169e-01 2.777777777777777624e-02 9.345794392523363789e-03 1.398601398601398600e-02 4.205382818116462085e-01
9.012738853503184933e-01 7.753623188405797118e-01 1.000000000000000000e+00 8.734693877551020780e-01 9.251207729468599039e-01
9.012738853503184933e-01 7.753623188405797118e-01 1.000000000000000000e+00 8.734693877551020780e-01 9.251207729468599039e-01
5.534591194968553340e-01 2.702702702702702853e-02 9.345794392523363789e-03 1.388888888888888638e-02 4.193648403242237754e-01
5.500000000000000444e-01 0.000000000000000000e+00 0.000000000000000000e+00 0.000000000000000000e+00 4.131455399061032541e-01
5.927152317880794996e-01 2.142857142857142738e-01 5.607476635514018620e-02 8.888888888888889228e-02 4.716271267673136647e-01
9.041533546325878357e-01 7.810218978102190235e-01 1.000000000000000000e+00 8.770491803278688270e-01 9.271844660194175081e-01
5.465838509316770510e-01 0.000000000000000000e+00 0.000000000000000000e+00 0.000000000000000000e+00 4.093023255813953432e-01
5.465838509316770510e-01 0.000000000000000000e+00 0.000000000000000000e+00 0.000000000000000000e+00 4.093023255813953432e-01
6.100628930817609819e-01 3.454545454545454586e-01 1.775700934579439172e-01 2.345679012345678882e-01 5.034769898569340096e-01
8.788819875776398005e-01 7.328767123287671659e-01 1.000000000000000000e+00 8.458498023715415037e-01 9.093023255813953432e-01
5.465838509316770510e-01 0.000000000000000000e+00 0.000000000000000000e+00 0.000000000000000000e+00 4.093023255813953432e-01
6.045751633986927720e-01 2.941176470588235392e-01 9.345794392523364136e-02 1.418439716312056564e-01 4.864274644249284019e-01
5.659163987138263741e-01 0.000000000000000000e+00 0.000000000000000000e+00 0.000000000000000000e+00 4.313725490196078649e-01
5.465838509316770510e-01 0.000000000000000000e+00 0.000000000000000000e+00 0.000000000000000000e+00 4.093023255813953432e-01
5.465838509316770510e-01 0.000000000000000000e+00 0.000000000000000000e+00 0.000000000000000000e+00 4.093023255813953432e-01
9.218241042345276526e-01 8.167938931297710203e-01 1.000000000000000000e+00 8.991596638655461327e-01 9.399999999999999467e-01
5.465838509316770510e-01 0.000000000000000000e+00 0.000000000000000000e+00 0.000000000000000000e+00 4.093023255813953432e-01
6.591639871382636295e-01 5.087719298245614308e-01 2.710280373831775447e-01 3.536585365853658347e-01 5.668865677111966095e-01
8.843750000000000222e-01 7.430555555555555802e-01 1.000000000000000000e+00 8.525896414342629681e-01 9.131455399061032541e-01
8.984126984126984405e-01 7.697841726618704916e-01 1.000000000000000000e+00 8.699186991869918284e-01 9.230769230769231282e-01
6.392405063291138889e-01 4.426229508196721230e-01 2.523364485981308136e-01 3.214285714285713969e-01 5.448285113804051116e-01
