6.773162939297124874e-01 6.153846153846154188e-01 1.495327102803738206e-01 2.406015037593984829e-01 5.504945104799927602e-01
9.562500000000000444e-01 8.842975206611570771e-01 1.000000000000000000e+00 9.385964912280702066e-01 9.671361502347417538e-01
9.419354838709677047e-01 9.158878504672897103e-01 9.158878504672897103e-01 9.158878504672897103e-01 9.357764375489157072e-01
6.666666666666666297e-01 6.315789473684210176e-01 1.121495327102803724e-01 1.904761904761904934e-01 5.384868266566477102e-01
5.675675675675675436e-01 3.913043478260869734e-01 8.411214953271027583e-02 1.384615384615384415e-01 4.960034431874077443e-01
9.652996845425867445e-01 9.067796610169491789e-01 1.000000000000000000e+00 9.511111111111111294e-01 9.738095238095237915e-01
9.583333333333333703e-01 8.916666666666667185e-01 1.000000000000000000e+00 9.427312775330397576e-01 9.682926829268292401e-01
9.681528662420382236e-01 9.145299145299145005e-01 1.000000000000000000e+00 9.553571428571429047e-01 9.758454106280193274e-01
9.532710280373831724e-01 8.770491803278688270e-01 1.000000000000000000e+00 9.344978165938864212e-01 9.649532710280374070e-01
9.562500000000000444e-01 8.842975206611570771e-01 1.000000000000000000e+00 9.385964912280702066e-01 9.671361502347417538e-01
9.651898734177215555e-01 9.067796610169491789e-01 1.000000000000000000e+00 9.511111111111111294e-01 9.736842105263158187e-01
9.683544303797468888e-01 9.145299145299145005e-01 1.000000000000000000e+00 9.553571428571429047e-01 9.760765550239234312e-01
9.650793650793650924e-01 9.067796610169491789e-01 1.000000000000000000e+00 9.511111111111111294e-01 9.735576923076922906e-01
8.370607028753993539e-01 8.255813953488372325e-01 6.635514018691588412e-01 7.357512953367874031e-01 7.953679339442881746e-01
9.503105590062111974e-01 8.699186991869918284e-01 1.000000000000000000e+00 9.304347826086956097e-01 9.627906976744186052e-01
9.592476489028213260e-01 8.916666666666667185e-01 1.000000000000000000e+00 9.427312775330397576e-01 9.693396226415094130e-01
9.529780564263322651e-01 8.770491803278688270e-01 1.000000000000000000e+00 9.344978165938864212e-01 9.646226415094338869e-01
9.562500000000000444e-01 8.842975206611570771e-01 1.000000000000000000e+00 9.385964912280702066e-01 9.671361502347417538e-01
6.523178807947019875e-01 5.357142857142856984e-01 1.401869158878504551e-01 2.222222222222221821e-01 5.367601246105918600e-01
8.421052631578946901e-01 9.041095890410958402e-01 6.168224299065420135e-01 7.333333333333332815e-01 7.906447174913420195e-01
6.928104575163398504e-01 7.241379310344827624e-01 1.962616822429906482e-01 3.088235294117646634e-01 5.780303386089324924e-01
9.532710280373831724e-01 8.770491803278688270e-01 1.000000000000000000e+00 9.344978165938864212e-01 9.649532710280374070e-01
6.619718309859154992e-01 7.619047619047618625e-01 1.495327102803738206e-01 2.499999999999999722e-01 5.606420613548762644e-01
9.503105590062111974e-01 8.699186991869918284e-01 1.000000000000000000e+00 9.304347826086956097e-01 9.627906976744186052e-01
8.370607028753993539e-01 8.255813953488372325e-01 6.635514018691588412e-01 7.357512953367874031e-01 7.953679339442881746e-01
9.503105590062111974e-01 8.699186991869918284e-01 1.000000000000000000e+00 9.304347826086956097e-01 9.627906976744186052e-01
8.571428571428570953e-01 9.000000000000000222e-01 6.728971962616822067e-01 7.700534759358288461e-01 8.158300414298101932e-01
9.622641509433962348e-01 8.991596638655462437e-01 1.000000000000000000e+00 9.469026548672566657e-01 9.715639810426539569e-01
5.944055944055943730e-01 0.000000000000000000e+00 0.000000000000000000e+00 0.000000000000000000e+00 4.748603351955307250e-01
6.847457627118643808e-01 7.333333333333332815e-01 2.056074766355140138e-01 3.211678832116788285e-01 5.815271425730761390e-01
5.917602996254681669e-01 4.545454545454545303e-01 9.345794392523364136e-02 1.550387596899225062e-01 5.092289719626168498e-01
6.535947712418300748e-01 5.200000000000000178e-01 1.214953271028037379e-01 1.969696969696969890e-01 5.305969097825575798e-01
9.516129032258064946e-01 9.035087719298245945e-01 9.626168224299065379e-01 9.321266968325793156e-01 9.542148151558399460e-01
9.532710280373831724e-01 8.770491803278688270e-01 1.000000000000000000e+00 9.344978165938864212e-01 9.649532710280374070e-01
5.559845559845559837e-01 0.000000000000000000e+00 0.000000000000000000e+00 0.000000000000000000e+00 4.736842105263158187e-01
7.457627118644067910e-01 8.333333333333333703e-01 3.738317757009345654e-01 5.161290322580645018e-01 6.656392921057865397e-01
9.503105590062111974e-01 8.699186991869918284e-01 1.000000000000000000e+00 9.304347826086956097e-01 9.627906976744186052e-01
