9.532710280373831724e-01 8.770491803278688270e-01 1.000000000000000000e+00 9.344978165938864212e-01 9.649532710280374070e-01
9.503105590062111974e-01 8.699186991869918284e-01 1.000000000000000000e+00 9.304347826086956097e-01 9.627906976744186052e-01
6.283783783783783994e-01 3.333333333333333148e-01 2.803738317757009310e-02 5.172413793103448204e-02 4.981456757157691206e-01
9.503105590062111974e-01 8.699186991869918284e-01 1.000000000000000000e+00 9.304347826086956097e-01 9.627906976744186052e-01
9.650793650793650924e-01 9.067796610169491789e-01 1.000000000000000000e+00 9.511111111111111294e-01 9.735576923076922906e-01
9.532710280373831724e-01 8.770491803278688270e-01 1.000000000000000000e+00 9.344978165938864212e-01 9.649532710280374070e-01
9.714285714285714191e-01 9.224137931034482873e-01 1.000000000000000000e+00 9.596412556053811604e-01 9.783653846153846922e-01
9.562500000000000444e-01 8.842975206611570771e-01 1.000000000000000000e+00 9.385964912280702066e-01 9.671361502347417538e-01
5.585937500000000000e-01 2.500000000000000000e-01 2.803738317757009310e-02 5.042016806722689204e-02 4.838173493069057862e-01
9.503105590062111974e-01 8.699186991869918284e-01 1.000000000000000000e+00 9.304347826086956097e-01 9.627906976744186052e-01
8.006644518272425515e-01 8.615384615384615863e-01 5.233644859813083583e-01 6.511627906976743541e-01 7.384863667019944122e-01
9.588607594936708889e-01 8.916666666666667185e-01 1.000000000000000000e+00 9.427312775330397576e-01 9.688995215311004827e-01
9.503105590062111974e-01 8.699186991869918284e-01 1.000000000000000000e+00 9.304347826086956097e-01 9.627906976744186052e-01
9.503105590062111974e-01 8.699186991869918284e-01 1.000000000000000000e+00 9.304347826086956097e-01 9.627906976744186052e-01
9.532710280373831724e-01 8.770491803278688270e-01 1.000000000000000000e+00 9.344978165938864212e-01 9.649532710280374070e-01
9.503105590062111974e-01 8.699186991869918284e-01 1.000000000000000000e+00 9.304347826086956097e-01 9.627906976744186052e-01
9.532710280373831724e-01 8.770491803278688270e-01 1.000000000000000000e+00 9.344978165938864212e-01 9.649532710280374070e-01
9.592476489028213260e-01 8.916666666666667185e-01 1.000000000000000000e+00 9.427312775330397576e-01 9.693396226415094130e-01
6.414473684210526550e-01 4.444444444444444198e-01 7.476635514018691031e-02 1.280000000000000027e-01 5.120024669101950199e-01
9.532710280373831724e-01 8.770491803278688270e-01 1.000000000000000000e+00 9.344978165938864212e-01 9.649532710280374070e-01
5.913978494623656212e-01 0.000000000000000000e+00 0.000000000000000000e+00 0.000000000000000000e+00 4.796511627906976938e-01
6.506849315068493622e-01 6.923076923076922906e-01 8.411214953271027583e-02 1.499999999999999944e-01 5.312452639555442779e-01
6.178571428571428825e-01 5.000000000000000000e-01 6.542056074766354479e-02 1.157024793388429645e-01 5.124790665009993917e-01
6.211604095563140193e-01 3.750000000000000000e-01 5.607476635514018620e-02 9.756097560975608707e-02 5.011556627474625936e-01
9.503105590062111974e-01 8.699186991869918284e-01 1.000000000000000000e+00 9.304347826086956097e-01 9.627906976744186052e-01
9.532710280373831724e-01 8.770491803278688270e-01 1.000000000000000000e+00 9.344978165938864212e-01 9.649532710280374070e-01
8.643533123028390719e-01 8.636363636363636465e-01 7.102803738317756688e-01 7.794871794871793824e-01 8.265687583444593090e-01
9.503105590062111974e-01 8.699186991869918284e-01 1.000000000000000000e+00 9.304347826086956097e-01 9.627906976744186052e-01
7.114754098360656087e-01 7.435897435897436125e-01 2.710280373831775447e-01 3.972602739726027177e-01 6.102614934390634405e-01
5.999999999999999778e-01 0.000000000000000000e+00 0.000000000000000000e+00 0.000000000000000000e+00 4.707446808510638014e-01
9.562500000000000444e-01 8.842975206611570771e-01 1.000000000000000000e+00 9.385964912280702066e-01 9.671361502347417538e-01
7.658862876254181051e-01 8.627450980392157298e-01 4.112149532710280275e-01 5.569620253164556667e-01 6.873783099688473008e-01
5.799256505576207976e-01 3.333333333333333148e-01 5.607476635514018620e-02 9.600000000000000200e-02 4.910003461405330616e-01
9.562500000000000444e-01 8.842975206611570771e-01 1.000000000000000000e+00 9.385964912280702066e-01 9.671361502347417538e-01
9.503105590062111974e-01 8.699186991869918284e-01 1.000000000000000000e+00 9.304347826086956097e-01 9.627906976744186052e-01
9.503105590062111974e-01 8.699186991869918284e-01 1.000000000000000000e+00 9.304347826086956097e-01 9.627906976744186052e-01
6.199999999999999956e-01 0.000000000000000000e+00 0.000000000000000000e+00 0.000000000000000000e+00 4.818652849740932553e-01
