5.555555555555555802e-01 3.225806451612903136e-02 9.345794392523363789e-03 1.449275362318840250e-02 4.292960127741510812e-01
5.314465408805031377e-01 0.000000000000000000e+00 0.000000000000000000e+00 0.000000000000000000e+00 4.004739336492890711e-01
6.115107913669064477e-01 3.333333333333333148e-01 9.345794392523363789e-03 1.818181818181818094e-02 4.988249439798873586e-01
8.817891373801917121e-01 7.430555555555555802e-01 1.000000000000000000e+00 8.525896414342629681e-01 9.101941747572814823e-01
8.932038834951456785e-01 7.642857142857142350e-01 1.000000000000000000e+00 8.663967611336031993e-01 9.183168316831682443e-01
6.082474226804123196e-01 3.599999999999999867e-01 8.411214953271027583e-02 1.363636363636363535e-01 4.985778138967899564e-01
8.874598070739549982e-01 7.535211267605633756e-01 1.000000000000000000e+00 8.594377510040159818e-01 9.142156862745097756e-01
5.806451612903226200e-01 2.444444444444444364e-01 1.028037383177570069e-01 1.447368421052631637e-01 4.676580267943464264e-01
5.345911949685534514e-01 2.325581395348837177e-02 9.345794392523363789e-03 1.333333333333333245e-02 4.051468308455506984e-01
8.903225806451613433e-01 7.588652482269503396e-01 1.000000000000000000e+00 8.629032258064516236e-01 9.162561576354679715e-01
5.350318471337579540e-01 0.000000000000000000e+00 0.000000000000000000e+00 0.000000000000000000e+00 4.057971014492753881e-01
9.169435215946843964e-01 8.106060606060605522e-01 1.000000000000000000e+00 8.953974895397489586e-01 9.355670103092783574e-01
5.362776025236593025e-01 2.380952380952380820e-02 9.345794392523363789e-03 1.342281879194630670e-02 4.070538495772140219e-01
6.250000000000000000e-01 4.285714285714285476e-01 1.962616822429906482e-01 2.692307692307692180e-01 5.270648512737795555e-01
8.789808917197452498e-01 7.379310344827586521e-01 1.000000000000000000e+00 8.492063492063492980e-01 9.082125603864733554e-01
8.815789473684210176e-01 7.751937984496124479e-01 9.345794392523364413e-01 8.474576271186440302e-01 8.936856587124626383e-01
8.789808917197452498e-01 7.379310344827586521e-01 1.000000000000000000e+00 8.492063492063492980e-01 9.082125603864733554e-01
9.139072847682119249e-01 8.045112781954887327e-01 1.000000000000000000e+00 8.916666666666667185e-01 9.333333333333333481e-01
5.762711864406779849e-01 5.000000000000000278e-02 9.345794392523363789e-03 1.574803149606298844e-02 4.541409823026446579e-01
5.540983606557376984e-01 3.225806451612903136e-02 9.345794392523363789e-03 1.449275362318840250e-02 4.289153214386859370e-01
6.282894736842105088e-01 4.423076923076922906e-01 2.149532710280373793e-01 2.893081761006289221e-01 5.338725746003131212e-01
8.846153846153845812e-01 7.482517482517482277e-01 1.000000000000000000e+00 8.559999999999999831e-01 9.121951219512195452e-01
5.248447204968944568e-01 0.000000000000000000e+00 0.000000000000000000e+00 0.000000000000000000e+00 3.930232558139534760e-01
5.382165605095541316e-01 2.500000000000000139e-02 9.345794392523363789e-03 1.360544217687074606e-02 4.104699986455370153e-01
6.250000000000000000e-01 4.285714285714285476e-01 1.962616822429906482e-01 2.692307692307692180e-01 5.270648512737795555e-01
8.789808917197452498e-01 7.379310344827586521e-01 1.000000000000000000e+00 8.492063492063492980e-01 9.082125603864733554e-01
5.445859872611464869e-01 7.142857142857142461e-02 2.803738317757009310e-02 4.026845637583892357e-02 4.198157930380603808e-01
6.156462585034013779e-01 4.000000000000000222e-01 1.121495327102803724e-01 1.751824817518248256e-01 5.079464241091509180e-01
5.690235690235689869e-01 4.347826086956521618e-02 9.345794392523363789e-03 1.538461538461538200e-02 4.467781603541563507e-01
5.297805642633228729e-01 0.000000000000000000e+00 0.000000000000000000e+00 0.000000000000000000e+00 3.985849056603773533e-01
5.888157894736841813e-01 2.750000000000000222e-01 1.028037383177570069e-01 1.496598639455782309e-01 4.777978082451728725e-01
9.049180327868852070e-01 7.867647058823529216e-01 1.000000000000000000e+00 8.806584362139917577e-01 9.267676767676767957e-01
5.379746835443037778e-01 2.439024390243902524e-02 9.345794392523363789e-03 1.351351351351351079e-02 4.089791172919554074e-01
8.006644518272425515e-01 7.373737373737373479e-01 6.822429906542055722e-01 7.087378640776699212e-01 7.741111860487523977e-01
8.846153846153845812e-01 7.482517482517482277e-01 1.000000000000000000e+00 8.559999999999999831e-01 9.121951219512195452e-01
8.789808917197452498e-01 7.379310344827586521e-01 1.000000000000000000e+00 8.492063492063492980e-01 9.082125603864733554e-01
8.108108108108108558e-01 7.741935483870967527e-01 6.728971962616822067e-01 7.200000000000000844e-01 7.808930425752855786e-01
