9.139072847682119249e-01 8.045112781954887327e-01 1.000000000000000000e+00 8.916666666666667185e-01 9.333333333333333481e-01
6.140939597315435705e-01 3.947368421052631637e-01 1.401869158878504551e-01 2.068965517241379004e-01 5.098840338601555722e-01
8.903225806451613433e-01 7.588652482269503396e-01 1.000000000000000000e+00 8.629032258064516236e-01 9.162561576354679715e-01
5.345911949685534514e-01 2.325581395348837177e-02 9.345794392523363789e-03 1.333333333333333245e-02 4.051468308455506984e-01
5.345911949685534514e-01 2.325581395348837177e-02 9.345794392523363789e-03 1.333333333333333245e-02 4.051468308455506984e-01
5.504885993485342244e-01 5.714285714285714107e-02 1.869158878504672758e-02 2.816901408450703942e-02 4.268457943925233478e-01
6.167247386759582284e-01 4.210526315789473450e-01 7.476635514018691031e-02 1.269841269841269771e-01 5.068276220145379041e-01
5.629139072847682002e-01 3.703703703703703498e-02 9.345794392523363789e-03 1.492537313432835792e-02 4.380062305295949754e-01
7.458745874587459079e-01 6.744186046511627675e-01 5.420560747663550893e-01 6.010362694300517283e-01 6.995994659546060923e-01
9.108910891089109230e-01 7.985074626865671377e-01 1.000000000000000000e+00 8.879668049792530660e-01 9.311224489795918435e-01
5.463258785942491924e-01 5.128205128205128027e-02 1.869158878504672758e-02 2.739726027397260122e-02 4.195399691498049033e-01
5.451612903225806495e-01 2.777777777777777624e-02 9.345794392523363789e-03 1.398601398601398600e-02 4.184660006445374836e-01
8.874598070739549982e-01 7.535211267605633756e-01 1.000000000000000000e+00 8.594377510040159818e-01 9.142156862745097756e-01
9.139072847682119249e-01 8.045112781954887327e-01 1.000000000000000000e+00 8.916666666666667185e-01 9.333333333333333481e-01
5.297805642633228729e-01 0.000000000000000000e+00 0.000000000000000000e+00 0.000000000000000000e+00 3.985849056603773533e-01
8.932038834951456785e-01 7.642857142857142350e-01 1.000000000000000000e+00 8.663967611336031993e-01 9.183168316831682443e-01
8.817891373801917121e-01 7.430555555555555802e-01 1.000000000000000000e+00 8.525896414342629681e-01 9.101941747572814823e-01
5.469255663430421244e-01 2.857142857142857054e-02 9.345794392523363789e-03 1.408450704225351971e-02 4.205144813546774496e-01
5.979729729729730270e-01 2.857142857142856984e-01 7.476635514018691031e-02 1.185185185185184953e-01 4.844731246600405550e-01
5.753424657534246256e-01 5.263157894736841813e-02 9.345794392523363789e-03 1.587301587301587213e-02 4.560242485476129759e-01
5.906040268456376197e-01 2.727272727272727071e-01 8.411214953271027583e-02 1.285714285714285587e-01 4.792288496354650262e-01
5.841924398625429893e-01 1.111111111111111049e-01 1.869158878504672758e-02 3.200000000000000067e-02 4.658675335229581771e-01
7.852564102564102422e-01 6.785714285714286031e-01 7.102803738317756688e-01 6.940639269406393419e-01 7.673353088671075461e-01
5.610561056105610733e-01 6.666666666666666574e-02 1.869158878504672758e-02 2.919708029197079849e-02 4.379172229639519687e-01
9.139072847682119249e-01 8.045112781954887327e-01 1.000000000000000000e+00 8.916666666666667185e-01 9.333333333333333481e-01
5.297805642633228729e-01 0.000000000000000000e+00 0.000000000000000000e+00 0.000000000000000000e+00 3.985849056603773533e-01
9.078947368421053099e-01 7.925925925925926263e-01 1.000000000000000000e+00 8.842975206611569661e-01 9.289340101522842730e-01
5.362776025236593025e-01 2.380952380952380820e-02 9.345794392523363789e-03 1.342281879194630670e-02 4.070538495772140219e-01
5.451612903225806495e-01 2.777777777777777624e-02 9.345794392523363789e-03 1.398601398601398600e-02 4.184660006445374836e-01
8.846153846153845812e-01 7.482517482517482277e-01 1.000000000000000000e+00 8.559999999999999831e-01 9.121951219512195452e-01
5.555555555555555802e-01 3.225806451612903136e-02 9.345794392523363789e-03 1.449275362318840250e-02 4.292960127741510812e-01
5.821917808219178037e-01 1.052631578947368363e-01 1.869158878504672758e-02 3.174603174603174427e-02 4.633998484465774448e-01
5.559210526315789824e-01 3.333333333333333287e-02 9.345794392523363789e-03 1.459854014598539924e-02 4.310688362825560449e-01
6.363636363636363535e-01 5.600000000000000533e-01 1.308411214953270896e-01 2.121212121212120993e-01 5.346943037644232843e-01
5.819397993311036243e-01 2.000000000000000111e-01 5.607476635514018620e-02 8.759124087591241281e-02 4.655373831775700966e-01
9.049180327868852070e-01 7.867647058823529216e-01 1.000000000000000000e+00 8.806584362139917577e-01 9.267676767676767957e-01
8.789808917197452498e-01 7.379310344827586521e-01 1.000000000000000000e+00 8.492063492063492980e-01 9.082125603864733554e-01
