5.379746835443037778e-01 2.439024390243902524e-02 9.345794392523363789e-03 1.351351351351351079e-02 4.089791172919554074e-01
8.734177215189873333e-01 7.278911564625850650e-01 1.000000000000000000e+00 8.425196850393700254e-01 9.043062200956937247e-01
8.961038961038960693e-01 7.697841726618704916e-01 1.000000000000000000e+00 8.699186991869918284e-01 9.203980099502487855e-01
9.200000000000000400e-01 8.167938931297710203e-01 1.000000000000000000e+00 8.991596638655461327e-01 9.378238341968911929e-01
5.348101265822784445e-01 0.000000000000000000e+00 0.000000000000000000e+00 0.000000000000000000e+00 4.043062200956937802e-01
5.802047781569965590e-01 1.000000000000000056e-01 1.869158878504672758e-02 3.149606299212597688e-02 4.609586976183298046e-01
5.610561056105610733e-01 3.571428571428571230e-02 9.345794392523363789e-03 1.481481481481481191e-02 4.357953461758534708e-01
5.882352941176470784e-01 7.142857142857142461e-02 9.345794392523363789e-03 1.652892561983470773e-02 4.689586114819759288e-01
9.049180327868852070e-01 7.867647058823529216e-01 1.000000000000000000e+00 8.806584362139917577e-01 9.267676767676767957e-01
8.846153846153845812e-01 7.482517482517482277e-01 1.000000000000000000e+00 8.559999999999999831e-01 9.121951219512195452e-01
7.080536912751678180e-01 6.562500000000000000e-01 3.925233644859812965e-01 4.912280701754385692e-01 6.386700592063414561e-01
8.761904761904761862e-01 7.328767123287671659e-01 1.000000000000000000e+00 8.458498023715415037e-01 9.062500000000000000e-01
5.860927152317880751e-01 2.352941176470588203e-01 7.476635514018691031e-02 1.134751773049645224e-01 4.707165109034268102e-01
6.721854304635761501e-01 5.666666666666666519e-01 3.177570093457943723e-01 4.071856287425149046e-01 5.922118380062305620e-01
8.734177215189873333e-01 7.278911564625850650e-01 1.000000000000000000e+00 8.425196850393700254e-01 9.043062200956937247e-01
5.463258785942491924e-01 5.128205128205128027e-02 1.869158878504672758e-02 2.739726027397260122e-02 4.195399691498049033e-01
5.519480519480519654e-01 3.030303030303030387e-02 9.345794392523363789e-03 1.428571428571428353e-02 4.250709071465104683e-01
6.752411575562701218e-01 5.384615384615384359e-01 3.925233644859812965e-01 4.540540540540540793e-01 6.080263881253435976e-01
5.379746835443037778e-01 2.439024390243902524e-02 9.345794392523363789e-03 1.351351351351351079e-02 4.089791172919554074e-01
8.961038961038960693e-01 7.697841726618704916e-01 1.000000000000000000e+00 8.699186991869918284e-01 9.203980099502487855e-01
8.961038961038960693e-01 7.697841726618704916e-01 1.000000000000000000e+00 8.699186991869918284e-01 9.203980099502487855e-01
5.919732441471572404e-01 2.727272727272727071e-01 8.411214953271027583e-02 1.285714285714285587e-01 4.795560747663550893e-01
5.522875816993464415e-01 3.125000000000000000e-02 9.345794392523363789e-03 1.438848920863309254e-02 4.267834499600807185e-01
8.782894736842105088e-01 7.777777777777777901e-01 9.158878504672897103e-01 8.412017167381974359e-01 8.868779353859290726e-01
6.721854304635761501e-01 5.666666666666666519e-01 3.177570093457943723e-01 4.071856287425149046e-01 5.922118380062305620e-01
8.734177215189873333e-01 7.278911564625850650e-01 1.000000000000000000e+00 8.425196850393700254e-01 9.043062200956937247e-01
5.633333333333333526e-01 3.846153846153846367e-02 9.345794392523363789e-03 1.503759398496240518e-02 4.399060578180233327e-01
5.522875816993464415e-01 3.125000000000000000e-02 9.345794392523363789e-03 1.438848920863309254e-02 4.267834499600807185e-01
5.331230283911672085e-01 0.000000000000000000e+00 0.000000000000000000e+00 0.000000000000000000e+00 4.023809523809523947e-01
5.813148788927335886e-01 6.250000000000000000e-02 9.345794392523363789e-03 1.626016260162601451e-02 4.634641059874703983e-01
5.704697986577180746e-01 4.347826086956521618e-02 9.345794392523363789e-03 1.538461538461538200e-02 4.470812741596124629e-01
5.753424657534246256e-01 5.263157894736841813e-02 9.345794392523363789e-03 1.587301587301587213e-02 4.560242485476129759e-01
8.874598070739549982e-01 7.535211267605633756e-01 1.000000000000000000e+00 8.594377510040159818e-01 9.142156862745097756e-01
5.559210526315789824e-01 3.333333333333333287e-02 9.345794392523363789e-03 1.459854014598539924e-02 4.310688362825560449e-01
5.841924398625429893e-01 6.250000000000000000e-02 9.345794392523363789e-03 1.626016260162601451e-02 4.639120276310442215e-01
5.723905723905723386e-01 4.545454545454545581e-02 9.345794392523363789e-03 1.550387596899224611e-02 4.494097393015247799e-01
5.699999999999999512e-01 7.692307692307692735e-02 1.869158878504672758e-02 3.007518796992481036e-02 4.471696285894145584e-01
