9.076433121019108485e-01 7.867647058823529216e-01 1.000000000000000000e+00 8.806584362139917577e-01 9.299516908212560606e-01
6.187290969899665871e-01 4.102564102564102422e-01 1.495327102803738206e-01 2.191780821917808098e-01 5.148705218068536649e-01
9.129032258064516681e-01 7.985074626865671377e-01 1.000000000000000000e+00 8.879668049792530660e-01 9.334975369458128336e-01
5.429553264604810581e-01 0.000000000000000000e+00 0.000000000000000000e+00 0.000000000000000000e+00 4.293478260869565410e-01
5.960912052117264270e-01 3.333333333333333148e-01 1.588785046728971861e-01 2.151898734177215000e-01 4.944392523364485315e-01
8.725490196078431460e-01 7.786885245901639108e-01 8.878504672897196137e-01 8.296943231441046285e-01 8.760860376649602932e-01
4.873646209386281458e-01 0.000000000000000000e+00 0.000000000000000000e+00 0.000000000000000000e+00 3.970588235294117974e-01
4.749034749034748981e-01 0.000000000000000000e+00 0.000000000000000000e+00 0.000000000000000000e+00 4.046052631578947456e-01
5.766423357664233196e-01 4.000000000000000222e-01 1.682242990654205517e-01 2.368421052631578816e-01 5.032738261794168499e-01
5.140845070422535024e-01 0.000000000000000000e+00 0.000000000000000000e+00 0.000000000000000000e+00 4.124293785310734206e-01
4.606299212598425341e-01 0.000000000000000000e+00 0.000000000000000000e+00 0.000000000000000000e+00 3.979591836734693855e-01
5.214285714285714635e-01 0.000000000000000000e+00 0.000000000000000000e+00 0.000000000000000000e+00 4.219653179190751557e-01
9.076433121019108485e-01 7.867647058823529216e-01 1.000000000000000000e+00 8.806584362139917577e-01 9.299516908212560606e-01
8.968749999999999778e-01 7.642857142857142350e-01 1.000000000000000000e+00 8.663967611336031993e-01 9.225352112676056260e-01
5.186440677966102086e-01 0.000000000000000000e+00 0.000000000000000000e+00 0.000000000000000000e+00 4.069148936170212671e-01
8.965517241379310498e-01 7.642857142857142350e-01 1.000000000000000000e+00 8.663967611336031993e-01 9.221698113207547065e-01
9.044585987261146709e-01 7.810218978102190235e-01 1.000000000000000000e+00 8.770491803278688270e-01 9.275362318840579823e-01
8.913043478260869179e-01 7.535211267605633756e-01 1.000000000000000000e+00 8.594377510040159818e-01 9.186046511627906641e-01
8.913043478260869179e-01 7.535211267605633756e-01 1.000000000000000000e+00 8.594377510040159818e-01 9.186046511627906641e-01
4.923664122137404453e-01 0.000000000000000000e+00 0.000000000000000000e+00 0.000000000000000000e+00 4.161290322580645240e-01
6.045751633986927720e-01 3.250000000000000111e-01 1.214953271028037379e-01 1.768707482993197300e-01 4.929084675715023067e-01
8.974358974358974672e-01 7.697841726618704916e-01 1.000000000000000000e+00 8.699186991869918284e-01 9.219512195121950526e-01
8.913043478260869179e-01 7.535211267605633756e-01 1.000000000000000000e+00 8.594377510040159818e-01 9.186046511627906641e-01
8.913043478260869179e-01 7.535211267605633756e-01 1.000000000000000000e+00 8.594377510040159818e-01 9.186046511627906641e-01
8.968749999999999778e-01 7.642857142857142350e-01 1.000000000000000000e+00 8.663967611336031993e-01 9.225352112676056260e-01
5.186440677966102086e-01 0.000000000000000000e+00 0.000000000000000000e+00 0.000000000000000000e+00 4.069148936170212671e-01
4.449152542372881158e-01 0.000000000000000000e+00 0.000000000000000000e+00 0.000000000000000000e+00 4.069767441860465129e-01
6.006944444444444198e-01 4.090909090909091161e-01 1.682242990654205517e-01 2.384105960264900903e-01 5.122889451128208593e-01
5.814814814814814881e-01 4.375000000000000000e-01 1.962616822429906482e-01 2.709677419354838968e-01 5.153087552319247644e-01
8.913043478260869179e-01 7.535211267605633756e-01 1.000000000000000000e+00 8.594377510040159818e-01 9.186046511627906641e-01
5.438596491228070429e-01 2.444444444444444364e-01 1.028037383177570069e-01 1.447368421052631637e-01 4.558962511813503538e-01
6.336633663366336711e-01 4.615384615384615641e-01 2.242990654205607448e-01 3.018867924528301772e-01 5.407209612817089894e-01
8.913043478260869179e-01 7.535211267605633756e-01 1.000000000000000000e+00 8.594377510040159818e-01 9.186046511627906641e-01
5.071428571428571175e-01 0.000000000000000000e+00 0.000000000000000000e+00 0.000000000000000000e+00 4.104046242774566644e-01
5.631768953068592154e-01 3.055555555555555802e-01 1.028037383177570069e-01 1.538461538461538269e-01 4.778724573941725562e-01
8.913043478260869179e-01 7.535211267605633756e-01 1.000000000000000000e+00 8.594377510040159818e-01 9.186046511627906641e-01
5.939597315436241365e-01 3.250000000000000111e-01 1.214953271028037379e-01 1.768707482993197300e-01 4.900670352791505202e-01
