4.703389830508474811e-01 2.750000000000000222e-01 1.028037383177570069e-01 1.496598639455782309e-01 4.389987683836846788e-01
8.993506493506493449e-01 7.835820895522388474e-01 9.813084112149532690e-01 8.713692946058091415e-01 9.185149021248896206e-01
5.439189189189189699e-01 3.333333333333333287e-02 9.345794392523363789e-03 1.459854014598539924e-02 4.279533204766848842e-01
8.789808917197452498e-01 7.716535433070865757e-01 9.158878504672897103e-01 8.376068376068376287e-01 8.878956160549009713e-01
5.581395348837209225e-01 0.000000000000000000e+00 0.000000000000000000e+00 0.000000000000000000e+00 4.329896907216495006e-01
8.913043478260869179e-01 7.535211267605633756e-01 1.000000000000000000e+00 8.594377510040159818e-01 9.186046511627906641e-01
6.115107913669064477e-01 4.888888888888888729e-01 2.056074766355140138e-01 2.894736842105263275e-01 5.355522763294529032e-01
4.638783269961977429e-01 0.000000000000000000e+00 0.000000000000000000e+00 0.000000000000000000e+00 3.910256410256410242e-01
8.913043478260869179e-01 7.535211267605633756e-01 1.000000000000000000e+00 8.594377510040159818e-01 9.186046511627906641e-01
7.491856677524429964e-01 6.744186046511627675e-01 5.420560747663550893e-01 6.010362694300517283e-01 7.010280373831775380e-01
8.354838709677419040e-01 7.372881355932203729e-01 8.130841121495326895e-01 7.733333333333334281e-01 8.301873762718106065e-01
8.913043478260869179e-01 7.535211267605633756e-01 1.000000000000000000e+00 8.594377510040159818e-01 9.186046511627906641e-01
4.194915254237288060e-01 0.000000000000000000e+00 0.000000000000000000e+00 0.000000000000000000e+00 3.837209302325581550e-01
5.304054054054053724e-01 0.000000000000000000e+00 0.000000000000000000e+00 0.000000000000000000e+00 4.153439153439153486e-01
8.913043478260869179e-01 7.535211267605633756e-01 1.000000000000000000e+00 8.594377510040159818e-01 9.186046511627906641e-01
8.968749999999999778e-01 7.642857142857142350e-01 1.000000000000000000e+00 8.663967611336031993e-01 9.225352112676056260e-01
4.581673306772908183e-01 0.000000000000000000e+00 0.000000000000000000e+00 0.000000000000000000e+00 3.993055555555555802e-01
5.593220338983050377e-01 1.714285714285714302e-01 5.607476635514018620e-02 8.450704225352112520e-02 4.509097236031019973e-01
4.033613445378151363e-01 0.000000000000000000e+00 0.000000000000000000e+00 0.000000000000000000e+00 3.664122137404580148e-01
7.434210526315789824e-01 6.593406593406593297e-01 5.607476635514018204e-01 6.060606060606060774e-01 7.016936287300156172e-01
7.702265372168284330e-01 6.956521739130434590e-01 5.981308411214952825e-01 6.432160804020099487e-01 7.297584898676783283e-01
4.634146341463414864e-01 0.000000000000000000e+00 0.000000000000000000e+00 0.000000000000000000e+00 4.100719424460431695e-01
5.483870967741935054e-01 2.285714285714285643e-01 7.476635514018691031e-02 1.126760563380281577e-01 4.588948054770701779e-01
9.114754098360655643e-01 7.985074626865671377e-01 1.000000000000000000e+00 8.879668049792530660e-01 9.318181818181818787e-01
5.304054054054053724e-01 0.000000000000000000e+00 0.000000000000000000e+00 0.000000000000000000e+00 4.153439153439153486e-01
8.913043478260869179e-01 7.535211267605633756e-01 1.000000000000000000e+00 8.594377510040159818e-01 9.186046511627906641e-01
5.326460481099656308e-01 0.000000000000000000e+00 0.000000000000000000e+00 0.000000000000000000e+00 4.211956521739130266e-01
4.591439688715953094e-01 0.000000000000000000e+00 0.000000000000000000e+00 0.000000000000000000e+00 3.933333333333333126e-01
5.664335664335664600e-01 3.191489361702127825e-01 1.401869158878504551e-01 1.948051948051947868e-01 4.807079830835900291e-01
8.691275167785235123e-01 7.931034482758620996e-01 8.598130841121495171e-01 8.251121076233183249e-01 8.670793169251848065e-01
4.892086330935251914e-01 0.000000000000000000e+00 0.000000000000000000e+00 0.000000000000000000e+00 3.976608187134502703e-01
5.290102389078498168e-01 0.000000000000000000e+00 0.000000000000000000e+00 0.000000000000000000e+00 4.166666666666666852e-01
9.050632911392405555e-01 7.810218978102190235e-01 1.000000000000000000e+00 8.770491803278688270e-01 9.282296650717704045e-01
7.894736842105263275e-01 7.263157894736842479e-01 6.448598130841121101e-01 6.831683168316832200e-01 7.564400588263200387e-01
5.620689655172413923e-01 2.619047619047619180e-01 1.028037383177570069e-01 1.476510067114093772e-01 4.667024156069659035e-01
5.294117647058823595e-01 0.000000000000000000e+00 0.000000000000000000e+00 0.000000000000000000e+00 4.203296703296703352e-01
9.161073825503355250e-01 8.106060606060605522e-01 1.000000000000000000e+00 8.953974895397489586e-01 9.345549738219895985e-01
