4.963235294117647189e-01 0.000000000000000000e+00 0.000000000000000000e+00 0.000000000000000000e+00 4.090909090909090606e-01
5.250000000000000222e-01 0.000000000000000000e+00 0.000000000000000000e+00 0.000000000000000000e+00 4.248554913294797508e-01
5.054545454545454897e-01 8.571428571428571508e-02 2.803738317757009310e-02 4.225352112676056260e-02 4.187805963506897600e-01
8.673139158576051999e-01 7.704918032786884918e-01 8.785046728971962482e-01 8.209606986899562475e-01 8.699454057555288111e-01
8.543046357615894371e-01 7.560975609756097615e-01 8.691588785046728827e-01 8.086956521739130377e-01 8.576563623292595695e-01
5.587301587301587436e-01 0.000000000000000000e+00 0.000000000000000000e+00 0.000000000000000000e+00 4.230769230769230727e-01
9.015873015873016039e-01 7.753623188405797118e-01 1.000000000000000000e+00 8.734693877551020780e-01 9.254807692307691624e-01
9.108280254777070262e-01 7.925925925925926263e-01 1.000000000000000000e+00 8.842975206611569661e-01 9.323671497584541390e-01
5.306859205776173205e-01 1.515151515151515194e-01 4.672897196261682068e-02 7.142857142857142461e-02 4.410115448048377851e-01
7.912772585669781700e-01 6.851851851851852304e-01 6.915887850467289377e-01 6.883720930232558599e-01 7.663551401869157509e-01
4.982332155477031677e-01 0.000000000000000000e+00 0.000000000000000000e+00 0.000000000000000000e+00 4.005681818181818232e-01
5.376712328767123683e-01 0.000000000000000000e+00 0.000000000000000000e+00 0.000000000000000000e+00 4.243243243243243201e-01
5.487012987012986898e-01 0.000000000000000000e+00 0.000000000000000000e+00 0.000000000000000000e+00 4.203980099502487855e-01
9.158576051779935279e-01 8.045112781954887327e-01 1.000000000000000000e+00 8.916666666666667185e-01 9.356435643564355864e-01
8.937500000000000444e-01 7.588652482269503396e-01 1.000000000000000000e+00 8.629032258064516236e-01 9.201877934272301163e-01
6.666666666666666297e-01 5.614035087719297934e-01 2.990654205607476412e-01 3.902439024390243483e-01 5.847658709021354984e-01
9.022082018927445324e-01 7.753623188405797118e-01 1.000000000000000000e+00 8.734693877551020780e-01 9.261904761904761196e-01
8.913043478260869179e-01 7.535211267605633756e-01 1.000000000000000000e+00 8.594377510040159818e-01 9.186046511627906641e-01
4.759999999999999787e-01 2.391304347826087029e-01 1.028037383177570069e-01 1.437908496732026031e-01 4.290242467812561133e-01
5.140845070422535024e-01 0.000000000000000000e+00 0.000000000000000000e+00 0.000000000000000000e+00 4.124293785310734206e-01
8.892508143322475078e-01 7.967479674796748013e-01 9.158878504672897103e-01 8.521739130434782261e-01 8.954439252336447996e-01
5.868852459016393741e-01 2.432432432432432567e-01 8.411214953271027583e-02 1.250000000000000000e-01 4.713490040592843711e-01
5.000000000000000000e-01 0.000000000000000000e+00 0.000000000000000000e+00 0.000000000000000000e+00 4.064327485380117011e-01
6.012861736334405016e-01 2.926829268292682751e-01 1.121495327102803724e-01 1.621621621621621712e-01 4.849963349825912040e-01
9.158576051779935279e-01 8.045112781954887327e-01 1.000000000000000000e+00 8.916666666666667185e-01 9.356435643564355864e-01
8.937500000000000444e-01 7.588652482269503396e-01 1.000000000000000000e+00 8.629032258064516236e-01 9.201877934272301163e-01
8.940809968847351907e-01 7.588652482269503396e-01 1.000000000000000000e+00 8.629032258064516236e-01 9.205607476635513375e-01
4.204081632653061118e-01 0.000000000000000000e+00 0.000000000000000000e+00 0.000000000000000000e+00 3.731884057971014412e-01
5.555555555555555802e-01 3.142857142857142794e-01 1.028037383177570069e-01 1.549295774647887203e-01 4.777822372570379450e-01
5.251798561151078681e-01 0.000000000000000000e+00 0.000000000000000000e+00 0.000000000000000000e+00 4.269005847953216692e-01
5.458015267175572172e-01 2.857142857142856984e-01 7.476635514018691031e-02 1.185185185185184953e-01 4.728670485378353994e-01
8.913043478260869179e-01 7.535211267605633756e-01 1.000000000000000000e+00 8.594377510040159818e-01 9.186046511627906641e-01
6.140939597315435705e-01 4.130434782608695676e-01 1.775700934579439172e-01 2.483660130718954306e-01 5.181044184567206168e-01
9.015873015873016039e-01 7.753623188405797118e-01 1.000000000000000000e+00 8.734693877551020780e-01 9.254807692307691624e-01
8.913043478260869179e-01 7.535211267605633756e-01 1.000000000000000000e+00 8.594377510040159818e-01 9.186046511627906641e-01
8.913043478260869179e-01 7.535211267605633756e-01 1.000000000000000000e+00 8.594377510040159818e-01 9.186046511627906641e-01
9.114754098360655643e-01 7.985074626865671377e-01 1.000000000000000000e+00 8.879668049792530660e-01 9.318181818181818787e-01
