5.093167701863353658e-01 0.000000000000000000e+00 0.000000000000000000e+00 0.000000000000000000e+00 3.813953488372092693e-01
5.093167701863353658e-01 0.000000000000000000e+00 0.000000000000000000e+00 0.000000000000000000e+00 3.813953488372092693e-01
5.093167701863353658e-01 0.000000000000000000e+00 0.000000000000000000e+00 0.000000000000000000e+00 3.813953488372092693e-01
8.575949367088607778e-01 7.039473684210526550e-01 1.000000000000000000e+00 8.262548262548262690e-01 8.923444976076555513e-01
7.949526813880126719e-01 6.567164179104477695e-01 8.224299065420560551e-01 7.302904564315352287e-01 8.016911437472185042e-01
5.093167701863353658e-01 0.000000000000000000e+00 0.000000000000000000e+00 0.000000000000000000e+00 3.813953488372092693e-01
9.003322259136212757e-01 7.810218978102190235e-01 1.000000000000000000e+00 8.770491803278688270e-01 9.226804123711340733e-01
8.553054662379421247e-01 7.183098591549296197e-01 9.532710280373831724e-01 8.192771084337350240e-01 8.785962983324170361e-01
5.093167701863353658e-01 0.000000000000000000e+00 0.000000000000000000e+00 0.000000000000000000e+00 3.813953488372092693e-01
8.798701298701299134e-01 7.430555555555555802e-01 1.000000000000000000e+00 8.525896414342629681e-01 9.079601990049751548e-01
5.093167701863353658e-01 0.000000000000000000e+00 0.000000000000000000e+00 0.000000000000000000e+00 3.813953488372092693e-01
5.093167701863353658e-01 0.000000000000000000e+00 0.000000000000000000e+00 0.000000000000000000e+00 3.813953488372092693e-01
5.093167701863353658e-01 0.000000000000000000e+00 0.000000000000000000e+00 0.000000000000000000e+00 3.813953488372092693e-01
5.093167701863353658e-01 0.000000000000000000e+00 0.000000000000000000e+00 0.000000000000000000e+00 3.813953488372092693e-01
8.442367601246105746e-01 6.815286624203821253e-01 1.000000000000000000e+00 8.106060606060605522e-01 8.831775700934578754e-01
5.205047318611987217e-01 2.127659574468085055e-02 9.345794392523363789e-03 1.298701298701298787e-02 3.951490876724521040e-01
8.522012578616352529e-01 6.948051948051947591e-01 1.000000000000000000e+00 8.199233716475095024e-01 8.886255924170616272e-01
8.178807947019867131e-01 7.280701754385965341e-01 7.757009345794392274e-01 7.511312217194570096e-01 8.083632878025401869e-01
5.591054313099041995e-01 2.075471698113207641e-01 1.028037383177570069e-01 1.375000000000000111e-01 4.494601215860629662e-01
5.093167701863353658e-01 0.000000000000000000e+00 0.000000000000000000e+00 0.000000000000000000e+00 3.813953488372092693e-01
8.522012578616352529e-01 6.948051948051947591e-01 1.000000000000000000e+00 8.199233716475095024e-01 8.886255924170616272e-01
8.439490445859872958e-01 7.013888888888888395e-01 9.439252336448598069e-01 8.047808764940238557e-01 8.680978825229129781e-01
5.093167701863353658e-01 0.000000000000000000e+00 0.000000000000000000e+00 0.000000000000000000e+00 3.813953488372092693e-01
5.093167701863353658e-01 0.000000000000000000e+00 0.000000000000000000e+00 0.000000000000000000e+00 3.813953488372092693e-01
5.093167701863353658e-01 0.000000000000000000e+00 0.000000000000000000e+00 0.000000000000000000e+00 3.813953488372092693e-01
8.442367601246105746e-01 6.815286624203821253e-01 1.000000000000000000e+00 8.106060606060605522e-01 8.831775700934578754e-01
5.093167701863353658e-01 0.000000000000000000e+00 0.000000000000000000e+00 0.000000000000000000e+00 3.813953488372092693e-01
5.205047318611987217e-01 2.127659574468085055e-02 9.345794392523363789e-03 1.298701298701298787e-02 3.951490876724521040e-01
5.093167701863353658e-01 0.000000000000000000e+00 0.000000000000000000e+00 0.000000000000000000e+00 3.813953488372092693e-01
5.093167701863353658e-01 0.000000000000000000e+00 0.000000000000000000e+00 0.000000000000000000e+00 3.813953488372092693e-01
5.093167701863353658e-01 0.000000000000000000e+00 0.000000000000000000e+00 0.000000000000000000e+00 3.813953488372092693e-01
8.603174603174603696e-01 7.086092715231787631e-01 1.000000000000000000e+00 8.294573643410853014e-01 8.942307692307691624e-01
5.271565495207667373e-01 2.325581395348837177e-02 9.345794392523363789e-03 1.333333333333333245e-02 4.027311496234461385e-01
5.093167701863353658e-01 0.000000000000000000e+00 0.000000000000000000e+00 0.000000000000000000e+00 3.813953488372092693e-01
8.468750000000000444e-01 6.858974358974359031e-01 1.000000000000000000e+00 8.136882129277566156e-01 8.849765258215962493e-01
8.468750000000000444e-01 6.858974358974359031e-01 1.000000000000000000e+00 8.136882129277566156e-01 8.849765258215962493e-01
5.335463258785942964e-01 6.666666666666666574e-02 2.803738317757009310e-02 3.947368421052631360e-02 4.120769440159695041e-01
