5.271565495207667373e-01 2.325581395348837177e-02 9.345794392523363789e-03 1.333333333333333245e-02 4.027311496234461385e-01
8.416149068322981153e-01 6.772151898734176667e-01 1.000000000000000000e+00 8.075471698113206864e-01 8.813953488372092693e-01
5.910543130990415506e-01 3.333333333333333148e-01 1.962616822429906482e-01 2.470588235294117752e-01 4.961890935486797938e-01
5.935483870967741549e-01 3.389830508474576121e-01 1.869158878504672827e-01 2.409638554216867179e-01 4.973988306247410507e-01
5.322580645161290036e-01 2.500000000000000139e-02 9.345794392523363789e-03 1.360544217687074606e-02 4.086137838957690782e-01
5.335463258785942964e-01 6.666666666666666574e-02 2.803738317757009310e-02 3.947368421052631360e-02 4.120769440159695041e-01
5.093167701863353658e-01 0.000000000000000000e+00 0.000000000000000000e+00 0.000000000000000000e+00 3.813953488372092693e-01
5.093167701863353658e-01 0.000000000000000000e+00 0.000000000000000000e+00 0.000000000000000000e+00 3.813953488372092693e-01
8.603174603174603696e-01 7.086092715231787631e-01 1.000000000000000000e+00 8.294573643410853014e-01 8.942307692307691624e-01
8.525641025641025328e-01 7.132867132867133364e-01 9.532710280373831724e-01 8.160000000000000586e-01 8.766355140186916639e-01
5.645161290322581182e-01 2.200000000000000011e-01 1.028037383177570069e-01 1.401273885350318438e-01 4.553427558583859058e-01
6.366666666666667140e-01 4.821428571428571508e-01 2.523364485981308136e-01 3.312883435582821834e-01 5.510386906203088575e-01
5.093167701863353658e-01 0.000000000000000000e+00 0.000000000000000000e+00 0.000000000000000000e+00 3.813953488372092693e-01
5.093167701863353658e-01 0.000000000000000000e+00 0.000000000000000000e+00 0.000000000000000000e+00 3.813953488372092693e-01
8.468750000000000444e-01 6.858974358974359031e-01 1.000000000000000000e+00 8.136882129277566156e-01 8.849765258215962493e-01
5.093167701863353658e-01 0.000000000000000000e+00 0.000000000000000000e+00 0.000000000000000000e+00 3.813953488372092693e-01
5.271565495207667373e-01 2.325581395348837177e-02 9.345794392523363789e-03 1.333333333333333245e-02 4.027311496234461385e-01
5.093167701863353658e-01 0.000000000000000000e+00 0.000000000000000000e+00 0.000000000000000000e+00 3.813953488372092693e-01
5.573248407643311975e-01 2.037037037037036924e-01 1.028037383177570069e-01 1.366459627329192628e-01 4.475371348593615295e-01
9.186440677966101198e-01 8.167938931297710203e-01 1.000000000000000000e+00 8.991596638655461327e-01 9.361702127659574657e-01
8.630573248407643616e-01 7.133333333333333748e-01 1.000000000000000000e+00 8.326848249027237747e-01 8.961352657004830746e-01
5.093167701863353658e-01 0.000000000000000000e+00 0.000000000000000000e+00 0.000000000000000000e+00 3.813953488372092693e-01
5.093167701863353658e-01 0.000000000000000000e+00 0.000000000000000000e+00 0.000000000000000000e+00 3.813953488372092693e-01
5.335463258785942964e-01 6.666666666666666574e-02 2.803738317757009310e-02 3.947368421052631360e-02 4.120769440159695041e-01
5.093167701863353658e-01 0.000000000000000000e+00 0.000000000000000000e+00 0.000000000000000000e+00 3.813953488372092693e-01
8.468750000000000444e-01 6.858974358974359031e-01 1.000000000000000000e+00 8.136882129277566156e-01 8.849765258215962493e-01
5.093167701863353658e-01 0.000000000000000000e+00 0.000000000000000000e+00 0.000000000000000000e+00 3.813953488372092693e-01
5.615141955835961651e-01 2.333333333333333370e-01 1.308411214953270896e-01 1.676646706586826241e-01 4.558967512238540354e-01
5.271565495207667373e-01 2.325581395348837177e-02 9.345794392523363789e-03 1.333333333333333245e-02 4.027311496234461385e-01
8.522012578616352529e-01 6.948051948051947591e-01 1.000000000000000000e+00 8.199233716475095024e-01 8.886255924170616272e-01
5.093167701863353658e-01 0.000000000000000000e+00 0.000000000000000000e+00 0.000000000000000000e+00 3.813953488372092693e-01
5.093167701863353658e-01 0.000000000000000000e+00 0.000000000000000000e+00 0.000000000000000000e+00 3.813953488372092693e-01
8.630573248407643616e-01 7.133333333333333748e-01 1.000000000000000000e+00 8.326848249027237747e-01 8.961352657004830746e-01
8.798701298701299134e-01 7.430555555555555802e-01 1.000000000000000000e+00 8.525896414342629681e-01 9.079601990049751548e-01
5.205047318611987217e-01 2.127659574468085055e-02 9.345794392523363789e-03 1.298701298701298787e-02 3.951490876724521040e-01
5.254777070063694211e-01 2.272727272727272790e-02 9.345794392523363789e-03 1.324503311258277971e-02 4.008081628967447019e-01
8.522012578616352529e-01 6.948051948051947591e-01 1.000000000000000000e+00 8.199233716475095024e-01 8.886255924170616272e-01
