8.798701298701299134e-01 7.430555555555555802e-01 1.000000000000000000e+00 8.525896414342629681e-01 9.079601990049751548e-01
6.698717948717948234e-01 5.232558139534884134e-01 4.205607476635513930e-01 4.663212435233161091e-01 6.102803738317756910e-01
8.856209150326797008e-01 7.535211267605633756e-01 1.000000000000000000e+00 8.594377510040159818e-01 9.120603015075376963e-01
5.093167701863353658e-01 0.000000000000000000e+00 0.000000000000000000e+00 0.000000000000000000e+00 3.813953488372092693e-01
5.093167701863353658e-01 0.000000000000000000e+00 0.000000000000000000e+00 0.000000000000000000e+00 3.813953488372092693e-01
8.798701298701299134e-01 7.430555555555555802e-01 1.000000000000000000e+00 8.525896414342629681e-01 9.079601990049751548e-01
5.093167701863353658e-01 0.000000000000000000e+00 0.000000000000000000e+00 0.000000000000000000e+00 3.813953488372092693e-01
5.093167701863353658e-01 0.000000000000000000e+00 0.000000000000000000e+00 0.000000000000000000e+00 3.813953488372092693e-01
5.495207667731629719e-01 1.600000000000000033e-01 7.476635514018691031e-02 1.019108280254777121e-01 4.354414299972779179e-01
5.093167701863353658e-01 0.000000000000000000e+00 0.000000000000000000e+00 0.000000000000000000e+00 3.813953488372092693e-01
5.093167701863353658e-01 0.000000000000000000e+00 0.000000000000000000e+00 0.000000000000000000e+00 3.813953488372092693e-01
8.071895424836601496e-01 7.033898305084745894e-01 7.757009345794392274e-01 7.377777777777777546e-01 7.999107687972573100e-01
8.798701298701299134e-01 7.430555555555555802e-01 1.000000000000000000e+00 8.525896414342629681e-01 9.079601990049751548e-01
8.522012578616352529e-01 6.948051948051947591e-01 1.000000000000000000e+00 8.199233716475095024e-01 8.886255924170616272e-01
5.271565495207667373e-01 2.325581395348837177e-02 9.345794392523363789e-03 1.333333333333333245e-02 4.027311496234461385e-01
8.522012578616352529e-01 6.948051948051947591e-01 1.000000000000000000e+00 8.199233716475095024e-01 8.886255924170616272e-01
8.522012578616352529e-01 6.948051948051947591e-01 1.000000000000000000e+00 8.199233716475095024e-01 8.886255924170616272e-01
8.522012578616352529e-01 6.948051948051947591e-01 1.000000000000000000e+00 8.199233716475095024e-01 8.886255924170616272e-01
5.271565495207667373e-01 2.325581395348837177e-02 9.345794392523363789e-03 1.333333333333333245e-02 4.027311496234461385e-01
5.093167701863353658e-01 0.000000000000000000e+00 0.000000000000000000e+00 0.000000000000000000e+00 3.813953488372092693e-01
6.209150326797385766e-01 4.262295081967212851e-01 2.429906542056074759e-01 3.095238095238095344e-01 5.335556286103414481e-01
6.987179487179486781e-01 5.684210526315789380e-01 5.046728971962616273e-01 5.346534653465346842e-01 6.523364485981308913e-01
5.496688741721854621e-01 6.060606060606060774e-02 1.869158878504672758e-02 2.857142857142856707e-02 4.298586149053438832e-01
5.093167701863353658e-01 0.000000000000000000e+00 0.000000000000000000e+00 0.000000000000000000e+00 3.813953488372092693e-01
8.522012578616352529e-01 6.948051948051947591e-01 1.000000000000000000e+00 8.199233716475095024e-01 8.886255924170616272e-01
5.271565495207667373e-01 2.325581395348837177e-02 9.345794392523363789e-03 1.333333333333333245e-02 4.027311496234461385e-01
5.782747603833865435e-01 2.881355932203389925e-01 1.588785046728971861e-01 2.048192771084337005e-01 4.774975047636330627e-01
5.093167701863353658e-01 0.000000000000000000e+00 0.000000000000000000e+00 0.000000000000000000e+00 3.813953488372092693e-01
5.718849840255590955e-01 2.631578947368420907e-01 1.401869158878504551e-01 1.829268292682927066e-01 4.681517103711096972e-01
8.630573248407643616e-01 7.133333333333333748e-01 1.000000000000000000e+00 8.326848249027237747e-01 8.961352657004830746e-01
5.205047318611987217e-01 2.127659574468085055e-02 9.345794392523363789e-03 1.298701298701298787e-02 3.951490876724521040e-01
5.814696485623003230e-01 2.999999999999999889e-01 1.682242990654205517e-01 2.155688622754491079e-01 4.821704019598947455e-01
5.093167701863353658e-01 0.000000000000000000e+00 0.000000000000000000e+00 0.000000000000000000e+00 3.813953488372092693e-01
5.093167701863353658e-01 0.000000000000000000e+00 0.000000000000000000e+00 0.000000000000000000e+00 3.813953488372092693e-01
5.093167701863353658e-01 0.000000000000000000e+00 0.000000000000000000e+00 0.000000000000000000e+00 3.813953488372092693e-01
8.798701298701299134e-01 7.430555555555555802e-01 1.000000000000000000e+00 8.525896414342629681e-01 9.079601990049751548e-01
8.713826366559485059e-01 7.278911564625850650e-01 1.000000000000000000e+00 8.425196850393700254e-01 9.019607843137255054e-01
