5.156250000000000000e-01 0.000000000000000000e+00 0.000000000000000000e+00 0.000000000000000000e+00 3.873239436619718146e-01
5.156250000000000000e-01 0.000000000000000000e+00 0.000000000000000000e+00 0.000000000000000000e+00 3.873239436619718146e-01
5.156250000000000000e-01 0.000000000000000000e+00 0.000000000000000000e+00 0.000000000000000000e+00 3.873239436619718146e-01
8.634920634920635329e-01 7.133333333333333748e-01 1.000000000000000000e+00 8.326848249027237747e-01 8.966346153846154188e-01
8.859934853420194933e-01 7.535211267605633756e-01 1.000000000000000000e+00 8.594377510040159818e-01 9.124999999999999778e-01
5.269841269841269993e-01 2.272727272727272790e-02 9.345794392523363789e-03 1.324503311258277971e-02 4.013075125808770460e-01
8.859934853420194933e-01 7.535211267605633756e-01 1.000000000000000000e+00 8.594377510040159818e-01 9.124999999999999778e-01
5.570469798657717853e-01 3.703703703703703498e-02 9.345794392523363789e-03 1.492537313432835792e-02 4.366100699711307209e-01
5.156250000000000000e-01 0.000000000000000000e+00 0.000000000000000000e+00 0.000000000000000000e+00 3.873239436619718146e-01
8.446601941747572395e-01 7.218045112781954487e-01 8.971962616822429792e-01 7.999999999999999334e-01 8.570139724252799907e-01
5.156250000000000000e-01 0.000000000000000000e+00 0.000000000000000000e+00 0.000000000000000000e+00 3.873239436619718146e-01
5.422077922077922496e-01 5.263157894736841813e-02 1.869158878504672758e-02 2.758620689655172376e-02 4.197935555865532353e-01
5.303514376996805169e-01 2.380952380952380820e-02 9.345794392523363789e-03 1.342281879194630670e-02 4.051583340894654994e-01
5.156250000000000000e-01 0.000000000000000000e+00 0.000000000000000000e+00 0.000000000000000000e+00 3.873239436619718146e-01
8.717948717948718063e-01 7.278911564625850650e-01 1.000000000000000000e+00 8.425196850393700254e-01 9.024390243902439268e-01
5.439739413680781954e-01 5.405405405405405705e-02 1.869158878504672758e-02 2.777777777777777277e-02 4.218457943925233433e-01
8.634920634920635329e-01 7.133333333333333748e-01 1.000000000000000000e+00 8.326848249027237747e-01 8.966346153846154188e-01
8.289473684210526550e-01 7.310924369747898721e-01 8.130841121495326895e-01 7.699115044247786255e-01 8.253237819630911964e-01
5.407166123778501809e-01 2.777777777777777624e-02 9.345794392523363789e-03 1.398601398601398600e-02 4.171728971962616050e-01
5.156250000000000000e-01 0.000000000000000000e+00 0.000000000000000000e+00 0.000000000000000000e+00 3.873239436619718146e-01
8.690095846645367050e-01 7.229729729729730270e-01 1.000000000000000000e+00 8.392156862745098200e-01 9.004854368932038167e-01
7.961783439490446312e-01 6.692913385826771977e-01 7.943925233644859585e-01 7.264957264957265792e-01 7.957469863199241322e-01
5.156250000000000000e-01 0.000000000000000000e+00 0.000000000000000000e+00 0.000000000000000000e+00 3.873239436619718146e-01
5.442622950819672178e-01 2.941176470588235253e-02 9.345794392523363789e-03 1.418439716312056530e-02 4.213395638629283124e-01
5.156250000000000000e-01 0.000000000000000000e+00 0.000000000000000000e+00 0.000000000000000000e+00 3.873239436619718146e-01
8.717948717948718063e-01 7.278911564625850650e-01 1.000000000000000000e+00 8.425196850393700254e-01 9.024390243902439268e-01
5.156250000000000000e-01 0.000000000000000000e+00 0.000000000000000000e+00 0.000000000000000000e+00 3.873239436619718146e-01
5.303514376996805169e-01 2.380952380952380820e-02 9.345794392523363789e-03 1.342281879194630670e-02 4.051583340894654994e-01
5.156250000000000000e-01 0.000000000000000000e+00 0.000000000000000000e+00 0.000000000000000000e+00 3.873239436619718146e-01
5.156250000000000000e-01 0.000000000000000000e+00 0.000000000000000000e+00 0.000000000000000000e+00 3.873239436619718146e-01
5.156250000000000000e-01 0.000000000000000000e+00 0.000000000000000000e+00 0.000000000000000000e+00 3.873239436619718146e-01
8.774193548387096975e-01 7.379310344827586521e-01 1.000000000000000000e+00 8.492063492063492980e-01 9.064039408866995107e-01
5.354838709677419706e-01 2.564102564102564014e-02 9.345794392523363789e-03 1.369863013698630061e-02 4.110768380829611379e-01
5.637583892617449299e-01 1.034482758620689641e-01 2.803738317757009310e-02 4.411764705882353227e-02 4.459558643636540864e-01
8.526645768025078453e-01 6.948051948051947591e-01 1.000000000000000000e+00 8.199233716475095024e-01 8.891509433962263564e-01
8.526645768025078453e-01 6.948051948051947591e-01 1.000000000000000000e+00 8.199233716475095024e-01 8.891509433962263564e-01
5.866666666666666696e-01 2.820512820512820484e-01 1.028037383177570069e-01 1.506849315068493067e-01 4.788630090552515872e-01
