8.526645768025078453e-01 6.948051948051947591e-01 1.000000000000000000e+00 8.199233716475095024e-01 8.891509433962263564e-01
8.006993006993007311e-01 8.205128205128204844e-01 5.981308411214952825e-01 6.918918918918919303e-01 7.599592753093510344e-01
8.078175895765472569e-01 7.033898305084745894e-01 7.757009345794392274e-01 7.377777777777777546e-01 8.003504672897195915e-01
5.156250000000000000e-01 0.000000000000000000e+00 0.000000000000000000e+00 0.000000000000000000e+00 3.873239436619718146e-01
5.156250000000000000e-01 0.000000000000000000e+00 0.000000000000000000e+00 0.000000000000000000e+00 3.873239436619718146e-01
8.506493506493506551e-01 7.293233082706767068e-01 9.065420560747663448e-01 8.083333333333333481e-01 8.637187892314130977e-01
5.156250000000000000e-01 0.000000000000000000e+00 0.000000000000000000e+00 0.000000000000000000e+00 3.873239436619718146e-01
5.389610389610389740e-01 2.702702702702702853e-02 9.345794392523363789e-03 1.388888888888888638e-02 4.151206583902914971e-01
6.105610561056105112e-01 3.921568627450980338e-01 1.869158878504672827e-01 2.531645569620253333e-01 5.143763112721724262e-01
5.354838709677419706e-01 2.564102564102564014e-02 9.345794392523363789e-03 1.369863013698630061e-02 4.110768380829611379e-01
5.156250000000000000e-01 0.000000000000000000e+00 0.000000000000000000e+00 0.000000000000000000e+00 3.873239436619718146e-01
6.046511627906976383e-01 3.695652173913043237e-01 1.588785046728971861e-01 2.222222222222221821e-01 5.046969842952113705e-01
8.214285714285713969e-01 7.096774193548387455e-01 8.224299065420560551e-01 7.619047619047619735e-01 8.216627144650580084e-01
8.690095846645367050e-01 7.229729729729730270e-01 1.000000000000000000e+00 8.392156862745098200e-01 9.004854368932038167e-01
5.156250000000000000e-01 0.000000000000000000e+00 0.000000000000000000e+00 0.000000000000000000e+00 3.873239436619718146e-01
8.717948717948718063e-01 7.278911564625850650e-01 1.000000000000000000e+00 8.425196850393700254e-01 9.024390243902439268e-01
8.690095846645367050e-01 7.229729729729730270e-01 1.000000000000000000e+00 8.392156862745098200e-01 9.004854368932038167e-01
8.690095846645367050e-01 7.229729729729730270e-01 1.000000000000000000e+00 8.392156862745098200e-01 9.004854368932038167e-01
5.805369127516778471e-01 2.352941176470588203e-01 7.476635514018691031e-02 1.134751773049645224e-01 4.693203503449625558e-01
5.533333333333333437e-01 3.448275862068965469e-02 9.345794392523363789e-03 1.470588235294117453e-02 4.321340370926347041e-01
5.803278688524590168e-01 2.666666666666666630e-01 1.121495327102803724e-01 1.578947368421052544e-01 4.727414330218068783e-01
5.475409836065573410e-01 5.714285714285714107e-02 1.869158878504672758e-02 2.816901408450703942e-02 4.260124610591900507e-01
5.156250000000000000e-01 0.000000000000000000e+00 0.000000000000000000e+00 0.000000000000000000e+00 3.873239436619718146e-01
5.303514376996805169e-01 2.380952380952380820e-02 9.345794392523363789e-03 1.342281879194630670e-02 4.051583340894654994e-01
8.690095846645367050e-01 7.229729729729730270e-01 1.000000000000000000e+00 8.392156862745098200e-01 9.004854368932038167e-01
5.156250000000000000e-01 0.000000000000000000e+00 0.000000000000000000e+00 0.000000000000000000e+00 3.873239436619718146e-01
5.236593059936908157e-01 2.173913043478260809e-02 9.345794392523363789e-03 1.307189542483659823e-02 3.975300400534044765e-01
5.156250000000000000e-01 0.000000000000000000e+00 0.000000000000000000e+00 0.000000000000000000e+00 3.873239436619718146e-01
5.407166123778501809e-01 2.777777777777777624e-02 9.345794392523363789e-03 1.398601398601398600e-02 4.171728971962616050e-01
8.507936507936507686e-01 7.054794520547945647e-01 9.626168224299065379e-01 8.142292490118577808e-01 8.779430265995687988e-01
5.156250000000000000e-01 0.000000000000000000e+00 0.000000000000000000e+00 0.000000000000000000e+00 3.873239436619718146e-01
6.065573770491803351e-01 3.773584905660377631e-01 1.869158878504672827e-01 2.500000000000000000e-01 5.101246105919002849e-01
5.354838709677419706e-01 2.564102564102564014e-02 9.345794392523363789e-03 1.369863013698630061e-02 4.110768380829611379e-01
5.156250000000000000e-01 0.000000000000000000e+00 0.000000000000000000e+00 0.000000000000000000e+00 3.873239436619718146e-01
5.551948051948052409e-01 1.428571428571428492e-01 5.607476635514018620e-02 8.053691275167784713e-02 4.384851443715999664e-01
8.662420382165605393e-01 7.181208053691274795e-01 1.000000000000000000e+00 8.359375000000000000e-01 8.985507246376811530e-01
8.690095846645367050e-01 7.229729729729730270e-01 1.000000000000000000e+00 8.392156862745098200e-01 9.004854368932038167e-01
