5.156250000000000000e-01 0.000000000000000000e+00 0.000000000000000000e+00 0.000000000000000000e+00 3.873239436619718146e-01
8.634920634920635329e-01 7.133333333333333748e-01 1.000000000000000000e+00 8.326848249027237747e-01 8.966346153846154188e-01
7.850162866449511556e-01 6.846846846846846857e-01 7.102803738317756688e-01 6.972477064220183873e-01 7.676401869158878677e-01
5.718849840255590955e-01 2.545454545454545192e-01 1.308411214953270896e-01 1.728395061728394688e-01 4.659059976408674308e-01
5.442622950819672178e-01 2.941176470588235253e-02 9.345794392523363789e-03 1.418439716312056530e-02 4.213395638629283124e-01
5.627118644067796716e-01 4.166666666666666435e-02 9.345794392523363789e-03 1.526717557251908164e-02 4.435026844303041615e-01
5.156250000000000000e-01 0.000000000000000000e+00 0.000000000000000000e+00 0.000000000000000000e+00 3.873239436619718146e-01
5.156250000000000000e-01 0.000000000000000000e+00 0.000000000000000000e+00 0.000000000000000000e+00 3.873239436619718146e-01
8.774193548387096975e-01 7.379310344827586521e-01 1.000000000000000000e+00 8.492063492063492980e-01 9.064039408866995107e-01
8.745980707395498710e-01 7.328767123287671659e-01 1.000000000000000000e+00 8.458498023715415037e-01 9.044117647058823595e-01
5.404530744336569770e-01 5.128205128205128027e-02 1.869158878504672758e-02 2.739726027397260122e-02 4.177616359766818110e-01
9.060402684563758635e-01 8.015267175572519109e-01 9.813084112149532690e-01 8.823529411764705621e-01 9.225913783823457281e-01
5.156250000000000000e-01 0.000000000000000000e+00 0.000000000000000000e+00 0.000000000000000000e+00 3.873239436619718146e-01
5.354838709677419706e-01 2.564102564102564014e-02 9.345794392523363789e-03 1.369863013698630061e-02 4.110768380829611379e-01
8.526645768025078453e-01 6.948051948051947591e-01 1.000000000000000000e+00 8.199233716475095024e-01 8.891509433962263564e-01
5.156250000000000000e-01 0.000000000000000000e+00 0.000000000000000000e+00 0.000000000000000000e+00 3.873239436619718146e-01
5.156250000000000000e-01 0.000000000000000000e+00 0.000000000000000000e+00 0.000000000000000000e+00 3.873239436619718146e-01
5.354838709677419706e-01 2.564102564102564014e-02 9.345794392523363789e-03 1.369863013698630061e-02 4.110768380829611379e-01
5.303514376996805169e-01 2.380952380952380820e-02 9.345794392523363789e-03 1.342281879194630670e-02 4.051583340894654994e-01
8.859934853420194933e-01 7.535211267605633756e-01 1.000000000000000000e+00 8.594377510040159818e-01 9.124999999999999778e-01
8.634920634920635329e-01 7.133333333333333748e-01 1.000000000000000000e+00 8.326848249027237747e-01 8.966346153846154188e-01
5.156250000000000000e-01 0.000000000000000000e+00 0.000000000000000000e+00 0.000000000000000000e+00 3.873239436619718146e-01
5.156250000000000000e-01 0.000000000000000000e+00 0.000000000000000000e+00 0.000000000000000000e+00 3.873239436619718146e-01
5.318471337579617764e-01 4.545454545454545581e-02 1.869158878504672758e-02 2.649006622516555942e-02 4.078965190302045185e-01
5.354838709677419706e-01 2.564102564102564014e-02 9.345794392523363789e-03 1.369863013698630061e-02 4.110768380829611379e-01
8.526645768025078453e-01 6.948051948051947591e-01 1.000000000000000000e+00 8.199233716475095024e-01 8.891509433962263564e-01
5.156250000000000000e-01 0.000000000000000000e+00 0.000000000000000000e+00 0.000000000000000000e+00 3.873239436619718146e-01
5.156250000000000000e-01 0.000000000000000000e+00 0.000000000000000000e+00 0.000000000000000000e+00 3.873239436619718146e-01
5.236593059936908157e-01 2.173913043478260809e-02 9.345794392523363789e-03 1.307189542483659823e-02 3.975300400534044765e-01
8.690095846645367050e-01 7.229729729729730270e-01 1.000000000000000000e+00 8.392156862745098200e-01 9.004854368932038167e-01
5.156250000000000000e-01 0.000000000000000000e+00 0.000000000000000000e+00 0.000000000000000000e+00 3.873239436619718146e-01
5.156250000000000000e-01 0.000000000000000000e+00 0.000000000000000000e+00 0.000000000000000000e+00 3.873239436619718146e-01
8.634920634920635329e-01 7.133333333333333748e-01 1.000000000000000000e+00 8.326848249027237747e-01 8.966346153846154188e-01
8.802588996763753837e-01 7.430555555555555802e-01 1.000000000000000000e+00 8.525896414342629681e-01 9.084158415841584455e-01
5.156250000000000000e-01 0.000000000000000000e+00 0.000000000000000000e+00 0.000000000000000000e+00 3.873239436619718146e-01
5.303514376996805169e-01 2.380952380952380820e-02 9.345794392523363789e-03 1.342281879194630670e-02 4.051583340894654994e-01
8.802588996763753837e-01 7.430555555555555802e-01 1.000000000000000000e+00 8.525896414342629681e-01 9.084158415841584455e-01
