7.524752475247524774e-01 6.632653061224489388e-01 6.074766355140186480e-01 6.341463414634146423e-01 7.195546442876216142e-01
8.785046728971962482e-01 7.328767123287671659e-01 1.000000000000000000e+00 8.458498023715415037e-01 9.088785046728972139e-01
7.604166666666666297e-01 6.759259259259259300e-01 6.822429906542055722e-01 6.790697674418604279e-01 7.444364124541745786e-01
8.785046728971962482e-01 7.328767123287671659e-01 1.000000000000000000e+00 8.458498023715415037e-01 9.088785046728972139e-01
5.460750853242321012e-01 2.045454545454545581e-01 8.411214953271027583e-02 1.192052980132450452e-01 4.479700532609787178e-01
8.757763975155279379e-01 7.278911564625850650e-01 1.000000000000000000e+00 8.425196850393700254e-01 9.069767441860465684e-01
5.921985815602837100e-01 4.199999999999999845e-01 1.962616822429906482e-01 2.675159235668789770e-01 5.152736982643524311e-01
4.589552238805970075e-01 0.000000000000000000e+00 0.000000000000000000e+00 0.000000000000000000e+00 3.819875776397515521e-01
8.757763975155279379e-01 7.278911564625850650e-01 1.000000000000000000e+00 8.425196850393700254e-01 9.069767441860465684e-01
6.576271186440677541e-01 5.483870967741935054e-01 3.177570093457943723e-01 4.023668639053253893e-01 5.844104195665142942e-01
6.338983050847457612e-01 4.925373134328357994e-01 3.084112149532710068e-01 3.793103448275861878e-01 5.637800755617419224e-01
8.757763975155279379e-01 7.278911564625850650e-01 1.000000000000000000e+00 8.425196850393700254e-01 9.069767441860465684e-01
7.326732673267326579e-01 6.326530612244898322e-01 5.794392523364485514e-01 6.048780487804878980e-01 6.978828914743466783e-01
8.717948717948718063e-01 7.375886524822694579e-01 9.719626168224299034e-01 8.387096774193548709e-01 8.957374059721906479e-01
8.757763975155279379e-01 7.278911564625850650e-01 1.000000000000000000e+00 8.425196850393700254e-01 9.069767441860465684e-01
8.785046728971962482e-01 7.328767123287671659e-01 1.000000000000000000e+00 8.458498023715415037e-01 9.088785046728972139e-01
4.671532846715328313e-01 0.000000000000000000e+00 0.000000000000000000e+00 0.000000000000000000e+00 3.832335329341317598e-01
6.999999999999999556e-01 6.075949367088607778e-01 4.485981308411214896e-01 5.161290322580645018e-01 6.439881845915452763e-01
5.138888888888888395e-01 0.000000000000000000e+00 0.000000000000000000e+00 0.000000000000000000e+00 4.088397790055248726e-01
6.600000000000000311e-01 5.471698113207547065e-01 2.710280373831775447e-01 3.624999999999999334e-01 5.733378528884800485e-01
8.812499999999999778e-01 7.379310344827586521e-01 1.000000000000000000e+00 8.492063492063492980e-01 9.107981220657276333e-01
4.865900383141762431e-01 0.000000000000000000e+00 0.000000000000000000e+00 0.000000000000000000e+00 4.123376623376623362e-01
5.315614617940199738e-01 0.000000000000000000e+00 0.000000000000000000e+00 0.000000000000000000e+00 4.123711340206185350e-01
8.986928104575163667e-01 7.753623188405797118e-01 1.000000000000000000e+00 8.734693877551020780e-01 9.221105527638191468e-01
8.717948717948718063e-01 7.375886524822694579e-01 9.719626168224299034e-01 8.387096774193548709e-01 8.957374059721906479e-01
8.757763975155279379e-01 7.278911564625850650e-01 1.000000000000000000e+00 8.425196850393700254e-01 9.069767441860465684e-01
5.454545454545454142e-01 0.000000000000000000e+00 0.000000000000000000e+00 0.000000000000000000e+00 4.263157894736842035e-01
4.765342960288808660e-01 0.000000000000000000e+00 0.000000000000000000e+00 0.000000000000000000e+00 3.882352941176470673e-01
6.699346405228757684e-01 5.374999999999999778e-01 4.018691588785046620e-01 4.598930481283421967e-01 6.079697553186492742e-01
6.597938144329896781e-01 5.666666666666666519e-01 3.177570093457943723e-01 4.071856287425149046e-01 5.882263307598538660e-01
5.000000000000000000e-01 0.000000000000000000e+00 0.000000000000000000e+00 0.000000000000000000e+00 3.977900552486187680e-01
8.853503184713376051e-01 7.482517482517482277e-01 1.000000000000000000e+00 8.559999999999999831e-01 9.130434782608696231e-01
8.757763975155279379e-01 7.278911564625850650e-01 1.000000000000000000e+00 8.425196850393700254e-01 9.069767441860465684e-01
8.825396825396825129e-01 7.464788732394366244e-01 9.906542056074766345e-01 8.514056224899598790e-01 9.087886412652766976e-01
5.796610169491525077e-01 2.820512820512820484e-01 1.028037383177570069e-01 1.506849315068493067e-01 4.769337840524954797e-01
5.543859649122806488e-01 2.368421052631578816e-01 8.411214953271027583e-02 1.241379310344827569e-01 4.605954006090516861e-01
8.344594594594594295e-01 7.164179104477611526e-01 8.971962616822429792e-01 7.966804979253111485e-01 8.480690303120209661e-01
