6.508474576271185974e-01 5.256410256410256610e-01 3.831775700934579310e-01 4.432432432432432123e-01 5.931845297275800677e-01
4.758364312267657770e-01 0.000000000000000000e+00 0.000000000000000000e+00 0.000000000000000000e+00 3.950617283950617065e-01
5.723905723905723386e-01 3.076923076923077094e-01 1.495327102803738206e-01 2.012578616352201089e-01 4.800295130349237493e-01
8.757763975155279379e-01 7.278911564625850650e-01 1.000000000000000000e+00 8.425196850393700254e-01 9.069767441860465684e-01
7.724358974358974672e-01 6.730769230769231282e-01 6.542056074766354756e-01 6.635071090047393039e-01 7.441759744700249257e-01
8.849840255591053806e-01 7.482517482517482277e-01 1.000000000000000000e+00 8.559999999999999831e-01 9.126213592233008987e-01
8.781250000000000444e-01 7.328767123287671659e-01 1.000000000000000000e+00 8.458498023715415037e-01 9.084507042253521236e-01
8.996763754045307149e-01 7.753623188405797118e-01 1.000000000000000000e+00 8.734693877551020780e-01 9.232673267326731992e-01
5.441176470588234837e-01 2.820512820512820484e-01 1.028037383177570069e-01 1.506849315068493067e-01 4.665533843103936151e-01
8.785046728971962482e-01 7.328767123287671659e-01 1.000000000000000000e+00 8.458498023715415037e-01 9.088785046728972139e-01
4.482758620689655249e-01 0.000000000000000000e+00 0.000000000000000000e+00 0.000000000000000000e+00 3.798701298701298579e-01
5.503355704697986406e-01 1.351351351351351426e-01 4.672897196261682068e-02 6.944444444444444753e-02 4.395948524734549778e-01
8.750000000000000000e-01 7.278911564625850650e-01 1.000000000000000000e+00 8.425196850393700254e-01 9.061032863849765029e-01
8.155339805825242427e-01 7.083333333333333703e-01 7.943925233644859585e-01 7.488986784140969633e-01 8.105625983159063797e-01
8.757763975155279379e-01 7.278911564625850650e-01 1.000000000000000000e+00 8.425196850393700254e-01 9.069767441860465684e-01
5.034722222222222099e-01 0.000000000000000000e+00 0.000000000000000000e+00 0.000000000000000000e+00 4.005524861878453358e-01
8.757763975155279379e-01 7.278911564625850650e-01 1.000000000000000000e+00 8.425196850393700254e-01 9.069767441860465684e-01
8.757763975155279379e-01 7.278911564625850650e-01 1.000000000000000000e+00 8.425196850393700254e-01 9.069767441860465684e-01
5.147058823529411242e-01 2.340425531914893664e-01 1.028037383177570069e-01 1.428571428571428492e-01 4.423109600679694386e-01
5.340136054421769085e-01 0.000000000000000000e+00 0.000000000000000000e+00 0.000000000000000000e+00 4.197860962566845044e-01
8.753993610223642641e-01 7.394366197183098732e-01 9.813084112149532690e-01 8.433734939759037763e-01 9.008483803647582278e-01
7.524115755627009960e-01 6.530612244897958663e-01 5.981308411214952825e-01 6.243902439024390238e-01 7.157320872274144374e-01
6.538461538461538547e-01 4.931506849315068219e-01 3.364485981308411033e-01 3.999999999999999667e-01 5.779803966263962201e-01
5.849673202614379397e-01 3.076923076923077094e-01 1.495327102803738206e-01 2.012578616352201089e-01 4.843140938336542578e-01
8.155339805825242427e-01 7.083333333333333703e-01 7.943925233644859585e-01 7.488986784140969633e-01 8.105625983159063797e-01
8.757763975155279379e-01 7.278911564625850650e-01 1.000000000000000000e+00 8.425196850393700254e-01 9.069767441860465684e-01
8.757763975155279379e-01 7.278911564625850650e-01 1.000000000000000000e+00 8.425196850393700254e-01 9.069767441860465684e-01
4.212598425196850127e-01 0.000000000000000000e+00 0.000000000000000000e+00 0.000000000000000000e+00 3.639455782312924770e-01
5.839416058394160114e-01 4.146341463414633943e-01 1.588785046728971861e-01 2.297297297297297147e-01 5.075829649112988395e-01
7.378640776699029180e-01 6.300000000000000044e-01 5.887850467289719170e-01 6.086956521739130821e-01 7.028083649486444040e-01
5.950704225352112520e-01 4.259259259259259300e-01 2.149532710280373793e-01 2.857142857142856984e-01 5.199060140450920686e-01
8.757763975155279379e-01 7.278911564625850650e-01 1.000000000000000000e+00 8.425196850393700254e-01 9.069767441860465684e-01
6.754966887417218624e-01 5.633802816901408717e-01 3.738317757009345654e-01 4.494382022471910543e-01 6.074287083632877726e-01
8.785046728971962482e-01 7.328767123287671659e-01 1.000000000000000000e+00 8.458498023715415037e-01 9.088785046728972139e-01
8.757763975155279379e-01 7.278911564625850650e-01 1.000000000000000000e+00 8.425196850393700254e-01 9.069767441860465684e-01
8.757763975155279379e-01 7.278911564625850650e-01 1.000000000000000000e+00 8.425196850393700254e-01 9.069767441860465684e-01
8.757763975155279379e-01 7.278911564625850650e-01 1.000000000000000000e+00 8.425196850393700254e-01 9.069767441860465684e-01
