8.757763975155279379e-01 7.278911564625850650e-01 1.000000000000000000e+00 8.425196850393700254e-01 9.069767441860465684e-01
5.950704225352112520e-01 3.750000000000000000e-01 1.121495327102803724e-01 1.726618705035971035e-01 4.995775912138972763e-01
8.825396825396825129e-01 7.430555555555555802e-01 1.000000000000000000e+00 8.525896414342629681e-01 9.110576923076922906e-01
5.372168284789643478e-01 0.000000000000000000e+00 0.000000000000000000e+00 0.000000000000000000e+00 4.108910891089109230e-01
6.019417475728154887e-01 3.666666666666666408e-01 2.056074766355140138e-01 2.634730538922155918e-01 5.087443323771629888e-01
6.816720257234726299e-01 5.526315789473684736e-01 3.925233644859812965e-01 4.590163934426230163e-01 6.129283489096573057e-01
3.809523809523809312e-01 0.000000000000000000e+00 0.000000000000000000e+00 0.000000000000000000e+00 3.548387096774193727e-01
4.069264069264069139e-01 0.000000000000000000e+00 0.000000000000000000e+00 0.000000000000000000e+00 3.790322580645161255e-01
5.285714285714285809e-01 2.222222222222222099e-01 9.345794392523364136e-02 1.315789473684210453e-01 4.455729025984549452e-01
8.096885813148788635e-01 7.241379310344827624e-01 7.850467289719625930e-01 7.533632286995515237e-01 8.046112765738934192e-01
4.618320610687022820e-01 0.000000000000000000e+00 0.000000000000000000e+00 0.000000000000000000e+00 3.903225806451612878e-01
5.000000000000000000e-01 0.000000000000000000e+00 0.000000000000000000e+00 0.000000000000000000e+00 4.121212121212121104e-01
7.152317880794701876e-01 6.179775280898875955e-01 5.140186915887849928e-01 5.612244897959183243e-01 6.698298586149052936e-01
8.757763975155279379e-01 7.278911564625850650e-01 1.000000000000000000e+00 8.425196850393700254e-01 9.069767441860465684e-01
6.428571428571429047e-01 5.135135135135134865e-01 3.551401869158878344e-01 4.198895027624309773e-01 5.813134089659653947e-01
8.812499999999999778e-01 7.379310344827586521e-01 1.000000000000000000e+00 8.492063492063492980e-01 9.107981220657276333e-01
8.811881188118811936e-01 7.482517482517482277e-01 1.000000000000000000e+00 8.559999999999999831e-01 9.081632653061224580e-01
8.757763975155279379e-01 7.278911564625850650e-01 1.000000000000000000e+00 8.425196850393700254e-01 9.069767441860465684e-01
8.757763975155279379e-01 7.278911564625850650e-01 1.000000000000000000e+00 8.425196850393700254e-01 9.069767441860465684e-01
5.034246575342465890e-01 0.000000000000000000e+00 0.000000000000000000e+00 0.000000000000000000e+00 3.972972972972972916e-01
5.238095238095238360e-01 5.405405405405405705e-02 1.869158878504672758e-02 2.777777777777777277e-02 4.157629066919886207e-01
8.781250000000000444e-01 7.328767123287671659e-01 1.000000000000000000e+00 8.458498023715415037e-01 9.084507042253521236e-01
8.757763975155279379e-01 7.278911564625850650e-01 1.000000000000000000e+00 8.425196850393700254e-01 9.069767441860465684e-01
8.757763975155279379e-01 7.278911564625850650e-01 1.000000000000000000e+00 8.425196850393700254e-01 9.069767441860465684e-01
8.757763975155279379e-01 7.278911564625850650e-01 1.000000000000000000e+00 8.425196850393700254e-01 9.069767441860465684e-01
6.428571428571429047e-01 5.135135135135134865e-01 3.551401869158878344e-01 4.198895027624309773e-01 5.813134089659653947e-01
4.058577405857740628e-01 0.000000000000000000e+00 0.000000000000000000e+00 0.000000000000000000e+00 3.674242424242424310e-01
5.255474452554744769e-01 0.000000000000000000e+00 0.000000000000000000e+00 0.000000000000000000e+00 4.311377245508982159e-01
5.539033457249070702e-01 3.898305084745762872e-01 2.149532710280373793e-01 2.771084337349397630e-01 4.963655244029075431e-01
8.757763975155279379e-01 7.278911564625850650e-01 1.000000000000000000e+00 8.425196850393700254e-01 9.069767441860465684e-01
5.471014492753623060e-01 2.500000000000000000e-01 8.411214953271027583e-02 1.258741258741258584e-01 4.621744179616213422e-01
7.236842105263158187e-01 6.385542168674698260e-01 4.953271028037383172e-01 5.578947368421053321e-01 6.715214194221736932e-01
8.757763975155279379e-01 7.278911564625850650e-01 1.000000000000000000e+00 8.425196850393700254e-01 9.069767441860465684e-01
4.688644688644688641e-01 0.000000000000000000e+00 0.000000000000000000e+00 0.000000000000000000e+00 3.855421686746988152e-01
5.884476534296029238e-01 4.285714285714285476e-01 1.962616822429906482e-01 2.692307692307692180e-01 5.157778999450247648e-01
8.757763975155279379e-01 7.278911564625850650e-01 1.000000000000000000e+00 8.425196850393700254e-01 9.069767441860465684e-01
5.789473684210526550e-01 3.333333333333333148e-01 1.214953271028037379e-01 1.780821917808219079e-01 4.877139556862333247e-01
