6.026058631921824560e-01 1.052631578947368363e-01 1.869158878504672758e-02 3.174603174603174427e-02 4.668457943925233833e-01
6.105610561056105112e-01 1.333333333333333315e-01 1.869158878504672758e-02 3.278688524590163411e-02 4.761825290864009075e-01
6.174496644295301984e-01 1.111111111111111049e-01 9.345794392523363789e-03 1.724137931034482735e-02 4.837304888192982544e-01
7.254901960784313486e-01 7.090909090909091050e-01 3.644859813084111999e-01 4.814814814814813992e-01 6.420419856290798810e-01
9.265175718849840703e-01 8.230769230769230393e-01 1.000000000000000000e+00 9.029535864978902593e-01 9.441747572815534228e-01
6.966666666666666563e-01 7.222222222222222099e-01 2.429906542056074759e-01 3.636363636363636465e-01 5.955885913515084340e-01
9.265175718849840703e-01 8.230769230769230393e-01 1.000000000000000000e+00 9.029535864978902593e-01 9.441747572815534228e-01
5.828025477707006186e-01 0.000000000000000000e+00 0.000000000000000000e+00 0.000000000000000000e+00 4.420289855072463969e-01
6.418918918918918859e-01 5.384615384615384359e-01 6.542056074766354479e-02 1.166666666666666546e-01 5.168372645008157962e-01
8.790849673202614234e-01 8.431372549019607865e-01 8.037383177570093240e-01 8.229665071770334572e-01 8.616681538533790263e-01
5.828025477707006186e-01 0.000000000000000000e+00 0.000000000000000000e+00 0.000000000000000000e+00 4.420289855072463969e-01
6.950819672131147708e-01 6.590909090909090606e-01 2.710280373831775447e-01 3.841059602649006255e-01 5.976352308128007884e-01
6.166666666666666963e-01 1.666666666666666574e-01 1.869158878504672758e-02 3.361344537815125905e-02 4.834390586412280477e-01
7.062706270627062688e-01 7.045454545454545858e-01 2.897196261682242757e-01 4.105960264900662127e-01 6.116965477779896521e-01
9.177215189873417778e-01 8.045112781954887327e-01 1.000000000000000000e+00 8.916666666666667185e-01 9.377990430622009654e-01
6.208053691275168262e-01 2.000000000000000111e-01 1.869158878504672758e-02 3.418803418803418454e-02 4.884033860155599927e-01
9.265175718849840703e-01 8.230769230769230393e-01 1.000000000000000000e+00 9.029535864978902593e-01 9.441747572815534228e-01
6.520270270270269730e-01 6.250000000000000000e-01 9.345794392523364136e-02 1.626016260162601590e-01 5.308559560896010110e-01
5.993485342019544415e-01 5.555555555555555247e-02 9.345794392523363789e-03 1.600000000000000033e-02 4.621728971962616450e-01
6.419354838709677713e-01 4.444444444444444198e-01 1.495327102803738206e-01 2.237762237762237760e-01 5.255052713963446198e-01
9.354838709677418818e-01 8.425196850393700254e-01 1.000000000000000000e+00 9.145299145299145005e-01 9.507389162561576956e-01
6.133333333333332860e-01 9.090909090909091161e-02 9.345794392523363789e-03 1.694915254237287783e-02 4.787661614449663094e-01
6.065573770491803351e-01 1.176470588235294101e-01 1.869158878504672758e-02 3.225806451612902442e-02 4.714670065137354649e-01
5.828025477707006186e-01 0.000000000000000000e+00 0.000000000000000000e+00 0.000000000000000000e+00 4.420289855072463969e-01
7.062706270627062688e-01 7.045454545454545858e-01 2.897196261682242757e-01 4.105960264900662127e-01 6.116965477779896521e-01
9.177215189873417778e-01 8.045112781954887327e-01 1.000000000000000000e+00 8.916666666666667185e-01 9.377990430622009654e-01
6.153846153846154188e-01 1.000000000000000056e-01 9.345794392523363789e-03 1.709401709401709227e-02 4.812353971962616273e-01
9.260450160771703798e-01 8.333333333333333703e-01 9.813084112149532690e-01 9.012875536480687844e-01 9.391836173721825887e-01
6.174496644295301984e-01 1.111111111111111049e-01 9.345794392523363789e-03 1.724137931034482735e-02 4.837304888192982544e-01
5.974025974025973795e-01 5.263157894736841813e-02 9.345794392523363789e-03 1.587301587301587213e-02 4.598967777932765344e-01
6.166666666666666963e-01 1.666666666666666574e-01 1.869158878504672758e-02 3.361344537815125905e-02 4.834390586412280477e-01
9.265175718849840703e-01 8.230769230769230393e-01 1.000000000000000000e+00 9.029535864978902593e-01 9.441747572815534228e-01
6.032786885245902120e-01 6.250000000000000000e-02 9.345794392523363789e-03 1.626016260162601451e-02 4.667941093174737266e-01
6.962457337883959374e-01 8.750000000000000000e-01 1.962616822429906482e-01 3.206106870229007977e-01 5.900663249924630316e-01
9.177215189873417778e-01 8.045112781954887327e-01 1.000000000000000000e+00 8.916666666666667185e-01 9.377990430622009654e-01
9.177215189873417778e-01 8.045112781954887327e-01 1.000000000000000000e+00 8.916666666666667185e-01 9.377990430622009654e-01
6.611295681063122931e-01 5.925925925925925597e-01 1.495327102803738206e-01 2.388059701492537268e-01 5.464158396762693881e-01
