6.195286195286194841e-01 1.250000000000000000e-01 9.345794392523363789e-03 1.739130434782608717e-02 4.862518445646826781e-01
9.265175718849840703e-01 8.230769230769230393e-01 1.000000000000000000e+00 9.029535864978902593e-01 9.441747572815534228e-01
9.294871794871795156e-01 8.294573643410853014e-01 1.000000000000000000e+00 9.067796610169490679e-01 9.463414634146342097e-01
8.451612903225806939e-01 7.979797979797980112e-01 7.383177570093457653e-01 7.669902912621360258e-01 8.198977947608305783e-01
6.013071895424836333e-01 5.882352941176470507e-02 9.345794392523363789e-03 1.612903225806451221e-02 4.644718921711359916e-01
6.847457627118643808e-01 7.916666666666666297e-01 1.775700934579439172e-01 2.900763358778625234e-01 5.754871743885464630e-01
6.092715231788079500e-01 7.692307692307692735e-02 9.345794392523363789e-03 1.666666666666666644e-02 4.739036664270308563e-01
7.166666666666666741e-01 7.619047619047618625e-01 2.990654205607476412e-01 4.295302013422818144e-01 6.236259745290785306e-01
9.235668789808917367e-01 8.167938931297710203e-01 1.000000000000000000e+00 8.991596638655461327e-01 9.420289855072464524e-01
6.133333333333332860e-01 9.090909090909091161e-02 9.345794392523363789e-03 1.694915254237287783e-02 4.787661614449663094e-01
6.158940397350993745e-01 2.000000000000000111e-01 2.803738317757009310e-02 4.918032786885245811e-02 4.832494608195542218e-01
9.385113268608413772e-01 8.492063492063491870e-01 1.000000000000000000e+00 9.184549356223175032e-01 9.529702970297030395e-01
8.193979933110367986e-01 8.732394366197182567e-01 5.794392523364485514e-01 6.966292134831459926e-01 7.662821261682242202e-01
7.133105802047781108e-01 8.965517241379310498e-01 2.429906542056074759e-01 3.823529411764706176e-01 6.134308109737715009e-01
9.177215189873417778e-01 8.045112781954887327e-01 1.000000000000000000e+00 8.916666666666667185e-01 9.377990430622009654e-01
6.700000000000000400e-01 6.428571428571429047e-01 1.682242990654205517e-01 2.666666666666666630e-01 5.582054137814149719e-01
6.153846153846154188e-01 1.000000000000000056e-01 9.345794392523363789e-03 1.709401709401709227e-02 4.812353971962616273e-01
6.078431372549019107e-01 1.578947368421052544e-01 2.803738317757009310e-02 4.761904761904762334e-02 4.738176865636593571e-01
6.228956228956229468e-01 2.222222222222222099e-01 1.869158878504672758e-02 3.448275862068965469e-02 4.909247417609444164e-01
9.324758842443729989e-01 8.359375000000000000e-01 1.000000000000000000e+00 9.106382978723404076e-01 9.485294117647059542e-01
9.265175718849840703e-01 8.230769230769230393e-01 1.000000000000000000e+00 9.029535864978902593e-01 9.441747572815534228e-01
6.296296296296296502e-01 3.636363636363636465e-01 3.738317757009345516e-02 6.779661016949151131e-02 5.002705361534678374e-01
6.187290969899665871e-01 1.818181818181818232e-01 1.869158878504672758e-02 3.389830508474575566e-02 4.859082943925233655e-01
6.262295081967212962e-01 3.478260869565217295e-01 7.476635514018691031e-02 1.230769230769230560e-01 4.995043896913055614e-01
7.133105802047781108e-01 8.965517241379310498e-01 2.429906542056074759e-01 3.823529411764706176e-01 6.134308109737715009e-01
9.177215189873417778e-01 8.045112781954887327e-01 1.000000000000000000e+00 8.916666666666667185e-01 9.377990430622009654e-01
5.993485342019544415e-01 5.555555555555555247e-02 9.345794392523363789e-03 1.600000000000000033e-02 4.621728971962616450e-01
6.072607260726072820e-01 7.142857142857142461e-02 9.345794392523363789e-03 1.652892561983470773e-02 4.715096318901391692e-01
6.187290969899665871e-01 1.818181818181818232e-01 1.869158878504672758e-02 3.389830508474575566e-02 4.859082943925233655e-01
9.177215189873417778e-01 8.045112781954887327e-01 1.000000000000000000e+00 8.916666666666667185e-01 9.377990430622009654e-01
5.954692556634304523e-01 5.000000000000000278e-02 9.345794392523363789e-03 1.574803149606298844e-02 4.576431942259646113e-01
6.092715231788079500e-01 7.692307692307692735e-02 9.345794392523363789e-03 1.666666666666666644e-02 4.739036664270308563e-01
9.285714285714286031e-01 8.512396694214876547e-01 9.626168224299065379e-01 9.035087719298245945e-01 9.365322918119680651e-01
6.335616438356164171e-01 5.000000000000000000e-01 1.869158878504672758e-02 3.603603603603603572e-02 5.039403889871179043e-01
6.258503401360544505e-01 2.000000000000000111e-01 9.345794392523363789e-03 1.785714285714285615e-02 4.939777100304862389e-01
6.566666666666666208e-01 5.833333333333333703e-01 1.308411214953270896e-01 2.137404580152671429e-01 5.395138249963682409e-01
6.195286195286194841e-01 1.250000000000000000e-01 9.345794392523363789e-03 1.739130434782608717e-02 4.862518445646826781e-01
