9.265175718849840703e-01 8.230769230769230393e-01 1.000000000000000000e+00 9.029535864978902593e-01 9.441747572815534228e-01
6.335616438356164171e-01 5.000000000000000000e-01 1.869158878504672758e-02 3.603603603603603572e-02 5.039403889871179043e-01
6.258503401360544505e-01 2.000000000000000111e-01 9.345794392523363789e-03 1.785714285714285615e-02 4.939777100304862389e-01
6.531986531986532230e-01 6.111111111111111605e-01 1.028037383177570069e-01 1.759999999999999898e-01 5.329808165272994502e-01
6.153846153846154188e-01 1.000000000000000056e-01 9.345794392523363789e-03 1.709401709401709227e-02 4.812353971962616273e-01
9.265175718849840703e-01 8.230769230769230393e-01 1.000000000000000000e+00 9.029535864978902593e-01 9.441747572815534228e-01
5.993485342019544415e-01 5.555555555555555247e-02 9.345794392523363789e-03 1.600000000000000033e-02 4.621728971962616450e-01
6.301369863013698280e-01 3.333333333333333148e-01 9.345794392523363789e-03 1.818181818181818094e-02 4.992674917908562215e-01
6.409395973154362602e-01 5.000000000000000000e-01 7.476635514018691031e-02 1.300813008130081161e-01 5.164407691931300892e-01
8.935483870967741993e-01 8.245614035087719396e-01 8.785046728971962482e-01 8.506787330316741835e-01 8.899912527047557642e-01
5.828025477707006186e-01 0.000000000000000000e+00 0.000000000000000000e+00 0.000000000000000000e+00 4.420289855072463969e-01
6.013071895424836333e-01 5.882352941176470507e-02 9.345794392523363789e-03 1.612903225806451221e-02 4.644718921711359916e-01
6.363636363636363535e-01 4.615384615384615641e-01 5.607476635514018620e-02 9.999999999999999167e-02 5.096163305459912030e-01
6.366666666666667140e-01 4.444444444444444198e-01 7.476635514018691031e-02 1.280000000000000027e-01 5.114764418187981443e-01
6.072607260726072820e-01 7.142857142857142461e-02 9.345794392523363789e-03 1.652892561983470773e-02 4.715096318901391692e-01
9.446254071661237539e-01 8.629032258064516236e-01 1.000000000000000000e+00 9.264069264069264564e-01 9.575000000000000178e-01
9.294871794871795156e-01 8.294573643410853014e-01 1.000000000000000000e+00 9.067796610169490679e-01 9.463414634146342097e-01
9.177215189873417778e-01 8.045112781954887327e-01 1.000000000000000000e+00 8.916666666666667185e-01 9.377990430622009654e-01
9.049180327868852070e-01 8.611111111111111605e-01 8.691588785046728827e-01 8.651162790697675131e-01 8.967006513735484852e-01
6.092715231788079500e-01 7.692307692307692735e-02 9.345794392523363789e-03 1.666666666666666644e-02 4.739036664270308563e-01
6.953642384105960250e-01 6.923076923076922906e-01 2.523364485981308136e-01 3.698630136986301165e-01 5.953989935298346081e-01
5.935483870967741549e-01 4.761904761904761640e-02 9.345794392523363789e-03 1.562499999999999827e-02 4.554118134524192674e-01
6.195286195286194841e-01 1.250000000000000000e-01 9.345794392523363789e-03 1.739130434782608717e-02 4.862518445646826781e-01
6.933333333333333570e-01 7.142857142857143016e-01 2.336448598130841103e-01 3.521126760563380031e-01 5.909156941552466957e-01
6.366666666666667140e-01 4.444444444444444198e-01 7.476635514018691031e-02 1.280000000000000027e-01 5.114764418187981443e-01
6.072607260726072820e-01 7.142857142857142461e-02 9.345794392523363789e-03 1.652892561983470773e-02 4.715096318901391692e-01
6.228956228956229468e-01 2.222222222222222099e-01 1.869158878504672758e-02 3.448275862068965469e-02 4.909247417609444164e-01
6.317567567567567988e-01 4.000000000000000222e-01 3.738317757009345516e-02 6.837606837606836907e-02 5.028185729120308034e-01
6.278317152103559673e-01 3.666666666666666408e-01 1.028037383177570069e-01 1.605839416058394142e-01 5.043721661885813834e-01
6.363636363636363535e-01 4.193548387096774355e-01 1.214953271028037379e-01 1.884057971014492794e-01 5.159715441484167275e-01
5.954692556634304523e-01 5.000000000000000278e-02 9.345794392523363789e-03 1.574803149606298844e-02 4.576431942259646113e-01
6.241830065359477153e-01 3.333333333333333148e-01 7.476635514018691031e-02 1.221374045801526531e-01 4.971821725449678264e-01
5.974025974025973795e-01 5.263157894736841813e-02 9.345794392523363789e-03 1.587301587301587213e-02 4.598967777932765344e-01
8.721311475409836422e-01 8.469387755102041337e-01 7.757009345794392274e-01 8.097560975609755518e-01 8.499716794109316576e-01
9.306930693069307425e-01 8.839285714285713969e-01 9.252336448598130758e-01 9.041095890410958402e-01 9.294535571237840799e-01
9.294871794871795156e-01 8.294573643410853014e-01 1.000000000000000000e+00 9.067796610169490679e-01 9.463414634146342097e-01
9.177215189873417778e-01 8.045112781954887327e-01 1.000000000000000000e+00 8.916666666666667185e-01 9.377990430622009654e-01
