5.289256198347107585e-01 3.478260869565217295e-01 7.476635514018691031e-02 1.230769230769230560e-01 4.818276220145378819e-01
5.729537366548043131e-01 0.000000000000000000e+00 0.000000000000000000e+00 0.000000000000000000e+00 4.626436781609195581e-01
9.467084639498433152e-01 8.629032258064516236e-01 1.000000000000000000e+00 9.264069264069264564e-01 9.599056603773584717e-01
9.378881987577639689e-01 8.425196850393700254e-01 1.000000000000000000e+00 9.145299145299145005e-01 9.534883720930232842e-01
9.487179487179486781e-01 8.699186991869918284e-01 1.000000000000000000e+00 9.304347826086956097e-01 9.609756097560976373e-01
9.408099688473520184e-01 8.492063492063491870e-01 1.000000000000000000e+00 9.184549356223175032e-01 9.556074766355140415e-01
9.245283018867924696e-01 8.547008547008546619e-01 9.345794392523364413e-01 8.928571428571429047e-01 9.270053594365947891e-01
6.761006289308175710e-01 5.526315789473684736e-01 1.962616822429906482e-01 2.896551724137931272e-01 5.578464809319217954e-01
7.845659163987138696e-01 7.857142857142856984e-01 5.140186915887849928e-01 6.214689265536723628e-01 7.202446399120396858e-01
9.408099688473520184e-01 8.492063492063491870e-01 1.000000000000000000e+00 9.184549356223175032e-01 9.556074766355140415e-01
9.378881987577639689e-01 8.425196850393700254e-01 1.000000000000000000e+00 9.145299145299145005e-01 9.534883720930232842e-01
6.531249999999999556e-01 4.375000000000000000e-01 1.308411214953270896e-01 2.014388489208632782e-01 5.231670396209029406e-01
7.656250000000000000e-01 7.352941176470588758e-01 4.672897196261682207e-01 5.714285714285713969e-01 6.913913386863236310e-01
5.749128919860627684e-01 0.000000000000000000e+00 0.000000000000000000e+00 0.000000000000000000e+00 4.583333333333333148e-01
9.378881987577639689e-01 8.425196850393700254e-01 1.000000000000000000e+00 9.145299145299145005e-01 9.534883720930232842e-01
5.709342560553632984e-01 0.000000000000000000e+00 0.000000000000000000e+00 0.000000000000000000e+00 4.532967032967032961e-01
9.378881987577639689e-01 8.425196850393700254e-01 1.000000000000000000e+00 9.145299145299145005e-01 9.534883720930232842e-01
9.408099688473520184e-01 8.492063492063491870e-01 1.000000000000000000e+00 9.184549356223175032e-01 9.556074766355140415e-01
5.642023346303501885e-01 3.684210526315789269e-01 6.542056074766354479e-02 1.111111111111110911e-01 4.927102803738317438e-01
5.929824561403508332e-01 2.857142857142856984e-01 5.607476635514018620e-02 9.374999999999998612e-02 4.859025517168959474e-01
5.967741935483871218e-01 0.000000000000000000e+00 0.000000000000000000e+00 0.000000000000000000e+00 4.556650246305418706e-01
6.516129032258064502e-01 4.827586206896551935e-01 1.308411214953270896e-01 2.058823529411764330e-01 5.284747479397817749e-01
6.517241379310344529e-01 6.071428571428570953e-01 1.588785046728971861e-01 2.518518518518518268e-01 5.493846075277053487e-01
6.592356687898088818e-01 5.000000000000000000e-01 1.588785046728971861e-01 2.411347517730496326e-01 5.383764504040814414e-01
5.749128919860627684e-01 0.000000000000000000e+00 0.000000000000000000e+00 0.000000000000000000e+00 4.583333333333333148e-01
9.378881987577639689e-01 8.425196850393700254e-01 1.000000000000000000e+00 9.145299145299145005e-01 9.534883720930232842e-01
4.816326530612244916e-01 0.000000000000000000e+00 0.000000000000000000e+00 0.000000000000000000e+00 4.275362318840579823e-01
5.189393939393939226e-01 0.000000000000000000e+00 0.000000000000000000e+00 0.000000000000000000e+00 4.363057324840764473e-01
5.155038759689922756e-01 0.000000000000000000e+00 0.000000000000000000e+00 0.000000000000000000e+00 4.403973509933775121e-01
6.031250000000000222e-01 0.000000000000000000e+00 0.000000000000000000e+00 0.000000000000000000e+00 4.530516431924882514e-01
5.652173913043477826e-01 0.000000000000000000e+00 0.000000000000000000e+00 0.000000000000000000e+00 4.615384615384615641e-01
9.378881987577639689e-01 8.425196850393700254e-01 1.000000000000000000e+00 9.145299145299145005e-01 9.534883720930232842e-01
6.020761245674740580e-01 3.333333333333333148e-01 7.476635514018691031e-02 1.221374045801526531e-01 4.934271336140494957e-01
6.055900621118012195e-01 0.000000000000000000e+00 0.000000000000000000e+00 0.000000000000000000e+00 4.534883720930232842e-01
9.378881987577639689e-01 8.425196850393700254e-01 1.000000000000000000e+00 9.145299145299145005e-01 9.534883720930232842e-01
9.378881987577639689e-01 8.425196850393700254e-01 1.000000000000000000e+00 9.145299145299145005e-01 9.534883720930232842e-01
9.516129032258064946e-01 8.770491803278688270e-01 1.000000000000000000e+00 9.344978165938864212e-01 9.630541871921182162e-01
