9.378881987577639689e-01 8.425196850393700254e-01 1.000000000000000000e+00 9.145299145299145005e-01 9.534883720930232842e-01
7.411003236245954362e-01 7.368421052631578538e-01 3.925233644859812965e-01 5.121951219512195230e-01 6.591329693717035143e-01
9.378881987577639689e-01 8.425196850393700254e-01 1.000000000000000000e+00 9.145299145299145005e-01 9.534883720930232842e-01
9.378881987577639689e-01 8.425196850393700254e-01 1.000000000000000000e+00 9.145299145299145005e-01 9.534883720930232842e-01
6.059602649006622377e-01 0.000000000000000000e+00 0.000000000000000000e+00 0.000000000000000000e+00 4.692307692307692291e-01
9.378881987577639689e-01 8.425196850393700254e-01 1.000000000000000000e+00 9.145299145299145005e-01 9.534883720930232842e-01
9.378881987577639689e-01 8.425196850393700254e-01 1.000000000000000000e+00 9.145299145299145005e-01 9.534883720930232842e-01
8.977635782747603876e-01 8.640776699029125707e-01 8.317757009345794206e-01 8.476190476190476053e-01 8.819072679430178807e-01
6.369863013698630061e-01 5.263157894736841813e-01 9.345794392523364136e-02 1.587301587301587213e-01 5.224046476382925297e-01
9.437499999999999778e-01 8.559999999999999831e-01 1.000000000000000000e+00 9.224137931034482873e-01 9.577464788732394929e-01
9.378881987577639689e-01 8.425196850393700254e-01 1.000000000000000000e+00 9.145299145299145005e-01 9.534883720930232842e-01
9.437499999999999778e-01 8.559999999999999831e-01 1.000000000000000000e+00 9.224137931034482873e-01 9.577464788732394929e-01
5.703971119133574019e-01 1.666666666666666574e-01 2.803738317757009310e-02 4.800000000000000100e-02 4.699010445299614536e-01
5.663082437275985814e-01 0.000000000000000000e+00 0.000000000000000000e+00 0.000000000000000000e+00 4.593023255813953321e-01
9.378881987577639689e-01 8.425196850393700254e-01 1.000000000000000000e+00 9.145299145299145005e-01 9.534883720930232842e-01
9.378881987577639689e-01 8.425196850393700254e-01 1.000000000000000000e+00 9.145299145299145005e-01 9.534883720930232842e-01
6.347517730496453625e-01 5.833333333333333703e-01 1.308411214953270896e-01 2.137404580152671429e-01 5.368491321762349777e-01
6.752411575562701218e-01 5.789473684210526550e-01 2.056074766355140138e-01 3.034482758620689613e-01 5.635880520432472451e-01
5.285171102661596620e-01 0.000000000000000000e+00 0.000000000000000000e+00 0.000000000000000000e+00 4.455128205128204844e-01
5.987055016181229705e-01 0.000000000000000000e+00 0.000000000000000000e+00 0.000000000000000000e+00 4.579207920792079389e-01
9.378881987577639689e-01 8.425196850393700254e-01 1.000000000000000000e+00 9.145299145299145005e-01 9.534883720930232842e-01
7.740863787375414917e-01 8.095238095238095344e-01 4.766355140186915862e-01 6.000000000000000888e-01 7.073899219577994835e-01
8.511326860841423869e-01 8.426966292134830949e-01 7.009345794392523032e-01 7.653061224489795533e-01 8.158138243730914674e-01
9.003215434083601254e-01 8.584905660377358805e-01 8.504672897196261516e-01 8.544600938967136239e-01 8.884689389774601542e-01
5.663082437275985814e-01 0.000000000000000000e+00 0.000000000000000000e+00 0.000000000000000000e+00 4.593023255813953321e-01
9.378881987577639689e-01 8.425196850393700254e-01 1.000000000000000000e+00 9.145299145299145005e-01 9.534883720930232842e-01
5.796610169491525077e-01 0.000000000000000000e+00 0.000000000000000000e+00 0.000000000000000000e+00 4.547872340425531679e-01
9.467084639498433152e-01 8.629032258064516236e-01 1.000000000000000000e+00 9.264069264069264564e-01 9.599056603773584717e-01
7.719869706840390977e-01 7.605633802816901268e-01 5.046728971962616273e-01 6.067415730337077928e-01 7.098364485981307759e-01
6.850649350649350433e-01 6.315789473684210176e-01 2.242990654205607448e-01 3.310344827586206851e-01 5.773236620635141536e-01
6.580645161290322731e-01 5.151515151515151381e-01 1.588785046728971861e-01 2.428571428571428548e-01 5.400303853413747079e-01
6.013289036544851029e-01 0.000000000000000000e+00 0.000000000000000000e+00 0.000000000000000000e+00 4.664948453608247503e-01
4.705882352941176405e-01 0.000000000000000000e+00 0.000000000000000000e+00 0.000000000000000000e+00 4.274809160305343414e-01
8.270440251572327428e-01 8.023255813953488191e-01 6.448598130841121101e-01 7.150259067357512821e-01 7.821455463524825680e-01
9.496855345911949797e-01 8.699186991869918284e-01 1.000000000000000000e+00 9.304347826086956097e-01 9.620853080568720905e-01
9.487179487179486781e-01 8.699186991869918284e-01 1.000000000000000000e+00 9.304347826086956097e-01 9.609756097560976373e-01
6.468646864686468101e-01 5.000000000000000000e-01 1.588785046728971861e-01 2.411347517730496326e-01 5.360719053976730208e-01
