6.187290969899665871e-01 3.599999999999999867e-01 8.411214953271027583e-02 1.363636363636363535e-01 5.003894080996884597e-01
9.378881987577639689e-01 8.425196850393700254e-01 1.000000000000000000e+00 9.145299145299145005e-01 9.534883720930232842e-01
5.559701492537313383e-01 0.000000000000000000e+00 0.000000000000000000e+00 0.000000000000000000e+00 4.627329192546583703e-01
6.687898089171974148e-01 5.405405405405405705e-01 1.869158878504672827e-01 2.777777777777777901e-01 5.523951419928664341e-01
6.013745704467353681e-01 3.333333333333333148e-01 8.411214953271027583e-02 1.343283582089551953e-01 4.931430312880942246e-01
5.993150684931506378e-01 0.000000000000000000e+00 0.000000000000000000e+00 0.000000000000000000e+00 4.729729729729729715e-01
6.166666666666666963e-01 2.999999999999999889e-01 5.607476635514018620e-02 9.448818897637795144e-02 4.917679531257566072e-01
5.679442508710801363e-01 0.000000000000000000e+00 0.000000000000000000e+00 0.000000000000000000e+00 4.527777777777777790e-01
6.126984126984127421e-01 5.882352941176470507e-02 9.345794392523363789e-03 1.612903225806451221e-02 4.662113587347231913e-01
6.033898305084746116e-01 1.875000000000000000e-01 2.803738317757009310e-02 4.878048780487804353e-02 4.794442235036786570e-01
8.902821316614419889e-01 8.272727272727272707e-01 8.504672897196261516e-01 8.387096774193549820e-01 8.804223241050960214e-01
9.437499999999999778e-01 8.559999999999999831e-01 1.000000000000000000e+00 9.224137931034482873e-01 9.577464788732394929e-01
5.096525096525096332e-01 0.000000000000000000e+00 0.000000000000000000e+00 0.000000000000000000e+00 4.342105263157894912e-01
8.112582781456953995e-01 8.676470588235294379e-01 5.514018691588784549e-01 6.742857142857142660e-01 7.526240115025161215e-01
9.378881987577639689e-01 8.425196850393700254e-01 1.000000000000000000e+00 9.145299145299145005e-01 9.534883720930232842e-01
6.019417475728154887e-01 0.000000000000000000e+00 0.000000000000000000e+00 0.000000000000000000e+00 4.603960396039604164e-01
5.468164794007490670e-01 0.000000000000000000e+00 0.000000000000000000e+00 0.000000000000000000e+00 4.562499999999999889e-01
5.539568345323740983e-01 0.000000000000000000e+00 0.000000000000000000e+00 0.000000000000000000e+00 4.502923976608187440e-01
5.496453900709219464e-01 0.000000000000000000e+00 0.000000000000000000e+00 0.000000000000000000e+00 4.428571428571428381e-01
9.517684887459807452e-01 8.770491803278688270e-01 1.000000000000000000e+00 9.344978165938864212e-01 9.632352941176470784e-01
7.193548387096774244e-01 6.923076923076922906e-01 3.364485981308411033e-01 4.528301886792452380e-01 6.288154320703467359e-01
5.797665369649805944e-01 4.761904761904761640e-01 9.345794392523364136e-02 1.562500000000000000e-01 5.100623052959500914e-01
5.739436619718309984e-01 0.000000000000000000e+00 0.000000000000000000e+00 0.000000000000000000e+00 4.604519774011299194e-01
9.467084639498433152e-01 8.629032258064516236e-01 1.000000000000000000e+00 9.264069264069264564e-01 9.599056603773584717e-01
8.112582781456953995e-01 8.676470588235294379e-01 5.514018691588784549e-01 6.742857142857142660e-01 7.526240115025161215e-01
9.378881987577639689e-01 8.425196850393700254e-01 1.000000000000000000e+00 9.145299145299145005e-01 9.534883720930232842e-01
5.530303030303029832e-01 2.105263157894736725e-01 3.738317757009345516e-02 6.349206349206348854e-02 4.709208881481040665e-01
5.815602836879432136e-01 0.000000000000000000e+00 0.000000000000000000e+00 0.000000000000000000e+00 4.685714285714285832e-01
8.076923076923077094e-01 7.764705882352941346e-01 6.168224299065420135e-01 6.875000000000000000e-01 7.620697515386368748e-01
5.699658703071672772e-01 0.000000000000000000e+00 0.000000000000000000e+00 0.000000000000000000e+00 4.489247311827956888e-01
6.310344827586207295e-01 5.000000000000000000e-01 1.495327102803738206e-01 2.302158273381294806e-01 5.310505081456514676e-01
5.180722891566265087e-01 0.000000000000000000e+00 0.000000000000000000e+00 0.000000000000000000e+00 4.542253521126760618e-01
9.378881987577639689e-01 8.425196850393700254e-01 1.000000000000000000e+00 9.145299145299145005e-01 9.534883720930232842e-01
6.026936026936027258e-01 0.000000000000000000e+00 0.000000000000000000e+00 0.000000000000000000e+00 4.710526315789473895e-01
5.595667870036100666e-01 0.000000000000000000e+00 0.000000000000000000e+00 0.000000000000000000e+00 4.558823529411764608e-01
5.169491525423728362e-01 3.157894736842105088e-01 5.607476635514018620e-02 9.523809523809524669e-02 4.776497862783453119e-01
6.048951048951048959e-01 3.750000000000000000e-01 8.411214953271027583e-02 1.374045801526717347e-01 5.001566334255730384e-01
