8.952380952380952772e-01 7.642857142857142350e-01 1.000000000000000000e+00 8.663967611336031993e-01 9.206730769230768718e-01
5.728476821192053370e-01 4.166666666666666435e-02 9.345794392523363789e-03 1.526717557251908164e-02 4.456985382219026404e-01
8.980891719745223156e-01 7.697841726618704916e-01 1.000000000000000000e+00 8.699186991869918284e-01 9.227053140096618256e-01
8.924050632911392222e-01 7.588652482269503396e-01 1.000000000000000000e+00 8.629032258064516236e-01 9.186602870813397326e-01
5.434782608695651884e-01 0.000000000000000000e+00 0.000000000000000000e+00 0.000000000000000000e+00 4.069767441860465129e-01
9.155844155844156118e-01 8.045112781954887327e-01 1.000000000000000000e+00 8.916666666666667185e-01 9.353233830845771868e-01
5.434782608695651884e-01 0.000000000000000000e+00 0.000000000000000000e+00 0.000000000000000000e+00 4.069767441860465129e-01
5.612903225806451513e-01 3.225806451612903136e-02 9.345794392523363789e-03 1.449275362318840250e-02 4.307812715804980597e-01
7.111801242236024390e-01 5.744680851063830307e-01 5.046728971962616273e-01 5.373134328358208922e-01 6.593131927841773265e-01
5.434782608695651884e-01 0.000000000000000000e+00 0.000000000000000000e+00 0.000000000000000000e+00 4.069767441860465129e-01
5.434782608695651884e-01 0.000000000000000000e+00 0.000000000000000000e+00 0.000000000000000000e+00 4.069767441860465129e-01
6.193548387096774466e-01 3.877551020408163129e-01 1.775700934579439172e-01 2.435897435897435570e-01 5.148934211132083494e-01
5.434782608695651884e-01 0.000000000000000000e+00 0.000000000000000000e+00 0.000000000000000000e+00 4.069767441860465129e-01
5.434782608695651884e-01 0.000000000000000000e+00 0.000000000000000000e+00 0.000000000000000000e+00 4.069767441860465129e-01
5.434782608695651884e-01 0.000000000000000000e+00 0.000000000000000000e+00 0.000000000000000000e+00 4.069767441860465129e-01
8.924050632911392222e-01 7.588652482269503396e-01 1.000000000000000000e+00 8.629032258064516236e-01 9.186602870813397326e-01
8.575949367088607778e-01 7.384615384615385025e-01 8.971962616822429792e-01 8.101265822784810000e-01 8.672584179224612777e-01
5.434782608695651884e-01 0.000000000000000000e+00 0.000000000000000000e+00 0.000000000000000000e+00 4.069767441860465129e-01
8.267973856209149819e-01 7.547169811320755262e-01 7.476635514018691309e-01 7.511737089201878659e-01 8.085051425351055254e-01
5.434782608695651884e-01 0.000000000000000000e+00 0.000000000000000000e+00 0.000000000000000000e+00 4.069767441860465129e-01
8.924050632911392222e-01 7.588652482269503396e-01 1.000000000000000000e+00 8.629032258064516236e-01 9.186602870813397326e-01
8.825396825396825129e-01 7.573529411764705621e-01 9.626168224299065379e-01 8.477366255144032081e-01 9.019814881380301408e-01
5.598705501618123082e-01 3.225806451612903136e-02 9.345794392523363789e-03 1.449275362318840250e-02 4.304154714536873594e-01
8.488745980707395056e-01 7.500000000000000000e-01 8.411214953271027861e-01 7.929515418502203206e-01 8.470313358988454944e-01
5.434782608695651884e-01 0.000000000000000000e+00 0.000000000000000000e+00 0.000000000000000000e+00 4.069767441860465129e-01
5.434782608695651884e-01 0.000000000000000000e+00 0.000000000000000000e+00 0.000000000000000000e+00 4.069767441860465129e-01
5.434782608695651884e-01 0.000000000000000000e+00 0.000000000000000000e+00 0.000000000000000000e+00 4.069767441860465129e-01
5.434782608695651884e-01 0.000000000000000000e+00 0.000000000000000000e+00 0.000000000000000000e+00 4.069767441860465129e-01
5.434782608695651884e-01 0.000000000000000000e+00 0.000000000000000000e+00 0.000000000000000000e+00 4.069767441860465129e-01
9.038461538461538547e-01 7.810218978102190235e-01 1.000000000000000000e+00 8.770491803278688270e-01 9.268292682926828618e-01
5.434782608695651884e-01 0.000000000000000000e+00 0.000000000000000000e+00 0.000000000000000000e+00 4.069767441860465129e-01
5.434782608695651884e-01 0.000000000000000000e+00 0.000000000000000000e+00 0.000000000000000000e+00 4.069767441860465129e-01
5.632911392405063333e-01 8.108108108108108558e-02 2.803738317757009310e-02 4.166666666666666435e-02 4.326789786701247253e-01
5.677419354838709742e-01 9.090909090909091161e-02 2.803738317757009310e-02 4.285714285714285754e-02 4.401270659730214252e-01
5.434782608695651884e-01 0.000000000000000000e+00 0.000000000000000000e+00 0.000000000000000000e+00 4.069767441860465129e-01
8.785046728971962482e-01 7.328767123287671659e-01 1.000000000000000000e+00 8.458498023715415037e-01 9.088785046728972139e-01
5.434782608695651884e-01 0.000000000000000000e+00 0.000000000000000000e+00 0.000000000000000000e+00 4.069767441860465129e-01
