5.751633986928104125e-01 4.000000000000000083e-02 9.345794392523363789e-03 1.515151515151515020e-02 4.443713896585732015e-01
8.785046728971962482e-01 7.328767123287671659e-01 1.000000000000000000e+00 8.458498023715415037e-01 9.088785046728972139e-01
5.434782608695651884e-01 0.000000000000000000e+00 0.000000000000000000e+00 0.000000000000000000e+00 4.069767441860465129e-01
5.718954248366012738e-01 7.142857142857142461e-02 1.869158878504672758e-02 2.962962962962962382e-02 4.440191612266942145e-01
5.612903225806451513e-01 3.225806451612903136e-02 9.345794392523363789e-03 1.449275362318840250e-02 4.307812715804980597e-01
5.631067961165048263e-01 0.000000000000000000e+00 0.000000000000000000e+00 0.000000000000000000e+00 4.306930693069306870e-01
5.434782608695651884e-01 0.000000000000000000e+00 0.000000000000000000e+00 0.000000000000000000e+00 4.069767441860465129e-01
5.434782608695651884e-01 0.000000000000000000e+00 0.000000000000000000e+00 0.000000000000000000e+00 4.069767441860465129e-01
9.155844155844156118e-01 8.045112781954887327e-01 1.000000000000000000e+00 8.916666666666667185e-01 9.353233830845771868e-01
7.603833865814696447e-01 6.666666666666666297e-01 5.981308411214952825e-01 6.305418719211821621e-01 7.213955176481263720e-01
9.067524115755627445e-01 7.867647058823529216e-01 1.000000000000000000e+00 8.806584362139917577e-01 9.289215686274510109e-01
8.290322580645160810e-01 7.410714285714286031e-01 7.757009345794392274e-01 7.579908675799087447e-01 8.164218958611482169e-01
5.537974683544303334e-01 0.000000000000000000e+00 0.000000000000000000e+00 0.000000000000000000e+00 4.186602870813397326e-01
5.434782608695651884e-01 0.000000000000000000e+00 0.000000000000000000e+00 0.000000000000000000e+00 4.069767441860465129e-01
8.980891719745223156e-01 7.697841726618704916e-01 1.000000000000000000e+00 8.699186991869918284e-01 9.227053140096618256e-01
5.555555555555555802e-01 0.000000000000000000e+00 0.000000000000000000e+00 0.000000000000000000e+00 4.206730769230769273e-01
5.434782608695651884e-01 0.000000000000000000e+00 0.000000000000000000e+00 0.000000000000000000e+00 4.069767441860465129e-01
8.980891719745223156e-01 7.697841726618704916e-01 1.000000000000000000e+00 8.699186991869918284e-01 9.227053140096618256e-01
5.434782608695651884e-01 0.000000000000000000e+00 0.000000000000000000e+00 0.000000000000000000e+00 4.069767441860465129e-01
9.368770764119601635e-01 8.492063492063491870e-01 1.000000000000000000e+00 9.184549356223175032e-01 9.510309278350516093e-01
6.881028938906752490e-01 5.714285714285713969e-01 3.738317757009345654e-01 4.519774011299434457e-01 6.133864760857613563e-01
5.434782608695651884e-01 0.000000000000000000e+00 0.000000000000000000e+00 0.000000000000000000e+00 4.069767441860465129e-01
5.636942675159235527e-01 8.333333333333332871e-02 2.803738317757009310e-02 4.195804195804195280e-02 4.343085466612487400e-01
8.840125391849529279e-01 7.430555555555555802e-01 1.000000000000000000e+00 8.525896414342629681e-01 9.127358490566037652e-01
5.434782608695651884e-01 0.000000000000000000e+00 0.000000000000000000e+00 0.000000000000000000e+00 4.069767441860465129e-01
8.980891719745223156e-01 7.697841726618704916e-01 1.000000000000000000e+00 8.699186991869918284e-01 9.227053140096618256e-01
5.434782608695651884e-01 0.000000000000000000e+00 0.000000000000000000e+00 0.000000000000000000e+00 4.069767441860465129e-01
5.434782608695651884e-01 0.000000000000000000e+00 0.000000000000000000e+00 0.000000000000000000e+00 4.069767441860465129e-01
5.434782608695651884e-01 0.000000000000000000e+00 0.000000000000000000e+00 0.000000000000000000e+00 4.069767441860465129e-01
5.434782608695651884e-01 0.000000000000000000e+00 0.000000000000000000e+00 0.000000000000000000e+00 4.069767441860465129e-01
5.434782608695651884e-01 0.000000000000000000e+00 0.000000000000000000e+00 0.000000000000000000e+00 4.069767441860465129e-01
5.434782608695651884e-01 0.000000000000000000e+00 0.000000000000000000e+00 0.000000000000000000e+00 4.069767441860465129e-01
8.867924528301887044e-01 7.482517482517482277e-01 1.000000000000000000e+00 8.559999999999999831e-01 9.146919431279620927e-01
8.980891719745223156e-01 7.697841726618704916e-01 1.000000000000000000e+00 8.699186991869918284e-01 9.227053140096618256e-01
8.924050632911392222e-01 7.588652482269503396e-01 1.000000000000000000e+00 8.629032258064516236e-01 9.186602870813397326e-01
5.612903225806451513e-01 3.225806451612903136e-02 9.345794392523363789e-03 1.449275362318840250e-02 4.307812715804980597e-01
5.608974358974359031e-01 0.000000000000000000e+00 0.000000000000000000e+00 0.000000000000000000e+00 4.268292682926829174e-01
