5.434782608695651884e-01 0.000000000000000000e+00 0.000000000000000000e+00 0.000000000000000000e+00 4.069767441860465129e-01
5.434782608695651884e-01 0.000000000000000000e+00 0.000000000000000000e+00 0.000000000000000000e+00 4.069767441860465129e-01
5.434782608695651884e-01 0.000000000000000000e+00 0.000000000000000000e+00 0.000000000000000000e+00 4.069767441860465129e-01
9.067524115755627445e-01 7.867647058823529216e-01 1.000000000000000000e+00 8.806584362139917577e-01 9.289215686274510109e-01
8.074534161490682926e-01 6.800000000000000488e-01 7.943925233644859585e-01 7.327586206896552490e-01 8.041730058682894366e-01
8.952380952380952772e-01 7.642857142857142350e-01 1.000000000000000000e+00 8.663967611336031993e-01 9.206730769230768718e-01
9.368770764119601635e-01 8.492063492063491870e-01 1.000000000000000000e+00 9.184549356223175032e-01 9.510309278350516093e-01
5.594855305466237549e-01 0.000000000000000000e+00 0.000000000000000000e+00 0.000000000000000000e+00 4.264705882352941013e-01
5.434782608695651884e-01 0.000000000000000000e+00 0.000000000000000000e+00 0.000000000000000000e+00 4.069767441860465129e-01
9.038461538461538547e-01 7.810218978102190235e-01 1.000000000000000000e+00 8.770491803278688270e-01 9.268292682926828618e-01
5.434782608695651884e-01 0.000000000000000000e+00 0.000000000000000000e+00 0.000000000000000000e+00 4.069767441860465129e-01
8.757763975155279379e-01 7.278911564625850650e-01 1.000000000000000000e+00 8.425196850393700254e-01 9.069767441860465684e-01
5.434782608695651884e-01 0.000000000000000000e+00 0.000000000000000000e+00 0.000000000000000000e+00 4.069767441860465129e-01
5.434782608695651884e-01 0.000000000000000000e+00 0.000000000000000000e+00 0.000000000000000000e+00 4.069767441860465129e-01
8.757763975155279379e-01 7.278911564625850650e-01 1.000000000000000000e+00 8.425196850393700254e-01 9.069767441860465684e-01
5.434782608695651884e-01 0.000000000000000000e+00 0.000000000000000000e+00 0.000000000000000000e+00 4.069767441860465129e-01
8.785046728971962482e-01 7.328767123287671659e-01 1.000000000000000000e+00 8.458498023715415037e-01 9.088785046728972139e-01
8.867924528301887044e-01 7.482517482517482277e-01 1.000000000000000000e+00 8.559999999999999831e-01 9.146919431279620927e-01
5.434782608695651884e-01 0.000000000000000000e+00 0.000000000000000000e+00 0.000000000000000000e+00 4.069767441860465129e-01
5.434782608695651884e-01 0.000000000000000000e+00 0.000000000000000000e+00 0.000000000000000000e+00 4.069767441860465129e-01
5.742574257425742124e-01 4.166666666666666435e-02 9.345794392523363789e-03 1.526717557251908164e-02 4.459994278085065433e-01
9.067524115755627445e-01 7.867647058823529216e-01 1.000000000000000000e+00 8.806584362139917577e-01 9.289215686274510109e-01
5.434782608695651884e-01 0.000000000000000000e+00 0.000000000000000000e+00 0.000000000000000000e+00 4.069767441860465129e-01
5.434782608695651884e-01 0.000000000000000000e+00 0.000000000000000000e+00 0.000000000000000000e+00 4.069767441860465129e-01
5.434782608695651884e-01 0.000000000000000000e+00 0.000000000000000000e+00 0.000000000000000000e+00 4.069767441860465129e-01
8.757763975155279379e-01 7.278911564625850650e-01 1.000000000000000000e+00 8.425196850393700254e-01 9.069767441860465684e-01
8.603174603174603696e-01 7.441860465116278966e-01 8.971962616822429792e-01 8.135593220338981357e-01 8.692712077641985280e-01
5.434782608695651884e-01 0.000000000000000000e+00 0.000000000000000000e+00 0.000000000000000000e+00 4.069767441860465129e-01
5.612903225806451513e-01 3.225806451612903136e-02 9.345794392523363789e-03 1.449275362318840250e-02 4.307812715804980597e-01
5.434782608695651884e-01 0.000000000000000000e+00 0.000000000000000000e+00 0.000000000000000000e+00 4.069767441860465129e-01
5.434782608695651884e-01 0.000000000000000000e+00 0.000000000000000000e+00 0.000000000000000000e+00 4.069767441860465129e-01
9.155844155844156118e-01 8.045112781954887327e-01 1.000000000000000000e+00 8.916666666666667185e-01 9.353233830845771868e-01
5.434782608695651884e-01 0.000000000000000000e+00 0.000000000000000000e+00 0.000000000000000000e+00 4.069767441860465129e-01
8.101265822784810000e-01 7.043478260869565633e-01 7.570093457943924964e-01 7.297297297297296037e-01 7.971649599785359808e-01
8.785046728971962482e-01 7.328767123287671659e-01 1.000000000000000000e+00 8.458498023715415037e-01 9.088785046728972139e-01
8.785046728971962482e-01 7.328767123287671659e-01 1.000000000000000000e+00 8.458498023715415037e-01 9.088785046728972139e-01
8.924050632911392222e-01 7.588652482269503396e-01 1.000000000000000000e+00 8.629032258064516236e-01 9.186602870813397326e-01
