5.690235690235689869e-01 4.347826086956521618e-02 9.345794392523363789e-03 1.538461538461538200e-02 4.467781603541563507e-01
8.909657320872274022e-01 7.535211267605633756e-01 1.000000000000000000e+00 8.594377510040159818e-01 9.182242990654205794e-01
5.856164383561643927e-01 6.250000000000000000e-02 9.345794392523363789e-03 1.626016260162601451e-02 4.641323566557210567e-01
6.567656765676567199e-01 5.365853658536585691e-01 2.056074766355140138e-01 2.972972972972973138e-01 5.543343505626550094e-01
5.755627009646302472e-01 3.703703703703703498e-02 9.345794392523363789e-03 1.492537313432835792e-02 4.409474070001832002e-01
5.756578947368421462e-01 4.166666666666666435e-02 9.345794392523363789e-03 1.526717557251908164e-02 4.462972626784951213e-01
5.629139072847682002e-01 3.703703703703703498e-02 9.345794392523363789e-03 1.492537313432835792e-02 4.380062305295949754e-01
5.673076923076922906e-01 0.000000000000000000e+00 0.000000000000000000e+00 0.000000000000000000e+00 4.317073170731707266e-01
9.346405228758170036e-01 8.425196850393700254e-01 1.000000000000000000e+00 9.145299145299145005e-01 9.497487437185929693e-01
7.401315789473684736e-01 6.999999999999999556e-01 4.579439252336448551e-01 5.536723163841807960e-01 6.756724702310356045e-01
9.285714285714286031e-01 8.294573643410853014e-01 1.000000000000000000e+00 9.067796610169490679e-01 9.452736318407960470e-01
7.142857142857143016e-01 7.674418604651163101e-01 3.084112149532710068e-01 4.400000000000000022e-01 6.274676395621969771e-01
5.646687697160883701e-01 0.000000000000000000e+00 0.000000000000000000e+00 0.000000000000000000e+00 4.261904761904761751e-01
5.682539682539682335e-01 0.000000000000000000e+00 0.000000000000000000e+00 0.000000000000000000e+00 4.302884615384615641e-01
9.108280254777070262e-01 7.925925925925926263e-01 1.000000000000000000e+00 8.842975206611569661e-01 9.323671497584541390e-01
5.593749999999999556e-01 0.000000000000000000e+00 0.000000000000000000e+00 0.000000000000000000e+00 4.201877934272300608e-01
5.559006211180124168e-01 0.000000000000000000e+00 0.000000000000000000e+00 0.000000000000000000e+00 4.162790697674418894e-01
9.108280254777070262e-01 7.925925925925926263e-01 1.000000000000000000e+00 8.842975206611569661e-01 9.323671497584541390e-01
5.559006211180124168e-01 0.000000000000000000e+00 0.000000000000000000e+00 0.000000000000000000e+00 4.162790697674418894e-01
9.315960912052116960e-01 8.359375000000000000e-01 1.000000000000000000e+00 9.106382978723404076e-01 9.475000000000000089e-01
6.688524590163934525e-01 5.625000000000000000e-01 2.523364485981308136e-01 3.483870967741935498e-01 5.731379212687622848e-01
5.559006211180124168e-01 0.000000000000000000e+00 0.000000000000000000e+00 0.000000000000000000e+00 4.162790697674418894e-01
5.516129032258064724e-01 2.941176470588235253e-02 9.345794392523363789e-03 1.418439716312056530e-02 4.233921090189217140e-01
9.285714285714286031e-01 8.294573643410853014e-01 1.000000000000000000e+00 9.067796610169490679e-01 9.452736318407960470e-01
5.682539682539682335e-01 0.000000000000000000e+00 0.000000000000000000e+00 0.000000000000000000e+00 4.302884615384615641e-01
9.108280254777070262e-01 7.925925925925926263e-01 1.000000000000000000e+00 8.842975206611569661e-01 9.323671497584541390e-01
5.551948051948052409e-01 3.125000000000000000e-02 9.345794392523363789e-03 1.438848920863309254e-02 4.275584693355651833e-01
5.559006211180124168e-01 0.000000000000000000e+00 0.000000000000000000e+00 0.000000000000000000e+00 4.162790697674418894e-01
5.559006211180124168e-01 0.000000000000000000e+00 0.000000000000000000e+00 0.000000000000000000e+00 4.162790697674418894e-01
5.836065573770491399e-01 4.545454545454545581e-02 9.345794392523363789e-03 1.550387596899224611e-02 4.516425941659585885e-01
5.562500000000000222e-01 0.000000000000000000e+00 0.000000000000000000e+00 0.000000000000000000e+00 4.178403755868544400e-01
5.732484076433120856e-01 3.448275862068965469e-02 9.345794392523363789e-03 1.470588235294117453e-02 4.370400469547157662e-01
8.993710691823899595e-01 7.697841726618704916e-01 1.000000000000000000e+00 8.699186991869918284e-01 9.241706161137440700e-01
9.533333333333333659e-01 8.842975206611570771e-01 1.000000000000000000e+00 9.385964912280702066e-01 9.637305699481865107e-01
8.993710691823899595e-01 7.697841726618704916e-01 1.000000000000000000e+00 8.699186991869918284e-01 9.241706161137440700e-01
5.559006211180124168e-01 0.000000000000000000e+00 0.000000000000000000e+00 0.000000000000000000e+00 4.162790697674418894e-01
5.682539682539682335e-01 0.000000000000000000e+00 0.000000000000000000e+00 0.000000000000000000e+00 4.302884615384615641e-01
