9.079365079365079305e-01 7.867647058823529216e-01 1.000000000000000000e+00 8.806584362139917577e-01 9.302884615384615641e-01
5.951557093425605682e-01 1.875000000000000000e-01 2.803738317757009310e-02 4.878048780487804353e-02 4.783044058744992943e-01
9.137380191693290632e-01 7.985074626865671377e-01 1.000000000000000000e+00 8.879668049792530660e-01 9.344660194174757573e-01
8.909657320872274022e-01 7.535211267605633756e-01 1.000000000000000000e+00 8.594377510040159818e-01 9.182242990654205794e-01
5.792880258899676393e-01 4.000000000000000083e-02 9.345794392523363789e-03 1.515151515151515020e-02 4.452669566022022241e-01
9.438943894389438816e-01 8.629032258064516236e-01 1.000000000000000000e+00 9.264069264069264564e-01 9.566326530612244694e-01
5.559006211180124168e-01 0.000000000000000000e+00 0.000000000000000000e+00 0.000000000000000000e+00 4.162790697674418894e-01
5.643564356435643026e-01 3.703703703703703498e-02 9.345794392523363789e-03 1.492537313432835792e-02 4.383463665840167112e-01
5.980066445182724566e-01 6.250000000000000000e-02 9.345794392523363789e-03 1.626016260162601451e-02 4.660131033818286639e-01
5.664556962025316666e-01 0.000000000000000000e+00 0.000000000000000000e+00 0.000000000000000000e+00 4.282296650717703490e-01
5.559006211180124168e-01 0.000000000000000000e+00 0.000000000000000000e+00 0.000000000000000000e+00 4.162790697674418894e-01
5.784313725490196623e-01 7.692307692307692735e-02 1.869158878504672758e-02 3.007518796992481036e-02 4.490442868548349398e-01
5.559006211180124168e-01 0.000000000000000000e+00 0.000000000000000000e+00 0.000000000000000000e+00 4.162790697674418894e-01
5.559006211180124168e-01 0.000000000000000000e+00 0.000000000000000000e+00 0.000000000000000000e+00 4.162790697674418894e-01
5.559006211180124168e-01 0.000000000000000000e+00 0.000000000000000000e+00 0.000000000000000000e+00 4.162790697674418894e-01
9.285714285714286031e-01 8.294573643410853014e-01 1.000000000000000000e+00 9.067796610169490679e-01 9.452736318407960470e-01
8.225806451612903691e-01 7.600000000000000089e-01 7.102803738317756688e-01 7.342995169082127127e-01 7.960268864232770136e-01
5.559006211180124168e-01 0.000000000000000000e+00 0.000000000000000000e+00 0.000000000000000000e+00 4.162790697674418894e-01
8.241042345276873293e-01 7.676767676767676241e-01 7.102803738317756688e-01 7.378640776699028070e-01 7.976401869158878943e-01
5.953177257525084087e-01 6.250000000000000000e-02 9.345794392523363789e-03 1.626016260162601451e-02 4.656103971962616273e-01
9.022082018927445324e-01 7.753623188405797118e-01 1.000000000000000000e+00 8.734693877551020780e-01 9.261904761904761196e-01
6.457680250783699449e-01 4.500000000000000111e-01 2.523364485981308136e-01 3.233532934131736480e-01 5.483380356198200856e-01
5.673076923076922906e-01 0.000000000000000000e+00 0.000000000000000000e+00 0.000000000000000000e+00 4.317073170731707266e-01
9.166666666666666297e-01 8.045112781954887327e-01 1.000000000000000000e+00 8.916666666666667185e-01 9.365853658536584803e-01
5.559006211180124168e-01 0.000000000000000000e+00 0.000000000000000000e+00 0.000000000000000000e+00 4.162790697674418894e-01
5.559006211180124168e-01 0.000000000000000000e+00 0.000000000000000000e+00 0.000000000000000000e+00 4.162790697674418894e-01
5.664556962025316666e-01 3.125000000000000000e-02 9.345794392523363789e-03 1.438848920863309254e-02 4.305102177704243083e-01
5.559006211180124168e-01 0.000000000000000000e+00 0.000000000000000000e+00 0.000000000000000000e+00 4.162790697674418894e-01
5.559006211180124168e-01 0.000000000000000000e+00 0.000000000000000000e+00 0.000000000000000000e+00 4.162790697674418894e-01
6.082802547770700397e-01 2.999999999999999889e-01 1.121495327102803724e-01 1.632653061224489943e-01 4.884419161135943321e-01
5.559006211180124168e-01 0.000000000000000000e+00 0.000000000000000000e+00 0.000000000000000000e+00 4.162790697674418894e-01
5.559006211180124168e-01 0.000000000000000000e+00 0.000000000000000000e+00 0.000000000000000000e+00 4.162790697674418894e-01
5.816993464052288010e-01 4.347826086956521618e-02 9.345794392523363789e-03 1.538461538461538200e-02 4.493965152867138713e-01
5.888157894736841813e-01 9.090909090909091161e-02 1.869158878504672758e-02 3.100775193798449222e-02 4.585843730727264256e-01
5.559006211180124168e-01 0.000000000000000000e+00 0.000000000000000000e+00 0.000000000000000000e+00 4.162790697674418894e-01
8.937500000000000444e-01 7.588652482269503396e-01 1.000000000000000000e+00 8.629032258064516236e-01 9.201877934272301163e-01
5.559006211180124168e-01 0.000000000000000000e+00 0.000000000000000000e+00 0.000000000000000000e+00 4.162790697674418894e-01
