5.559006211180124168e-01 0.000000000000000000e+00 0.000000000000000000e+00 0.000000000000000000e+00 4.162790697674418894e-01
5.559006211180124168e-01 0.000000000000000000e+00 0.000000000000000000e+00 0.000000000000000000e+00 4.162790697674418894e-01
5.999999999999999778e-01 1.428571428571428492e-01 9.345794392523363789e-03 1.754385964912280604e-02 4.873318567338338902e-01
9.225806451612903469e-01 8.167938931297710203e-01 1.000000000000000000e+00 8.991596638655461327e-01 9.408866995073892348e-01
9.346405228758170036e-01 8.425196850393700254e-01 1.000000000000000000e+00 9.145299145299145005e-01 9.497487437185929693e-01
9.196141479099678717e-01 8.106060606060605522e-01 1.000000000000000000e+00 8.953974895397489586e-01 9.387254901960784270e-01
9.315960912052116960e-01 8.359375000000000000e-01 1.000000000000000000e+00 9.106382978723404076e-01 9.475000000000000089e-01
5.700636942675159080e-01 3.333333333333333287e-02 9.345794392523363789e-03 1.459854014598539924e-02 4.346245880175176879e-01
5.559006211180124168e-01 0.000000000000000000e+00 0.000000000000000000e+00 0.000000000000000000e+00 4.162790697674418894e-01
6.930693069306930187e-01 6.296296296296296502e-01 3.177570093457943723e-01 4.223602484472049889e-01 6.078580965096318511e-01
5.559006211180124168e-01 0.000000000000000000e+00 0.000000000000000000e+00 0.000000000000000000e+00 4.162790697674418894e-01
9.196141479099678717e-01 8.106060606060605522e-01 1.000000000000000000e+00 8.953974895397489586e-01 9.387254901960784270e-01
5.559006211180124168e-01 0.000000000000000000e+00 0.000000000000000000e+00 0.000000000000000000e+00 4.162790697674418894e-01
5.576323987538940319e-01 0.000000000000000000e+00 0.000000000000000000e+00 0.000000000000000000e+00 4.182242990654205794e-01
9.166666666666666297e-01 8.045112781954887327e-01 1.000000000000000000e+00 8.916666666666667185e-01 9.365853658536584803e-01
5.732484076433120856e-01 3.448275862068965469e-02 9.345794392523363789e-03 1.470588235294117453e-02 4.370400469547157662e-01
8.909657320872274022e-01 7.535211267605633756e-01 1.000000000000000000e+00 8.594377510040159818e-01 9.182242990654205794e-01
9.108280254777070262e-01 7.925925925925926263e-01 1.000000000000000000e+00 8.842975206611569661e-01 9.323671497584541390e-01
5.559006211180124168e-01 0.000000000000000000e+00 0.000000000000000000e+00 0.000000000000000000e+00 4.162790697674418894e-01
5.718849840255590955e-01 3.448275862068965469e-02 9.345794392523363789e-03 1.470588235294117453e-02 4.367117321477179681e-01
5.769230769230768718e-01 3.703703703703703498e-02 9.345794392523363789e-03 1.492537313432835792e-02 4.412582630499202185e-01
9.079365079365079305e-01 7.867647058823529216e-01 1.000000000000000000e+00 8.806584362139917577e-01 9.302884615384615641e-01
5.559006211180124168e-01 0.000000000000000000e+00 0.000000000000000000e+00 0.000000000000000000e+00 4.162790697674418894e-01
6.054421768707483054e-01 9.090909090909091161e-02 9.345794392523363789e-03 1.694915254237287783e-02 4.779349292818231287e-01
5.576323987538940319e-01 0.000000000000000000e+00 0.000000000000000000e+00 0.000000000000000000e+00 4.182242990654205794e-01
9.166666666666666297e-01 8.045112781954887327e-01 1.000000000000000000e+00 8.916666666666667185e-01 9.365853658536584803e-01
8.580441640378548840e-01 7.500000000000000000e-01 8.691588785046728827e-01 8.051948051948051299e-01 8.607699154428125610e-01
5.723472668810289932e-01 3.571428571428571230e-02 9.345794392523363789e-03 1.481481481481481191e-02 4.384964266080264017e-01
5.559006211180124168e-01 0.000000000000000000e+00 0.000000000000000000e+00 0.000000000000000000e+00 4.162790697674418894e-01
5.559006211180124168e-01 0.000000000000000000e+00 0.000000000000000000e+00 0.000000000000000000e+00 4.162790697674418894e-01
5.551948051948052409e-01 3.125000000000000000e-02 9.345794392523363789e-03 1.438848920863309254e-02 4.275584693355651833e-01
9.315960912052116960e-01 8.359375000000000000e-01 1.000000000000000000e+00 9.106382978723404076e-01 9.475000000000000089e-01
5.466237942122186277e-01 0.000000000000000000e+00 0.000000000000000000e+00 0.000000000000000000e+00 4.166666666666666852e-01
8.025477707006369865e-01 7.227722772277227481e-01 6.822429906542055722e-01 7.019230769230768718e-01 7.734886450855569251e-01
9.050632911392405555e-01 7.810218978102190235e-01 1.000000000000000000e+00 8.770491803278688270e-01 9.282296650717704045e-01
8.909657320872274022e-01 7.535211267605633756e-01 1.000000000000000000e+00 8.594377510040159818e-01 9.182242990654205794e-01
8.518518518518518601e-01 8.058252427184465772e-01 7.757009345794392274e-01 7.904761904761904434e-01 8.352188883423511401e-01
