9.658385093167701774e-01 9.067796610169491789e-01 1.000000000000000000e+00 9.511111111111111294e-01 9.744186046511628119e-01
6.464646464646465196e-01 5.454545454545454142e-01 1.121495327102803724e-01 1.860465116279069742e-01 5.297589768814560118e-01
9.658385093167701774e-01 9.067796610169491789e-01 1.000000000000000000e+00 9.511111111111111294e-01 9.744186046511628119e-01
9.688473520249221149e-01 9.145299145299145005e-01 1.000000000000000000e+00 9.553571428571429047e-01 9.766355140186915307e-01
5.955882352941176405e-01 3.636363636363636465e-01 3.738317757009345516e-02 6.779661016949151131e-02 4.974794675729254934e-01
9.658385093167701774e-01 9.067796610169491789e-01 1.000000000000000000e+00 9.511111111111111294e-01 9.744186046511628119e-01
9.658385093167701774e-01 9.067796610169491789e-01 1.000000000000000000e+00 9.511111111111111294e-01 9.744186046511628119e-01
9.551282051282051766e-01 9.266055045871559592e-01 9.439252336448598069e-01 9.351851851851852304e-01 9.524504217004786666e-01
6.448275862068965081e-01 6.111111111111111605e-01 1.028037383177570069e-01 1.759999999999999898e-01 5.322761860987691440e-01
9.657320872274143264e-01 9.067796610169491789e-01 1.000000000000000000e+00 9.511111111111111294e-01 9.742990654205607726e-01
9.658385093167701774e-01 9.067796610169491789e-01 1.000000000000000000e+00 9.511111111111111294e-01 9.744186046511628119e-01
9.688473520249221149e-01 9.145299145299145005e-01 1.000000000000000000e+00 9.553571428571429047e-01 9.766355140186915307e-01
8.832807570977917466e-01 9.069767441860464574e-01 7.289719626168223998e-01 8.082901554404144928e-01 8.454383622607921644e-01
7.308970099667774223e-01 7.954545454545454142e-01 3.271028037383177378e-01 4.635761589403973315e-01 6.403555255804990187e-01
9.658385093167701774e-01 9.067796610169491789e-01 1.000000000000000000e+00 9.511111111111111294e-01 9.744186046511628119e-01
9.299363057324840920e-01 8.971962616822429792e-01 8.971962616822429792e-01 8.971962616822429792e-01 9.220280825319427942e-01
7.712418300653595127e-01 8.135593220338983578e-01 4.485981308411214896e-01 5.783132530120481674e-01 6.966608744657869501e-01
8.538961038961039307e-01 8.974358974358974672e-01 6.542056074766354756e-01 7.567567567567567988e-01 8.072023062258797399e-01
6.169491525423729250e-01 0.000000000000000000e+00 0.000000000000000000e+00 0.000000000000000000e+00 4.840425531914893664e-01
6.391752577319587125e-01 5.714285714285713969e-01 7.476635514018691031e-02 1.322314049586776619e-01 5.210788297440064332e-01
9.658385093167701774e-01 9.067796610169491789e-01 1.000000000000000000e+00 9.511111111111111294e-01 9.744186046511628119e-01
8.093645484949832936e-01 9.032258064516128782e-01 5.233644859813083583e-01 6.627218934911242032e-01 7.460572429906542347e-01
9.512987012987013102e-01 9.599999999999999645e-01 8.971962616822429792e-01 9.275362318840579823e-01 9.386478820849025739e-01
8.397435897435897578e-01 9.014084507042253724e-01 5.981308411214952825e-01 7.191011235955055980e-01 7.819922498290403645e-01
7.308970099667774223e-01 7.954545454545454142e-01 3.271028037383177378e-01 4.635761589403973315e-01 6.403555255804990187e-01
9.658385093167701774e-01 9.067796610169491789e-01 1.000000000000000000e+00 9.511111111111111294e-01 9.744186046511628119e-01
6.698113207547169434e-01 5.416666666666666297e-01 1.214953271028037379e-01 1.984732824427480891e-01 5.346813128405013549e-01
9.688473520249221149e-01 9.145299145299145005e-01 1.000000000000000000e+00 9.553571428571429047e-01 9.766355140186915307e-01
5.972222222222222099e-01 0.000000000000000000e+00 0.000000000000000000e+00 0.000000000000000000e+00 4.751381215469613339e-01
9.658385093167701774e-01 9.067796610169491789e-01 1.000000000000000000e+00 9.511111111111111294e-01 9.744186046511628119e-01
6.555183946488294389e-01 6.666666666666666297e-01 7.476635514018691031e-02 1.344537815126050362e-01 5.269665109034267214e-01
9.688473520249221149e-01 9.145299145299145005e-01 1.000000000000000000e+00 9.553571428571429047e-01 9.766355140186915307e-01
6.241830065359477153e-01 0.000000000000000000e+00 0.000000000000000000e+00 0.000000000000000000e+00 4.798994974874372099e-01
9.688473520249221149e-01 9.145299145299145005e-01 1.000000000000000000e+00 9.553571428571429047e-01 9.766355140186915307e-01
9.688473520249221149e-01 9.145299145299145005e-01 1.000000000000000000e+00 9.553571428571429047e-01 9.766355140186915307e-01
9.658385093167701774e-01 9.067796610169491789e-01 1.000000000000000000e+00 9.511111111111111294e-01 9.744186046511628119e-01
5.166666666666667185e-01 0.000000000000000000e+00 0.000000000000000000e+00 0.000000000000000000e+00 4.661654135338345606e-01
