6.293706293706293753e-01 5.294117647058823595e-01 8.411214953271027583e-02 1.451612903225806273e-01 5.197097060512713140e-01
6.129032258064516236e-01 4.705882352941176405e-01 7.476635514018691031e-02 1.290322580645160977e-01 5.112203868724189970e-01
9.688473520249221149e-01 9.145299145299145005e-01 1.000000000000000000e+00 9.553571428571429047e-01 9.766355140186915307e-01
9.658385093167701774e-01 9.067796610169491789e-01 1.000000000000000000e+00 9.511111111111111294e-01 9.744186046511628119e-01
9.035369774919613794e-01 9.052631578947368807e-01 8.037383177570093240e-01 8.514851485148514643e-01 8.798103353490928091e-01
9.658385093167701774e-01 9.067796610169491789e-01 1.000000000000000000e+00 9.511111111111111294e-01 9.744186046511628119e-01
9.365079365079365115e-01 9.223300970873786753e-01 8.878504672897196137e-01 9.047619047619047672e-01 9.246944644140906444e-01
9.777777777777777457e-01 9.385964912280702066e-01 1.000000000000000000e+00 9.683257918552036214e-01 9.831730769230769829e-01
8.295081967213114860e-01 8.873239436619718701e-01 5.887850467289719170e-01 7.078651685393257953e-01 7.741905031624657374e-01
9.688473520249221149e-01 9.145299145299145005e-01 1.000000000000000000e+00 9.553571428571429047e-01 9.766355140186915307e-01
9.718750000000000444e-01 9.224137931034482873e-01 1.000000000000000000e+00 9.596412556053811604e-01 9.788732394366197465e-01
9.658385093167701774e-01 9.067796610169491789e-01 1.000000000000000000e+00 9.511111111111111294e-01 9.744186046511628119e-01
9.658385093167701774e-01 9.067796610169491789e-01 1.000000000000000000e+00 9.511111111111111294e-01 9.744186046511628119e-01
5.773584905660377187e-01 0.000000000000000000e+00 0.000000000000000000e+00 0.000000000000000000e+00 4.841772151898734444e-01
9.658385093167701774e-01 9.067796610169491789e-01 1.000000000000000000e+00 9.511111111111111294e-01 9.744186046511628119e-01
5.381526104417670986e-01 0.000000000000000000e+00 0.000000000000000000e+00 0.000000000000000000e+00 4.718309859154929398e-01
9.658385093167701774e-01 9.067796610169491789e-01 1.000000000000000000e+00 9.511111111111111294e-01 9.744186046511628119e-01
9.658385093167701774e-01 9.067796610169491789e-01 1.000000000000000000e+00 9.511111111111111294e-01 9.744186046511628119e-01
5.843137254901961120e-01 5.333333333333333259e-01 7.476635514018691031e-02 1.311475409836065364e-01 5.137345289214447774e-01
6.044776119402984760e-01 5.333333333333333259e-01 7.476635514018691031e-02 1.311475409836065364e-01 5.156440471353108679e-01
7.318611987381703488e-01 7.894736842105263275e-01 2.803738317757009102e-01 4.137931034482758008e-01 6.211392968402313919e-01
9.156250000000000222e-01 9.081632653061224580e-01 8.317757009345794206e-01 8.682926829268292623e-01 8.947610899039094567e-01
7.704918032786884918e-01 8.490566037735849392e-01 4.205607476635513930e-01 5.625000000000000000e-01 6.900783536297554477e-01
6.718750000000000000e-01 5.416666666666666297e-01 1.214953271028037379e-01 1.984732824427480891e-01 5.349260673072704364e-01
5.773584905660377187e-01 0.000000000000000000e+00 0.000000000000000000e+00 0.000000000000000000e+00 4.841772151898734444e-01
9.658385093167701774e-01 9.067796610169491789e-01 1.000000000000000000e+00 9.511111111111111294e-01 9.744186046511628119e-01
5.993150684931506378e-01 0.000000000000000000e+00 0.000000000000000000e+00 0.000000000000000000e+00 4.729729729729729715e-01
5.936395759717314480e-01 0.000000000000000000e+00 0.000000000000000000e+00 0.000000000000000000e+00 4.772727272727272929e-01
5.632183908045976795e-01 0.000000000000000000e+00 0.000000000000000000e+00 0.000000000000000000e+00 4.772727272727272929e-01
9.717868338557993368e-01 9.224137931034482873e-01 1.000000000000000000e+00 9.596412556053811604e-01 9.787735849056603543e-01
8.789808917197452498e-01 9.058823529411764719e-01 7.196261682242990343e-01 8.020833333333332593e-01 8.404894126145650013e-01
9.658385093167701774e-01 9.067796610169491789e-01 1.000000000000000000e+00 9.511111111111111294e-01 9.744186046511628119e-01
6.094890510948904883e-01 5.000000000000000000e-01 6.542056074766354479e-02 1.157024793388429645e-01 5.117521965414963958e-01
6.781249999999999778e-01 5.769230769230768718e-01 1.401869158878504551e-01 2.255639097744360777e-01 5.442718616997938019e-01
9.658385093167701774e-01 9.067796610169491789e-01 1.000000000000000000e+00 9.511111111111111294e-01 9.744186046511628119e-01
9.658385093167701774e-01 9.067796610169491789e-01 1.000000000000000000e+00 9.511111111111111294e-01 9.744186046511628119e-01
9.684542586750788384e-01 9.369369369369369149e-01 9.719626168224299034e-01 9.541284403669725300e-01 9.693146417445483998e-01
