6.742671009771986634e-01 6.521739130434782705e-01 1.401869158878504551e-01 2.307692307692307265e-01 5.500934579439251682e-01
9.658385093167701774e-01 9.067796610169491789e-01 1.000000000000000000e+00 9.511111111111111294e-01 9.744186046511628119e-01
9.656249999999999556e-01 9.067796610169491789e-01 1.000000000000000000e+00 9.511111111111111294e-01 9.741784037558686160e-01
6.340694006309148811e-01 1.538461538461538547e-01 1.869158878504672758e-02 3.333333333333333287e-02 4.831553182020471571e-01
6.486486486486486847e-01 5.789473684210526550e-01 1.028037383177570069e-01 1.746031746031745935e-01 5.302378479948574030e-01
9.654088050314465486e-01 9.067796610169491789e-01 1.000000000000000000e+00 9.511111111111111294e-01 9.739336492890995345e-01
6.369863013698630061e-01 5.263157894736841813e-01 9.345794392523364136e-02 1.587301587301587213e-01 5.224046476382925297e-01
4.243902439024390127e-01 0.000000000000000000e+00 0.000000000000000000e+00 0.000000000000000000e+00 4.438775510204081565e-01
6.339869281045751315e-01 3.076923076923077094e-01 3.738317757009345516e-02 6.666666666666666574e-02 4.960785234584135783e-01
7.051282051282051766e-01 7.419354838709677491e-01 2.149532710280373793e-01 3.333333333333333148e-01 5.879644403920674112e-01
9.658385093167701774e-01 9.067796610169491789e-01 1.000000000000000000e+00 9.511111111111111294e-01 9.744186046511628119e-01
8.847352024922118252e-01 8.888888888888888395e-01 7.476635514018691309e-01 8.121827411167511501e-01 8.504672897196262626e-01
5.909090909090909394e-01 0.000000000000000000e+00 0.000000000000000000e+00 0.000000000000000000e+00 4.720670391061452253e-01
7.583892617449664586e-01 8.571428571428570953e-01 3.925233644859812965e-01 5.384615384615384359e-01 6.779370749131478080e-01
9.658385093167701774e-01 9.067796610169491789e-01 1.000000000000000000e+00 9.511111111111111294e-01 9.744186046511628119e-01
8.531250000000000222e-01 8.846153846153845812e-01 6.448598130841121101e-01 7.459459459459458763e-01 8.013031459786758015e-01
6.413793103448275357e-01 6.153846153846154188e-01 7.476635514018691031e-02 1.333333333333333315e-01 5.237219753843010972e-01
5.821428571428571841e-01 0.000000000000000000e+00 0.000000000000000000e+00 0.000000000000000000e+00 4.710982658959537717e-01
5.874125874125873947e-01 0.000000000000000000e+00 0.000000000000000000e+00 0.000000000000000000e+00 4.692737430167597812e-01
9.808306709265175449e-01 9.469026548672566657e-01 1.000000000000000000e+00 9.727272727272727737e-01 9.854368932038835016e-01
9.658385093167701774e-01 9.067796610169491789e-01 1.000000000000000000e+00 9.511111111111111294e-01 9.744186046511628119e-01
5.793357933579336150e-01 0.000000000000000000e+00 0.000000000000000000e+00 0.000000000000000000e+00 4.786585365853658347e-01
7.452229299363056780e-01 8.139534883720930258e-01 3.271028037383177378e-01 4.666666666666666741e-01 6.442277303715743253e-01
8.201892744479495345e-01 8.676470588235294379e-01 5.514018691588784549e-01 6.742857142857142660e-01 7.542723631508678750e-01
7.583892617449664586e-01 8.571428571428570953e-01 3.925233644859812965e-01 5.384615384615384359e-01 6.779370749131478080e-01
9.658385093167701774e-01 9.067796610169491789e-01 1.000000000000000000e+00 9.511111111111111294e-01 9.744186046511628119e-01
6.030534351145038219e-01 5.882352941176470784e-01 9.345794392523364136e-02 1.612903225806451568e-01 5.241483268013265029e-01
5.979381443298968923e-01 0.000000000000000000e+00 0.000000000000000000e+00 0.000000000000000000e+00 4.728260869565217295e-01
6.233766233766233622e-01 0.000000000000000000e+00 0.000000000000000000e+00 0.000000000000000000e+00 4.776119402985074536e-01
6.301369863013698280e-01 4.705882352941176405e-01 7.476635514018691031e-02 1.290322580645160977e-01 5.130588532457691642e-01
6.489361702127659504e-01 6.818181818181817677e-01 1.401869158878504551e-01 2.325581395348837177e-01 5.500934579439251682e-01
6.699029126213592589e-01 5.925925925925925597e-01 1.495327102803738206e-01 2.388059701492537268e-01 5.475386323679096723e-01
9.658385093167701774e-01 9.067796610169491789e-01 1.000000000000000000e+00 9.511111111111111294e-01 9.744186046511628119e-01
6.761006289308175710e-01 5.769230769230768718e-01 1.401869158878504551e-01 2.255639097744360777e-01 5.440271072330248314e-01
5.951557093425605682e-01 0.000000000000000000e+00 0.000000000000000000e+00 0.000000000000000000e+00 4.725274725274725141e-01
5.999999999999999778e-01 0.000000000000000000e+00 0.000000000000000000e+00 0.000000000000000000e+00 4.754098360655737432e-01
6.563573883161512024e-01 7.333333333333332815e-01 1.028037383177570069e-01 1.803278688524590223e-01 5.405323039414871023e-01
