9.012738853503184933e-01 7.753623188405797118e-01 1.000000000000000000e+00 8.734693877551020780e-01 9.251207729468599039e-01
5.986394557823129237e-01 1.333333333333333315e-01 1.869158878504672758e-02 3.278688524590163411e-02 4.745864361037532841e-01
9.218241042345276526e-01 8.167938931297710203e-01 1.000000000000000000e+00 8.991596638655461327e-01 9.399999999999999467e-01
8.927444794952681395e-01 7.588652482269503396e-01 1.000000000000000000e+00 8.629032258064516236e-01 9.190476190476191132e-01
5.465838509316770510e-01 0.000000000000000000e+00 0.000000000000000000e+00 0.000000000000000000e+00 4.093023255813953432e-01
9.041533546325878357e-01 7.810218978102190235e-01 1.000000000000000000e+00 8.770491803278688270e-01 9.271844660194175081e-01
5.913621262458471639e-01 1.000000000000000056e-01 1.869158878504672758e-02 3.149606299212597688e-02 4.629540418152037762e-01
5.892255892255892080e-01 5.882352941176470507e-02 9.345794392523363789e-03 1.612903225806451221e-02 4.625676340383668705e-01
5.677419354838709742e-01 3.448275862068965469e-02 9.345794392523363789e-03 1.470588235294117453e-02 4.357073799548822901e-01
7.905405405405405705e-01 8.169014084507042472e-01 5.420560747663550893e-01 6.516853932584268927e-01 7.366365029916430718e-01
5.465838509316770510e-01 0.000000000000000000e+00 0.000000000000000000e+00 0.000000000000000000e+00 4.093023255813953432e-01
5.605095541401273751e-01 3.030303030303030387e-02 9.345794392523363789e-03 1.428571428571428353e-02 4.273782112059234528e-01
5.619047619047619069e-01 3.030303030303030387e-02 9.345794392523363789e-03 1.428571428571428353e-02 4.277498202731846999e-01
5.465838509316770510e-01 0.000000000000000000e+00 0.000000000000000000e+00 0.000000000000000000e+00 4.093023255813953432e-01
5.619047619047619069e-01 3.030303030303030387e-02 9.345794392523363789e-03 1.428571428571428353e-02 4.277498202731846999e-01
9.188311688311687764e-01 8.106060606060605522e-01 1.000000000000000000e+00 8.953974895397489586e-01 9.378109452736318463e-01
8.327974276527331243e-01 7.477477477477477708e-01 7.757009345794392274e-01 7.614678899082568675e-01 8.192230163093274786e-01
5.636942675159235527e-01 3.125000000000000000e-02 9.345794392523363789e-03 1.438848920863309254e-02 4.297936701431215312e-01
7.214765100671141074e-01 7.222222222222222099e-01 3.644859813084111999e-01 4.844720496894409090e-01 6.429759749473993313e-01
5.860927152317880751e-01 5.000000000000000278e-02 9.345794392523363789e-03 1.574803149606298844e-02 4.559549484783129158e-01
9.099678456591639986e-01 7.925925925925926263e-01 1.000000000000000000e+00 8.842975206611569661e-01 9.313725490196078649e-01
6.066666666666666874e-01 2.962962962962962798e-01 7.476635514018691031e-02 1.194029850746268634e-01 4.881603796426323139e-01
6.054421768707483054e-01 1.538461538461538547e-01 1.869158878504672758e-02 3.333333333333333287e-02 4.799340296866410061e-01
6.925675675675675436e-01 6.739130434782608647e-01 2.897196261682242757e-01 4.052287581699345886e-01 6.051772734015725685e-01
5.465838509316770510e-01 0.000000000000000000e+00 0.000000000000000000e+00 0.000000000000000000e+00 4.093023255813953432e-01
5.619047619047619069e-01 3.030303030303030387e-02 9.345794392523363789e-03 1.428571428571428353e-02 4.277498202731846999e-01
5.912162162162162282e-01 6.250000000000000000e-02 9.345794392523363789e-03 1.626016260162601451e-02 4.649903575137219747e-01
5.619047619047619069e-01 3.030303030303030387e-02 9.345794392523363789e-03 1.428571428571428353e-02 4.277498202731846999e-01
5.465838509316770510e-01 0.000000000000000000e+00 0.000000000000000000e+00 0.000000000000000000e+00 4.093023255813953432e-01
8.436482084690554162e-01 7.757009345794392274e-01 7.757009345794392274e-01 7.757009345794392274e-01 8.278504672897196714e-01
5.673076923076922906e-01 3.333333333333333287e-02 9.345794392523363789e-03 1.459854014598539924e-02 4.339411898791884492e-01
5.636942675159235527e-01 3.125000000000000000e-02 9.345794392523363789e-03 1.438848920863309254e-02 4.297936701431215312e-01
5.784313725490196623e-01 4.166666666666666435e-02 9.345794392523363789e-03 1.526717557251908164e-02 4.468839524726436196e-01
6.505190311418684868e-01 6.666666666666666297e-01 1.121495327102803724e-01 1.920000000000000040e-01 5.395912498716236572e-01
5.709677419354838301e-01 3.571428571428571230e-02 9.345794392523363789e-03 1.481481481481481191e-02 4.381704341420744608e-01
8.955696202531645556e-01 7.642857142857142350e-01 1.000000000000000000e+00 8.663967611336031993e-01 9.210526315789473450e-01
5.573248407643311975e-01 0.000000000000000000e+00 0.000000000000000000e+00 0.000000000000000000e+00 4.227053140096618256e-01
