5.775577557755775526e-01 4.347826086956521618e-02 9.345794392523363789e-03 1.538461538461538200e-02 4.485504482166697837e-01
8.955696202531645556e-01 7.642857142857142350e-01 1.000000000000000000e+00 8.663967611336031993e-01 9.210526315789473450e-01
5.899999999999999689e-01 5.555555555555555247e-02 9.345794392523363789e-03 1.600000000000000033e-02 4.606314464190595648e-01
8.595317725752508187e-01 8.350515463917526082e-01 7.570093457943924964e-01 7.941176470588235947e-01 8.368380062305295075e-01
5.619047619047619069e-01 3.030303030303030387e-02 9.345794392523363789e-03 1.428571428571428353e-02 4.277498202731846999e-01
5.811688311688312236e-01 1.071428571428571369e-01 2.803738317757009310e-02 4.444444444444444614e-02 4.518296368624168391e-01
5.892255892255892080e-01 5.882352941176470507e-02 9.345794392523363789e-03 1.612903225806451221e-02 4.625676340383668705e-01
6.132404181184668568e-01 2.500000000000000000e-01 1.869158878504672758e-02 3.478260869565217434e-02 4.926791277258567026e-01
9.012738853503184933e-01 7.753623188405797118e-01 1.000000000000000000e+00 8.734693877551020780e-01 9.251207729468599039e-01
5.953177257525084087e-01 1.111111111111111049e-01 1.869158878504672758e-02 3.200000000000000067e-02 4.676791277258566248e-01
9.158576051779935279e-01 8.045112781954887327e-01 1.000000000000000000e+00 8.916666666666667185e-01 9.356435643564355864e-01
9.099678456591639986e-01 7.925925925925926263e-01 1.000000000000000000e+00 8.842975206611569661e-01 9.313725490196078649e-01
5.681818181818182323e-01 3.571428571428571230e-02 9.345794392523363789e-03 1.481481481481481191e-02 4.375087180917840435e-01
6.809210526315789824e-01 5.961538461538461453e-01 2.897196261682242757e-01 3.899371069182389626e-01 5.915603206983253148e-01
9.070512820512820484e-01 7.867647058823529216e-01 1.000000000000000000e+00 8.806584362139917577e-01 9.292682926829267664e-01
5.737704918032786594e-01 4.000000000000000083e-02 9.345794392523363789e-03 1.515151515151515020e-02 4.440668365902010195e-01
5.583596214511040712e-01 2.857142857142857054e-02 9.345794392523363789e-03 1.408450704225351971e-02 4.237205162438806849e-01
5.855263157894736725e-01 8.695652173913043237e-02 1.869158878504672758e-02 3.076923076923076400e-02 4.560463020067365703e-01
5.636942675159235527e-01 3.125000000000000000e-02 9.345794392523363789e-03 1.438848920863309254e-02 4.297936701431215312e-01
9.099678456591639986e-01 7.925925925925926263e-01 1.000000000000000000e+00 8.842975206611569661e-01 9.313725490196078649e-01
6.925675675675675436e-01 6.904761904761904656e-01 2.710280373831775447e-01 3.892617449664429463e-01 6.011224843000543272e-01
6.228956228956229468e-01 4.074074074074073848e-01 1.028037383177570069e-01 1.641791044776119424e-01 5.092966060009836982e-01
5.941558441558441039e-01 2.500000000000000000e-01 8.411214953271027583e-02 1.258741258741258584e-01 4.748918956618775056e-01
7.266435986159169858e-01 8.333333333333333703e-01 3.271028037383177378e-01 4.697986577181207379e-01 6.443206326383895677e-01
6.809210526315789824e-01 5.961538461538461453e-01 2.897196261682242757e-01 3.899371069182389626e-01 5.915603206983253148e-01
9.070512820512820484e-01 7.867647058823529216e-01 1.000000000000000000e+00 8.806584362139917577e-01 9.292682926829267664e-01
5.555555555555555802e-01 2.857142857142857054e-02 9.345794392523363789e-03 1.408450704225351971e-02 4.229421279654924093e-01
5.636942675159235527e-01 3.125000000000000000e-02 9.345794392523363789e-03 1.438848920863309254e-02 4.297936701431215312e-01
5.892255892255892080e-01 5.882352941176470507e-02 9.345794392523363789e-03 1.612903225806451221e-02 4.625676340383668705e-01
5.972696245733788434e-01 7.692307692307692735e-02 9.345794392523363789e-03 1.666666666666666644e-02 4.724148326801326236e-01
5.932203389830508211e-01 6.666666666666666574e-02 9.345794392523363789e-03 1.639344262295081706e-02 4.674388546430701119e-01
6.013745704467353681e-01 9.090909090909091161e-02 9.345794392523363789e-03 1.694915254237287783e-02 4.774989841527833567e-01
9.041533546325878357e-01 7.810218978102190235e-01 1.000000000000000000e+00 8.770491803278688270e-01 9.271844660194175081e-01
6.254416961130742081e-01 1.000000000000000000e+00 9.345794392523363789e-03 1.851851851851851749e-02 5.046728971962616273e-01
9.129032258064516681e-01 7.985074626865671377e-01 1.000000000000000000e+00 8.879668049792530660e-01 9.334975369458128336e-01
5.822368421052631637e-01 4.545454545454545581e-02 9.345794392523363789e-03 1.550387596899224611e-02 4.513734048104748320e-01
5.741935483870967971e-01 9.677419354838709409e-02 2.803738317757009310e-02 4.347826086956521618e-02 4.450531743474056556e-01
