5.952380952380952328e-01 7.142857142857142461e-02 9.345794392523363789e-03 1.652892561983470773e-02 4.699135389074915459e-01
5.645161290322581182e-01 3.333333333333333287e-02 9.345794392523363789e-03 1.459854014598539924e-02 4.332443257676902304e-01
6.167247386759582284e-01 2.000000000000000111e-01 9.345794392523363789e-03 1.785714285714285615e-02 4.935617860851505001e-01
9.401993355481728099e-01 8.559999999999999831e-01 1.000000000000000000e+00 9.224137931034482873e-01 9.536082474226803551e-01
9.099678456591639986e-01 7.925925925925926263e-01 1.000000000000000000e+00 8.842975206611569661e-01 9.313725490196078649e-01
7.147651006711409627e-01 7.037037037037037202e-01 3.551401869158878344e-01 4.720496894409937361e-01 6.356852767040173102e-01
8.927444794952681395e-01 7.588652482269503396e-01 1.000000000000000000e+00 8.629032258064516236e-01 9.190476190476191132e-01
6.120401337792642504e-01 3.333333333333333148e-01 8.411214953271027583e-02 1.343283582089551953e-01 4.951810747663551449e-01
5.673076923076922906e-01 3.333333333333333287e-02 9.345794392523363789e-03 1.459854014598539924e-02 4.339411898791884492e-01
9.309210526315789824e-01 8.359375000000000000e-01 1.000000000000000000e+00 9.106382978723404076e-01 9.467005076142132047e-01
5.813953488372093359e-01 4.761904761904761640e-02 9.345794392523363789e-03 1.562499999999999827e-02 4.531265054436843243e-01
9.188311688311687764e-01 8.106060606060605522e-01 1.000000000000000000e+00 8.953974895397489586e-01 9.378109452736318463e-01
5.619047619047619069e-01 3.030303030303030387e-02 9.345794392523363789e-03 1.428571428571428353e-02 4.277498202731846999e-01
6.393442622950820109e-01 4.634146341463414864e-01 1.775700934579439172e-01 2.567567567567567988e-01 5.332294911734163367e-01
9.248366013071895875e-01 8.230769230769230393e-01 1.000000000000000000e+00 9.029535864978902593e-01 9.422110552763819369e-01
5.912162162162162282e-01 6.250000000000000000e-02 9.345794392523363789e-03 1.626016260162601451e-02 4.649903575137219747e-01
8.955696202531645556e-01 7.642857142857142350e-01 1.000000000000000000e+00 8.663967611336031993e-01 9.210526315789473450e-01
9.070512820512820484e-01 7.867647058823529216e-01 1.000000000000000000e+00 8.806584362139917577e-01 9.292682926829267664e-01
5.765472312703583402e-01 4.000000000000000083e-02 9.345794392523363789e-03 1.515151515151515020e-02 4.446728971962616295e-01
5.919732441471572404e-01 5.882352941176470507e-02 9.345794392523363789e-03 1.612903225806451221e-02 4.630062305295949421e-01
5.756578947368421462e-01 4.166666666666666435e-02 9.345794392523363789e-03 1.526717557251908164e-02 4.462972626784951213e-01
9.158576051779935279e-01 8.045112781954887327e-01 1.000000000000000000e+00 8.916666666666667185e-01 9.356435643564355864e-01
5.465838509316770510e-01 0.000000000000000000e+00 0.000000000000000000e+00 0.000000000000000000e+00 4.093023255813953432e-01
5.794701986754966505e-01 4.545454545454545581e-02 9.345794392523363789e-03 1.550387596899224611e-02 4.508267433501078059e-01
6.393442622950820109e-01 4.634146341463414864e-01 1.775700934579439172e-01 2.567567567567567988e-01 5.332294911734163367e-01
9.248366013071895875e-01 8.230769230769230393e-01 1.000000000000000000e+00 9.029535864978902593e-01 9.422110552763819369e-01
8.328075709779180213e-01 7.177419354838709964e-01 8.317757009345794206e-01 7.705627705627705604e-01 8.325545171339563399e-01
6.123778501628664994e-01 3.333333333333333148e-01 1.121495327102803724e-01 1.678321678321678112e-01 4.960747663551401954e-01
5.822368421052631637e-01 4.545454545454545581e-02 9.345794392523363789e-03 1.550387596899224611e-02 4.513734048104748320e-01
5.770491803278688936e-01 7.692307692307692735e-02 1.869158878504672758e-02 3.007518796992481036e-02 4.487397337864627578e-01
5.986842105263158187e-01 2.580645161290322509e-01 7.476635514018691031e-02 1.159420289855072200e-01 4.790075430523269562e-01
9.041533546325878357e-01 7.810218978102190235e-01 1.000000000000000000e+00 8.770491803278688270e-01 9.271844660194175081e-01
5.623003194888178680e-01 3.125000000000000000e-02 9.345794392523363789e-03 1.438848920863309254e-02 4.294301787496597189e-01
8.262295081967213628e-01 7.755102040816326259e-01 7.102803738317756688e-01 7.414634146341462229e-01 7.995846313603323097e-01
9.041533546325878357e-01 7.810218978102190235e-01 1.000000000000000000e+00 8.770491803278688270e-01 9.271844660194175081e-01
8.899371069182390181e-01 7.535211267605633756e-01 1.000000000000000000e+00 8.594377510040159818e-01 9.170616113744075593e-01
8.829431438127089971e-01 8.396226415094339979e-01 8.317757009345794206e-01 8.356807511737088801e-01 8.716170171339563399e-01
