4.722222222222222099e-01 0.000000000000000000e+00 0.000000000000000000e+00 0.000000000000000000e+00 4.103448275862068839e-01
6.945337620578778681e-01 6.250000000000000000e-01 2.803738317757009102e-01 3.870967741935483764e-01 5.960692688290269992e-01
4.537037037037037202e-01 1.333333333333333315e-01 1.869158878504672758e-02 3.278688524590163411e-02 4.497127668695876102e-01
6.029962546816479696e-01 5.238095238095238360e-01 1.028037383177570069e-01 1.718749999999999722e-01 5.201518691588784549e-01
5.596026490066224879e-01 0.000000000000000000e+00 0.000000000000000000e+00 0.000000000000000000e+00 4.333333333333333481e-01
9.278996865203761324e-01 8.230769230769230393e-01 1.000000000000000000e+00 9.029535864978902593e-01 9.457547169811320042e-01
5.378787878787878451e-01 2.727272727272727071e-01 8.411214953271027583e-02 1.285714285714285587e-01 4.656229537472468261e-01
4.680000000000000271e-01 0.000000000000000000e+00 0.000000000000000000e+00 0.000000000000000000e+00 4.090909090909090606e-01
7.317880794701986380e-01 7.166666666666666741e-01 4.018691588785046620e-01 5.149700598802394724e-01 6.573448358495086463e-01
8.794788273615634644e-01 8.240740740740740700e-01 8.317757009345794206e-01 8.279069767441860073e-01 8.683878504672897236e-01
5.739436619718309984e-01 2.666666666666666630e-01 7.476635514018691031e-02 1.167883211678831940e-01 4.752362849147262480e-01
9.417475728155340065e-01 8.559999999999999831e-01 1.000000000000000000e+00 9.224137931034482873e-01 9.554455445544555170e-01
5.818181818181817899e-01 3.461538461538461453e-01 8.411214953271027583e-02 1.353383458646616466e-01 4.914608366711170628e-01
9.395973154362415869e-01 8.677685950413223104e-01 9.813084112149532690e-01 9.210526315789473450e-01 9.487693888535498887e-01
9.308176100628930971e-01 8.294573643410853014e-01 1.000000000000000000e+00 9.067796610169490679e-01 9.478672985781990690e-01
4.198113207547169989e-01 0.000000000000000000e+00 0.000000000000000000e+00 0.000000000000000000e+00 4.238095238095238027e-01
5.857142857142857428e-01 0.000000000000000000e+00 0.000000000000000000e+00 0.000000000000000000e+00 4.739884393063583667e-01
5.543478260869565410e-01 0.000000000000000000e+00 0.000000000000000000e+00 0.000000000000000000e+00 4.526627218934911046e-01
5.675675675675675436e-01 0.000000000000000000e+00 0.000000000000000000e+00 0.000000000000000000e+00 4.444444444444444198e-01
7.434210526315789824e-01 7.164179104477611526e-01 4.485981308411214896e-01 5.517241379310344751e-01 6.760757151667536879e-01
9.134615384615384359e-01 8.389830508474576121e-01 9.252336448598130758e-01 8.800000000000000044e-01 9.162753590152723504e-01
9.019607843137255054e-01 8.468468468468468568e-01 8.785046728971962482e-01 8.623853211009173680e-01 8.965387686094020703e-01
4.009433962264151163e-01 0.000000000000000000e+00 0.000000000000000000e+00 0.000000000000000000e+00 4.047619047619047672e-01
9.192546583850931263e-01 8.045112781954887327e-01 1.000000000000000000e+00 8.916666666666667185e-01 9.395348837209303028e-01
9.395973154362415869e-01 8.677685950413223104e-01 9.813084112149532690e-01 9.210526315789473450e-01 9.487693888535498887e-01
9.308176100628930971e-01 8.294573643410853014e-01 1.000000000000000000e+00 9.067796610169490679e-01 9.478672985781990690e-01
5.582329317269075775e-01 4.285714285714285476e-01 8.411214953271027583e-02 1.406250000000000000e-01 4.998025536395945267e-01
4.824902723735408627e-01 0.000000000000000000e+00 0.000000000000000000e+00 0.000000000000000000e+00 4.133333333333333304e-01
5.365853658536585691e-01 0.000000000000000000e+00 0.000000000000000000e+00 0.000000000000000000e+00 4.277777777777778123e-01
4.666666666666666741e-01 0.000000000000000000e+00 0.000000000000000000e+00 0.000000000000000000e+00 4.210526315789473450e-01
5.111940298507462455e-01 0.000000000000000000e+00 0.000000000000000000e+00 0.000000000000000000e+00 4.254658385093167405e-01
4.644351464435146348e-01 0.000000000000000000e+00 0.000000000000000000e+00 0.000000000000000000e+00 4.204545454545454697e-01
9.221183800623052873e-01 8.106060606060605522e-01 1.000000000000000000e+00 8.953974895397489586e-01 9.415887850467290487e-01
8.429487179487179516e-01 7.900000000000000355e-01 7.383177570093457653e-01 7.632850241545893200e-01 8.179393663095508860e-01
5.230769230769231060e-01 0.000000000000000000e+00 0.000000000000000000e+00 0.000000000000000000e+00 4.444444444444444198e-01
4.388185654008439074e-01 0.000000000000000000e+00 0.000000000000000000e+00 0.000000000000000000e+00 4.000000000000000222e-01
5.485074626865671377e-01 0.000000000000000000e+00 0.000000000000000000e+00 0.000000000000000000e+00 4.565217391304348116e-01
