5.777777777777777235e-01 0.000000000000000000e+00 0.000000000000000000e+00 0.000000000000000000e+00 4.785276073619632031e-01
5.620689655172413923e-01 0.000000000000000000e+00 0.000000000000000000e+00 0.000000000000000000e+00 4.453551912568305959e-01
9.449838187702265246e-01 8.629032258064516236e-01 1.000000000000000000e+00 9.264069264069264564e-01 9.579207920792079944e-01
5.993265993265993741e-01 2.857142857142856984e-01 7.476635514018691031e-02 1.185185185185184953e-01 4.847515986227250440e-01
9.278996865203761324e-01 8.230769230769230393e-01 1.000000000000000000e+00 9.029535864978902593e-01 9.457547169811320042e-01
5.591397849462365066e-01 0.000000000000000000e+00 0.000000000000000000e+00 0.000000000000000000e+00 4.534883720930232842e-01
5.773195876288659267e-01 2.333333333333333370e-01 6.542056074766354479e-02 1.021897810218977964e-01 4.702102803738317793e-01
9.551724137931034697e-01 8.916666666666667185e-01 1.000000000000000000e+00 9.427312775330397576e-01 9.644808743169399623e-01
5.038167938931297218e-01 0.000000000000000000e+00 0.000000000000000000e+00 0.000000000000000000e+00 4.258064516129032029e-01
9.192546583850931263e-01 8.045112781954887327e-01 1.000000000000000000e+00 8.916666666666667185e-01 9.395348837209303028e-01
5.513307984790875027e-01 0.000000000000000000e+00 0.000000000000000000e+00 0.000000000000000000e+00 4.647435897435897578e-01
6.159169550173010377e-01 4.230769230769230727e-01 1.028037383177570069e-01 1.654135338345864847e-01 5.101930779500872815e-01
9.367088607594936667e-01 8.425196850393700254e-01 1.000000000000000000e+00 9.145299145299145005e-01 9.521531100478468623e-01
5.203619909502262830e-01 5.172413793103448620e-01 1.401869158878504551e-01 2.205882352941176405e-01 5.086899491719955035e-01
7.756653992395436958e-01 8.000000000000000444e-01 5.981308411214952825e-01 6.844919786096256287e-01 7.477833692786964859e-01
7.582781456953642252e-01 7.361111111111111605e-01 4.953271028037383172e-01 5.921787709497207119e-01 6.989456026839203640e-01
5.676567656765676428e-01 7.142857142857142461e-02 1.869158878504672758e-02 2.962962962962962382e-02 4.430192637802784494e-01
9.444444444444444198e-01 8.629032258064516236e-01 1.000000000000000000e+00 9.264069264069264564e-01 9.572864321608040017e-01
5.607142857142857206e-01 0.000000000000000000e+00 0.000000000000000000e+00 0.000000000000000000e+00 4.537572254335260347e-01
4.336283185840708043e-01 0.000000000000000000e+00 0.000000000000000000e+00 0.000000000000000000e+00 4.117647058823529216e-01
5.830508474576271416e-01 2.500000000000000000e-01 7.476635514018691031e-02 1.151079136690647403e-01 4.735533903360509278e-01
9.299363057324840920e-01 8.294573643410853014e-01 1.000000000000000000e+00 9.067796610169490679e-01 9.468599033816424981e-01
7.133550488599348371e-01 6.610169491525423879e-01 3.644859813084111999e-01 4.698795180722891707e-01 6.322429906542056388e-01
6.567656765676567199e-01 5.319148936170212671e-01 2.336448598130841103e-01 3.246753246753246724e-01 5.606999809269501700e-01
5.203619909502262830e-01 5.172413793103448620e-01 1.401869158878504551e-01 2.205882352941176405e-01 5.086899491719955035e-01
7.756653992395436958e-01 8.000000000000000444e-01 5.981308411214952825e-01 6.844919786096256287e-01 7.477833692786964859e-01
8.093645484949832936e-01 8.048780487804878536e-01 6.168224299065420135e-01 6.984126984126983739e-01 7.667445482866042106e-01
9.221183800623052873e-01 8.106060606060605522e-01 1.000000000000000000e+00 8.953974895397489586e-01 9.415887850467290487e-01
5.521885521885522286e-01 0.000000000000000000e+00 0.000000000000000000e+00 0.000000000000000000e+00 4.315789473684210620e-01
5.523465703971118801e-01 0.000000000000000000e+00 0.000000000000000000e+00 0.000000000000000000e+00 4.500000000000000111e-01
6.195652173913043237e-01 5.416666666666666297e-01 1.214953271028037379e-01 1.984732824427480891e-01 5.282032848531770242e-01
5.856164383561643927e-01 0.000000000000000000e+00 0.000000000000000000e+00 0.000000000000000000e+00 4.621621621621621601e-01
7.074829931972789199e-01 6.981132075471697673e-01 3.457943925233644689e-01 4.624999999999999667e-01 6.301164475985805424e-01
9.362416107382550701e-01 8.492063492063491870e-01 1.000000000000000000e+00 9.184549356223175032e-01 9.502617801047120727e-01
9.192546583850931263e-01 8.045112781954887327e-01 1.000000000000000000e+00 8.916666666666667185e-01 9.395348837209303028e-01
9.192546583850931263e-01 8.045112781954887327e-01 1.000000000000000000e+00 8.916666666666667185e-01 9.395348837209303028e-01
9.221183800623052873e-01 8.106060606060605522e-01 1.000000000000000000e+00 8.953974895397489586e-01 9.415887850467290487e-01
