9.192546583850931263e-01 8.045112781954887327e-01 1.000000000000000000e+00 8.916666666666667185e-01 9.395348837209303028e-01
9.308176100628930971e-01 8.294573643410853014e-01 1.000000000000000000e+00 9.067796610169490679e-01 9.478672985781990690e-01
9.221183800623052873e-01 8.106060606060605522e-01 1.000000000000000000e+00 8.953974895397489586e-01 9.415887850467290487e-01
9.192546583850931263e-01 8.045112781954887327e-01 1.000000000000000000e+00 8.916666666666667185e-01 9.395348837209303028e-01
9.192546583850931263e-01 8.045112781954887327e-01 1.000000000000000000e+00 8.916666666666667185e-01 9.395348837209303028e-01
9.192546583850931263e-01 8.045112781954887327e-01 1.000000000000000000e+00 8.916666666666667185e-01 9.395348837209303028e-01
5.878136200716845838e-01 3.333333333333333148e-01 7.476635514018691031e-02 1.221374045801526531e-01 4.908715496631167463e-01
9.250000000000000444e-01 8.167938931297710203e-01 1.000000000000000000e+00 8.991596638655461327e-01 9.436619718309859906e-01
5.636363636363636020e-01 3.142857142857142794e-01 1.028037383177570069e-01 1.549295774647887203e-01 4.799732977303070580e-01
9.192546583850931263e-01 8.045112781954887327e-01 1.000000000000000000e+00 8.916666666666667185e-01 9.395348837209303028e-01
9.278996865203761324e-01 8.230769230769230393e-01 1.000000000000000000e+00 9.029535864978902593e-01 9.457547169811320042e-01
9.192546583850931263e-01 8.045112781954887327e-01 1.000000000000000000e+00 8.916666666666667185e-01 9.395348837209303028e-01
9.358974358974359031e-01 8.425196850393700254e-01 1.000000000000000000e+00 9.145299145299145005e-01 9.512195121951220189e-01
6.013289036544851029e-01 3.142857142857142794e-01 1.028037383177570069e-01 1.549295774647887203e-01 4.895461990557856691e-01
9.320388349514563409e-01 8.359375000000000000e-01 1.000000000000000000e+00 9.106382978723404076e-01 9.480198019801980847e-01
9.356913183279742530e-01 8.425196850393700254e-01 1.000000000000000000e+00 9.145299145299145005e-01 9.509803921568628082e-01
5.755395683453237154e-01 3.103448275862069061e-01 8.411214953271027583e-02 1.323529411764705899e-01 4.835765426026124025e-01
9.367088607594936667e-01 8.425196850393700254e-01 1.000000000000000000e+00 9.145299145299145005e-01 9.521531100478468623e-01
9.033333333333333215e-01 8.679245283018868218e-01 8.598130841121495171e-01 8.638497652582159958e-01 8.936371120042612137e-01
6.414473684210526550e-01 4.666666666666666741e-01 1.308411214953270896e-01 2.043795620437955929e-01 5.248114236918259845e-01
9.192546583850931263e-01 8.045112781954887327e-01 1.000000000000000000e+00 8.916666666666667185e-01 9.395348837209303028e-01
9.365079365079365115e-01 8.425196850393700254e-01 1.000000000000000000e+00 9.145299145299145005e-01 9.519230769230769829e-01
9.166666666666666297e-01 8.534482758620689502e-01 9.252336448598130758e-01 8.878923766816143592e-01 9.185753716527044199e-01
9.192546583850931263e-01 8.045112781954887327e-01 1.000000000000000000e+00 8.916666666666667185e-01 9.395348837209303028e-01
6.013289036544851029e-01 3.142857142857142794e-01 1.028037383177570069e-01 1.549295774647887203e-01 4.895461990557856691e-01
9.320388349514563409e-01 8.359375000000000000e-01 1.000000000000000000e+00 9.106382978723404076e-01 9.480198019801980847e-01
9.356913183279742530e-01 8.425196850393700254e-01 1.000000000000000000e+00 9.145299145299145005e-01 9.509803921568628082e-01
9.192546583850931263e-01 8.045112781954887327e-01 1.000000000000000000e+00 8.916666666666667185e-01 9.395348837209303028e-01
9.192546583850931263e-01 8.045112781954887327e-01 1.000000000000000000e+00 8.916666666666667185e-01 9.395348837209303028e-01
9.192546583850931263e-01 8.045112781954887327e-01 1.000000000000000000e+00 8.916666666666667185e-01 9.395348837209303028e-01
9.221183800623052873e-01 8.106060606060605522e-01 1.000000000000000000e+00 8.953974895397489586e-01 9.415887850467290487e-01
9.192546583850931263e-01 8.045112781954887327e-01 1.000000000000000000e+00 8.916666666666667185e-01 9.395348837209303028e-01
7.432432432432432012e-01 7.123287671232876317e-01 4.859813084112149517e-01 5.777777777777777235e-01 6.874350986500519234e-01
9.278996865203761324e-01 8.230769230769230393e-01 1.000000000000000000e+00 9.029535864978902593e-01 9.457547169811320042e-01
9.192546583850931263e-01 8.045112781954887327e-01 1.000000000000000000e+00 8.916666666666667185e-01 9.395348837209303028e-01
9.250000000000000444e-01 8.167938931297710203e-01 1.000000000000000000e+00 8.991596638655461327e-01 9.436619718309859906e-01
5.644599303135888757e-01 1.250000000000000000e-01 2.803738317757009310e-02 4.580152671755725186e-02 4.556853582554516446e-01
