5.403726708074534368e-01 0.000000000000000000e+00 0.000000000000000000e+00 0.000000000000000000e+00 4.046511627906976827e-01
5.403726708074534368e-01 0.000000000000000000e+00 0.000000000000000000e+00 0.000000000000000000e+00 4.046511627906976827e-01
5.403726708074534368e-01 0.000000000000000000e+00 0.000000000000000000e+00 0.000000000000000000e+00 4.046511627906976827e-01
9.064516129032258451e-01 7.867647058823529216e-01 1.000000000000000000e+00 8.806584362139917577e-01 9.285714285714286031e-01
8.571428571428570953e-01 7.692307692307692735e-01 8.411214953271027861e-01 8.035714285714286031e-01 8.533965685590738648e-01
8.892405063291138889e-01 7.535211267605633756e-01 1.000000000000000000e+00 8.594377510040159818e-01 9.162679425837321201e-01
9.335548172757475172e-01 8.425196850393700254e-01 1.000000000000000000e+00 9.145299145299145005e-01 9.484536082474227525e-01
8.949044585987261380e-01 7.642857142857142350e-01 1.000000000000000000e+00 8.663967611336031993e-01 9.202898550724637472e-01
5.403726708074534368e-01 0.000000000000000000e+00 0.000000000000000000e+00 0.000000000000000000e+00 4.046511627906976827e-01
7.555555555555555358e-01 6.530612244897958663e-01 5.981308411214952825e-01 6.243902439024390238e-01 7.173346513299784233e-01
5.403726708074534368e-01 0.000000000000000000e+00 0.000000000000000000e+00 0.000000000000000000e+00 4.046511627906976827e-01
9.335548172757475172e-01 8.425196850393700254e-01 1.000000000000000000e+00 9.145299145299145005e-01 9.484536082474227525e-01
5.403726708074534368e-01 0.000000000000000000e+00 0.000000000000000000e+00 0.000000000000000000e+00 4.046511627906976827e-01
5.403726708074534368e-01 0.000000000000000000e+00 0.000000000000000000e+00 0.000000000000000000e+00 4.046511627906976827e-01
8.920634920634921139e-01 7.588652482269503396e-01 1.000000000000000000e+00 8.629032258064516236e-01 9.182692307692308376e-01
5.403726708074534368e-01 0.000000000000000000e+00 0.000000000000000000e+00 0.000000000000000000e+00 4.046511627906976827e-01
8.753894080996884597e-01 7.278911564625850650e-01 1.000000000000000000e+00 8.425196850393700254e-01 9.065420560747663448e-01
8.977635782747603876e-01 7.697841726618704916e-01 1.000000000000000000e+00 8.699186991869918284e-01 9.223300970873786753e-01
5.403726708074534368e-01 0.000000000000000000e+00 0.000000000000000000e+00 0.000000000000000000e+00 4.046511627906976827e-01
5.403726708074534368e-01 0.000000000000000000e+00 0.000000000000000000e+00 0.000000000000000000e+00 4.046511627906976827e-01
9.035369774919613794e-01 7.810218978102190235e-01 1.000000000000000000e+00 8.770491803278688270e-01 9.264705882352940458e-01
8.920634920634921139e-01 7.588652482269503396e-01 1.000000000000000000e+00 8.629032258064516236e-01 9.182692307692308376e-01
5.403726708074534368e-01 0.000000000000000000e+00 0.000000000000000000e+00 0.000000000000000000e+00 4.046511627906976827e-01
5.403726708074534368e-01 0.000000000000000000e+00 0.000000000000000000e+00 0.000000000000000000e+00 4.046511627906976827e-01
5.403726708074534368e-01 0.000000000000000000e+00 0.000000000000000000e+00 0.000000000000000000e+00 4.046511627906976827e-01
8.920634920634921139e-01 7.588652482269503396e-01 1.000000000000000000e+00 8.629032258064516236e-01 9.182692307692308376e-01
8.920634920634921139e-01 7.588652482269503396e-01 1.000000000000000000e+00 8.629032258064516236e-01 9.182692307692308376e-01
5.403726708074534368e-01 0.000000000000000000e+00 0.000000000000000000e+00 0.000000000000000000e+00 4.046511627906976827e-01
5.403726708074534368e-01 0.000000000000000000e+00 0.000000000000000000e+00 0.000000000000000000e+00 4.046511627906976827e-01
8.108974358974359031e-01 7.181818181818181435e-01 7.383177570093457653e-01 7.281105990783409698e-01 7.935491224071118399e-01
5.403726708074534368e-01 0.000000000000000000e+00 0.000000000000000000e+00 0.000000000000000000e+00 4.046511627906976827e-01
9.123376623376623362e-01 7.985074626865671377e-01 1.000000000000000000e+00 8.879668049792530660e-01 9.328358208955224162e-01
5.403726708074534368e-01 0.000000000000000000e+00 0.000000000000000000e+00 0.000000000000000000e+00 4.046511627906976827e-01
6.895424836601307117e-01 5.967741935483871218e-01 3.457943925233644689e-01 4.378698224852070608e-01 6.100831259099234183e-01
8.836477987421383906e-01 7.430555555555555802e-01 1.000000000000000000e+00 8.525896414342629681e-01 9.123222748815165151e-01
8.836477987421383906e-01 7.430555555555555802e-01 1.000000000000000000e+00 8.525896414342629681e-01 9.123222748815165151e-01
9.093851132686083805e-01 7.925925925925926263e-01 1.000000000000000000e+00 8.842975206611569661e-01 9.306930693069306315e-01
