5.537974683544303334e-01 2.777777777777777624e-02 9.345794392523363789e-03 1.398601398601398600e-02 4.209408397799936918e-01
8.753894080996884597e-01 7.278911564625850650e-01 1.000000000000000000e+00 8.425196850393700254e-01 9.065420560747663448e-01
5.403726708074534368e-01 0.000000000000000000e+00 0.000000000000000000e+00 0.000000000000000000e+00 4.046511627906976827e-01
5.573248407643311975e-01 2.941176470588235253e-02 9.345794392523363789e-03 1.418439716312056530e-02 4.249627522687254300e-01
5.403726708074534368e-01 0.000000000000000000e+00 0.000000000000000000e+00 0.000000000000000000e+00 4.046511627906976827e-01
5.403726708074534368e-01 0.000000000000000000e+00 0.000000000000000000e+00 0.000000000000000000e+00 4.046511627906976827e-01
5.403726708074534368e-01 0.000000000000000000e+00 0.000000000000000000e+00 0.000000000000000000e+00 4.046511627906976827e-01
5.403726708074534368e-01 0.000000000000000000e+00 0.000000000000000000e+00 0.000000000000000000e+00 4.046511627906976827e-01
9.123376623376623362e-01 7.985074626865671377e-01 1.000000000000000000e+00 8.879668049792530660e-01 9.328358208955224162e-01
5.681818181818182323e-01 3.571428571428571230e-02 9.345794392523363789e-03 1.481481481481481191e-02 4.375087180917840435e-01
8.977635782747603876e-01 7.697841726618704916e-01 1.000000000000000000e+00 8.699186991869918284e-01 9.223300970873786753e-01
5.794701986754966505e-01 4.545454545454545581e-02 9.345794392523363789e-03 1.550387596899224611e-02 4.508267433501078059e-01
8.038585209003215049e-01 7.169811320754716499e-01 7.102803738317756688e-01 7.136150234741782672e-01 7.816107751511820467e-01
5.403726708074534368e-01 0.000000000000000000e+00 0.000000000000000000e+00 0.000000000000000000e+00 4.046511627906976827e-01
9.093851132686083805e-01 7.925925925925926263e-01 1.000000000000000000e+00 8.842975206611569661e-01 9.306930693069306315e-01
5.537974683544303334e-01 2.777777777777777624e-02 9.345794392523363789e-03 1.398601398601398600e-02 4.209408397799936918e-01
5.403726708074534368e-01 0.000000000000000000e+00 0.000000000000000000e+00 0.000000000000000000e+00 4.046511627906976827e-01
5.403726708074534368e-01 0.000000000000000000e+00 0.000000000000000000e+00 0.000000000000000000e+00 4.046511627906976827e-01
5.941558441558441039e-01 2.500000000000000000e-01 8.411214953271027583e-02 1.258741258741258584e-01 4.748918956618775056e-01
9.335548172757475172e-01 8.425196850393700254e-01 1.000000000000000000e+00 9.145299145299145005e-01 9.484536082474227525e-01
8.920634920634921139e-01 7.588652482269503396e-01 1.000000000000000000e+00 8.629032258064516236e-01 9.182692307692308376e-01
5.403726708074534368e-01 0.000000000000000000e+00 0.000000000000000000e+00 0.000000000000000000e+00 4.046511627906976827e-01
5.999999999999999778e-01 3.061224489795918435e-01 1.401869158878504551e-01 1.923076923076922629e-01 4.883626887131559680e-01
9.093851132686083805e-01 7.925925925925926263e-01 1.000000000000000000e+00 8.842975206611569661e-01 9.306930693069306315e-01
5.403726708074534368e-01 0.000000000000000000e+00 0.000000000000000000e+00 0.000000000000000000e+00 4.046511627906976827e-01
9.093851132686083805e-01 7.925925925925926263e-01 1.000000000000000000e+00 8.842975206611569661e-01 9.306930693069306315e-01
5.403726708074534368e-01 0.000000000000000000e+00 0.000000000000000000e+00 0.000000000000000000e+00 4.046511627906976827e-01
5.403726708074534368e-01 0.000000000000000000e+00 0.000000000000000000e+00 0.000000000000000000e+00 4.046511627906976827e-01
5.403726708074534368e-01 0.000000000000000000e+00 0.000000000000000000e+00 0.000000000000000000e+00 4.046511627906976827e-01
5.403726708074534368e-01 0.000000000000000000e+00 0.000000000000000000e+00 0.000000000000000000e+00 4.046511627906976827e-01
5.403726708074534368e-01 0.000000000000000000e+00 0.000000000000000000e+00 0.000000000000000000e+00 4.046511627906976827e-01
5.403726708074534368e-01 0.000000000000000000e+00 0.000000000000000000e+00 0.000000000000000000e+00 4.046511627906976827e-01
8.920634920634921139e-01 7.588652482269503396e-01 1.000000000000000000e+00 8.629032258064516236e-01 9.182692307692308376e-01
5.403726708074534368e-01 0.000000000000000000e+00 0.000000000000000000e+00 0.000000000000000000e+00 4.046511627906976827e-01
8.892405063291138889e-01 7.535211267605633756e-01 1.000000000000000000e+00 8.594377510040159818e-01 9.162679425837321201e-01
5.403726708074534368e-01 0.000000000000000000e+00 0.000000000000000000e+00 0.000000000000000000e+00 4.046511627906976827e-01
9.006410256410256610e-01 7.753623188405797118e-01 1.000000000000000000e+00 8.734693877551020780e-01 9.243902439024389572e-01
