9.335548172757475172e-01 8.425196850393700254e-01 1.000000000000000000e+00 9.145299145299145005e-01 9.484536082474227525e-01
6.852459016393442903e-01 5.932203389830508211e-01 3.271028037383177378e-01 4.216867469879518326e-01 6.029453412630982889e-01
9.093851132686083805e-01 7.925925925925926263e-01 1.000000000000000000e+00 8.842975206611569661e-01 9.306930693069306315e-01
8.892405063291138889e-01 7.535211267605633756e-01 1.000000000000000000e+00 8.594377510040159818e-01 9.162679425837321201e-01
9.006410256410256610e-01 7.753623188405797118e-01 1.000000000000000000e+00 8.734693877551020780e-01 9.243902439024389572e-01
9.123376623376623362e-01 7.985074626865671377e-01 1.000000000000000000e+00 8.879668049792530660e-01 9.328358208955224162e-01
5.608974358974359031e-01 3.125000000000000000e-02 9.345794392523363789e-03 1.438848920863309254e-02 4.290631410987006400e-01
5.403726708074534368e-01 0.000000000000000000e+00 0.000000000000000000e+00 0.000000000000000000e+00 4.046511627906976827e-01
8.161290322580645462e-01 7.314814814814815103e-01 7.383177570093457653e-01 7.348837209302325757e-01 7.977303070761014858e-01
9.273927392739274023e-01 8.294573643410853014e-01 1.000000000000000000e+00 9.067796610169490679e-01 9.438775510204081565e-01
5.403726708074534368e-01 0.000000000000000000e+00 0.000000000000000000e+00 0.000000000000000000e+00 4.046511627906976827e-01
8.949044585987261380e-01 7.642857142857142350e-01 1.000000000000000000e+00 8.663967611336031993e-01 9.202898550724637472e-01
9.123376623376623362e-01 7.985074626865671377e-01 1.000000000000000000e+00 8.879668049792530660e-01 9.328358208955224162e-01
5.909090909090909394e-01 2.285714285714285643e-01 7.476635514018691031e-02 1.126760563380281577e-01 4.702189984656158783e-01
7.051282051282051766e-01 5.974025974025973795e-01 4.299065420560747586e-01 5.000000000000000000e-01 6.393435149304763643e-01
9.123376623376623362e-01 7.985074626865671377e-01 1.000000000000000000e+00 8.879668049792530660e-01 9.328358208955224162e-01
8.849840255591053806e-01 7.629629629629629539e-01 9.626168224299065379e-01 8.512396694214875437e-01 9.036385083023319442e-01
5.608974358974359031e-01 3.125000000000000000e-02 9.345794392523363789e-03 1.438848920863309254e-02 4.290631410987006400e-01
9.064516129032258451e-01 7.867647058823529216e-01 1.000000000000000000e+00 8.806584362139917577e-01 9.285714285714286031e-01
5.403726708074534368e-01 0.000000000000000000e+00 0.000000000000000000e+00 0.000000000000000000e+00 4.046511627906976827e-01
9.006410256410256610e-01 7.753623188405797118e-01 1.000000000000000000e+00 8.734693877551020780e-01 9.243902439024389572e-01
8.920634920634921139e-01 7.588652482269503396e-01 1.000000000000000000e+00 8.629032258064516236e-01 9.182692307692308376e-01
5.403726708074534368e-01 0.000000000000000000e+00 0.000000000000000000e+00 0.000000000000000000e+00 4.046511627906976827e-01
8.836477987421383906e-01 7.430555555555555802e-01 1.000000000000000000e+00 8.525896414342629681e-01 9.123222748815165151e-01
5.909090909090909394e-01 2.285714285714285643e-01 7.476635514018691031e-02 1.126760563380281577e-01 4.702189984656158783e-01
7.051282051282051766e-01 5.974025974025973795e-01 4.299065420560747586e-01 5.000000000000000000e-01 6.393435149304763643e-01
5.559006211180124168e-01 1.086956521739130405e-01 4.672897196261682068e-02 6.535947712418301025e-02 4.280156487720060965e-01
5.403726708074534368e-01 0.000000000000000000e+00 0.000000000000000000e+00 0.000000000000000000e+00 4.046511627906976827e-01
9.006410256410256610e-01 7.753623188405797118e-01 1.000000000000000000e+00 8.734693877551020780e-01 9.243902439024389572e-01
5.636942675159235527e-01 8.333333333333332871e-02 2.803738317757009310e-02 4.195804195804195280e-02 4.343085466612487400e-01
5.403726708074534368e-01 0.000000000000000000e+00 0.000000000000000000e+00 0.000000000000000000e+00 4.046511627906976827e-01
5.403726708074534368e-01 0.000000000000000000e+00 0.000000000000000000e+00 0.000000000000000000e+00 4.046511627906976827e-01
6.472491909385112985e-01 4.814814814814814548e-01 2.429906542056074759e-01 3.229813664596273282e-01 5.521883964097344943e-01
6.237942122186495020e-01 4.000000000000000222e-01 1.869158878504672827e-01 2.547770700636942109e-01 5.199285321605278121e-01
5.403726708074534368e-01 0.000000000000000000e+00 0.000000000000000000e+00 0.000000000000000000e+00 4.046511627906976827e-01
8.920634920634921139e-01 7.588652482269503396e-01 1.000000000000000000e+00 8.629032258064516236e-01 9.182692307692308376e-01
9.006410256410256610e-01 7.753623188405797118e-01 1.000000000000000000e+00 8.734693877551020780e-01 9.243902439024389572e-01
