5.191082802547770658e-01 0.000000000000000000e+00 0.000000000000000000e+00 0.000000000000000000e+00 3.937198067632849963e-01
5.191082802547770658e-01 0.000000000000000000e+00 0.000000000000000000e+00 0.000000000000000000e+00 3.937198067632849963e-01
5.448504983388704481e-01 3.125000000000000000e-02 9.345794392523363789e-03 1.438848920863309254e-02 4.247759899797667882e-01
8.328075709779180213e-01 6.824324324324324564e-01 9.439252336448598069e-01 7.921568627450981115e-01 8.600578549176679521e-01
8.823529411764705621e-01 7.482517482517482277e-01 1.000000000000000000e+00 8.559999999999999831e-01 9.095477386934673891e-01
8.709677419354838745e-01 7.278911564625850650e-01 1.000000000000000000e+00 8.425196850393700254e-01 9.014778325123152802e-01
8.794788273615634644e-01 7.430555555555555802e-01 1.000000000000000000e+00 8.525896414342629681e-01 9.074999999999999734e-01
8.517350157728706961e-01 6.948051948051947591e-01 1.000000000000000000e+00 8.199233716475095024e-01 8.880952380952381597e-01
5.191082802547770658e-01 0.000000000000000000e+00 0.000000000000000000e+00 0.000000000000000000e+00 3.937198067632849963e-01
6.769759450171821680e-01 6.181818181818181657e-01 3.177570093457943723e-01 4.197530864197530631e-01 6.018132872815928902e-01
5.191082802547770658e-01 0.000000000000000000e+00 0.000000000000000000e+00 0.000000000000000000e+00 3.937198067632849963e-01
8.823529411764705621e-01 7.482517482517482277e-01 1.000000000000000000e+00 8.559999999999999831e-01 9.095477386934673891e-01
5.191082802547770658e-01 0.000000000000000000e+00 0.000000000000000000e+00 0.000000000000000000e+00 3.937198067632849963e-01
5.191082802547770658e-01 0.000000000000000000e+00 0.000000000000000000e+00 0.000000000000000000e+00 3.937198067632849963e-01
8.653846153846154188e-01 7.181208053691274795e-01 1.000000000000000000e+00 8.359375000000000000e-01 8.975609756097561176e-01
5.466666666666666341e-01 3.225806451612903136e-02 9.345794392523363789e-03 1.449275362318840250e-02 4.269526899423756183e-01
8.653846153846154188e-01 7.181208053691274795e-01 1.000000000000000000e+00 8.359375000000000000e-01 8.975609756097561176e-01
8.681672025723472519e-01 7.229729729729730270e-01 1.000000000000000000e+00 8.392156862745098200e-01 8.995098039215686514e-01
5.484949832775919409e-01 3.333333333333333287e-02 9.345794392523363789e-03 1.459854014598539924e-02 4.291520638629283124e-01
5.430463576158940375e-01 3.030303030303030387e-02 9.345794392523363789e-03 1.428571428571428353e-02 4.226216151449795899e-01
8.436482084690554162e-01 7.218045112781954487e-01 8.971962616822429792e-01 7.999999999999999334e-01 8.560981308411215185e-01
8.517350157728706961e-01 6.948051948051947591e-01 1.000000000000000000e+00 8.199233716475095024e-01 8.880952380952381597e-01
5.191082802547770658e-01 0.000000000000000000e+00 0.000000000000000000e+00 0.000000000000000000e+00 3.937198067632849963e-01
5.290322580645161477e-01 2.439024390243902524e-02 9.345794392523363789e-03 1.351351351351351079e-02 4.061507297085769075e-01
5.191082802547770658e-01 0.000000000000000000e+00 0.000000000000000000e+00 0.000000000000000000e+00 3.937198067632849963e-01
8.653846153846154188e-01 7.181208053691274795e-01 1.000000000000000000e+00 8.359375000000000000e-01 8.975609756097561176e-01
8.463949843260187844e-01 6.858974358974359031e-01 1.000000000000000000e+00 8.136882129277566156e-01 8.844339622641509413e-01
5.273311897106108814e-01 2.380952380952380820e-02 9.345794392523363789e-03 1.342281879194630670e-02 4.041827011178302786e-01
5.191082802547770658e-01 0.000000000000000000e+00 0.000000000000000000e+00 0.000000000000000000e+00 3.937198067632849963e-01
5.765472312703583402e-01 2.745098039215686514e-01 1.308411214953270896e-01 1.772151898734177222e-01 4.729205607476635320e-01
5.430463576158940375e-01 3.030303030303030387e-02 9.345794392523363789e-03 1.428571428571428353e-02 4.226216151449795899e-01
8.823529411764705621e-01 7.482517482517482277e-01 1.000000000000000000e+00 8.559999999999999831e-01 9.095477386934673891e-01
5.647840531561462152e-01 1.842105263157894635e-01 6.542056074766354479e-02 9.655172413793101927e-02 4.528133731573369403e-01
5.592105263157894912e-01 1.707317073170731836e-01 6.542056074766354479e-02 9.459459459459459985e-02 4.464158641301769204e-01
8.463949843260187844e-01 6.858974358974359031e-01 1.000000000000000000e+00 8.136882129277566156e-01 8.844339622641509413e-01
8.437500000000000000e-01 6.815286624203821253e-01 1.000000000000000000e+00 8.106060606060605522e-01 8.826291079812206286e-01
9.149659863945578397e-01 8.153846153846153744e-01 9.906542056074766345e-01 8.945147679324892964e-01 9.311559798090858209e-01
