8.794788273615634644e-01 7.430555555555555802e-01 1.000000000000000000e+00 8.525896414342629681e-01 9.074999999999999734e-01
6.301369863013698280e-01 4.883720930232557933e-01 1.962616822429906482e-01 2.799999999999999711e-01 5.386713816620357642e-01
8.517350157728706961e-01 6.948051948051947591e-01 1.000000000000000000e+00 8.199233716475095024e-01 8.880952380952381597e-01
8.411214953271027861e-01 6.772151898734176667e-01 1.000000000000000000e+00 8.075471698113206864e-01 8.808411214953271173e-01
8.544303797468354444e-01 6.993464052287581278e-01 1.000000000000000000e+00 8.230769230769230393e-01 8.899521531100478278e-01
8.852459016393442459e-01 7.535211267605633756e-01 1.000000000000000000e+00 8.594377510040159818e-01 9.116161616161615466e-01
5.585284280936454460e-01 1.212121212121212155e-01 3.738317757009345516e-02 5.714285714285713413e-02 4.431707554517134162e-01
5.466666666666666341e-01 3.225806451612903136e-02 9.345794392523363789e-03 1.449275362318840250e-02 4.269526899423756183e-01
7.905405405405405705e-01 7.319587628865978912e-01 6.635514018691588412e-01 6.960784313725488781e-01 7.629926321515106968e-01
8.910891089108911034e-01 7.642857142857142350e-01 1.000000000000000000e+00 8.663967611336031993e-01 9.158163265306121792e-01
5.191082802547770658e-01 0.000000000000000000e+00 0.000000000000000000e+00 0.000000000000000000e+00 3.937198067632849963e-01
6.407766990291262621e-01 4.729729729729729715e-01 3.271028037383177378e-01 3.867403314917127188e-01 5.670167484038123318e-01
5.704918032786885362e-01 2.391304347826087029e-01 1.028037383177570069e-01 1.437908496732026031e-01 4.630180307750400570e-01
7.028753993610223905e-01 5.699999999999999512e-01 5.327102803738317238e-01 5.507246376811593125e-01 6.619862081480809568e-01
5.518394648829431093e-01 6.451612903225806273e-02 1.869158878504672758e-02 2.898550724637680501e-02 4.338249610591900507e-01
8.823529411764705621e-01 7.482517482517482277e-01 1.000000000000000000e+00 8.559999999999999831e-01 9.095477386934673891e-01
8.170347003154574406e-01 6.713286713286713558e-01 8.971962616822429792e-01 7.680000000000000160e-01 8.366933689363595938e-01
6.523178807947019875e-01 5.151515151515151381e-01 3.177570093457943723e-01 3.930635838150288719e-01 5.768272226216152321e-01
8.571428571428570953e-01 7.039473684210526550e-01 1.000000000000000000e+00 8.262548262548262690e-01 8.918269230769231282e-01
5.430463576158940375e-01 3.030303030303030387e-02 9.345794392523363789e-03 1.428571428571428353e-02 4.226216151449795899e-01
8.709677419354838745e-01 7.278911564625850650e-01 1.000000000000000000e+00 8.425196850393700254e-01 9.014778325123152802e-01
8.517350157728706961e-01 6.948051948051947591e-01 1.000000000000000000e+00 8.199233716475095024e-01 8.880952380952381597e-01
5.191082802547770658e-01 0.000000000000000000e+00 0.000000000000000000e+00 0.000000000000000000e+00 3.937198067632849963e-01
8.626198083067092570e-01 7.133333333333333748e-01 1.000000000000000000e+00 8.326848249027237747e-01 8.956310679611649839e-01
7.028753993610223905e-01 5.699999999999999512e-01 5.327102803738317238e-01 5.507246376811593125e-01 6.619862081480809568e-01
5.518394648829431093e-01 6.451612903225806273e-02 1.869158878504672758e-02 2.898550724637680501e-02 4.338249610591900507e-01
7.628205128205127750e-01 6.410256410256410797e-01 7.009345794392523032e-01 6.696428571428572063e-01 7.480282653293822692e-01
5.191082802547770658e-01 0.000000000000000000e+00 0.000000000000000000e+00 0.000000000000000000e+00 3.937198067632849963e-01
8.544303797468354444e-01 6.993464052287581278e-01 1.000000000000000000e+00 8.230769230769230393e-01 8.899521531100478278e-01
5.191082802547770658e-01 0.000000000000000000e+00 0.000000000000000000e+00 0.000000000000000000e+00 3.937198067632849963e-01
5.191082802547770658e-01 0.000000000000000000e+00 0.000000000000000000e+00 0.000000000000000000e+00 3.937198067632849963e-01
5.290322580645161477e-01 2.439024390243902524e-02 9.345794392523363789e-03 1.351351351351351079e-02 4.061507297085769075e-01
6.237623762376237613e-01 4.406779661016949068e-01 2.429906542056074759e-01 3.132530120481927804e-01 5.373116536334160420e-01
5.819397993311036243e-01 2.750000000000000222e-01 1.028037383177570069e-01 1.496598639455782309e-01 4.758810358255451400e-01
5.191082802547770658e-01 0.000000000000000000e+00 0.000000000000000000e+00 0.000000000000000000e+00 3.937198067632849963e-01
8.598726114649681840e-01 7.086092715231787631e-01 1.000000000000000000e+00 8.294573643410853014e-01 8.937198067632849963e-01
8.626198083067092570e-01 7.133333333333333748e-01 1.000000000000000000e+00 8.326848249027237747e-01 8.956310679611649839e-01
