7.755775577557755263e-01 6.857142857142857206e-01 6.728971962616822067e-01 6.792452830188679958e-01 7.522649246614533380e-01
8.626198083067092570e-01 7.133333333333333748e-01 1.000000000000000000e+00 8.326848249027237747e-01 8.956310679611649839e-01
5.714285714285713969e-01 5.555555555555555247e-02 9.345794392523363789e-03 1.600000000000000033e-02 4.574506749740394063e-01
5.359477124183006369e-01 2.702702702702702853e-02 9.345794392523363789e-03 1.388888888888888638e-02 4.142206358897289609e-01
5.191082802547770658e-01 0.000000000000000000e+00 0.000000000000000000e+00 0.000000000000000000e+00 3.937198067632849963e-01
5.273311897106108814e-01 2.380952380952380820e-02 9.345794392523363789e-03 1.342281879194630670e-02 4.041827011178302786e-01
5.655172413793103647e-01 4.761904761904761640e-02 9.345794392523363789e-03 1.562499999999999827e-02 4.500280884530922232e-01
5.191082802547770658e-01 0.000000000000000000e+00 0.000000000000000000e+00 0.000000000000000000e+00 3.937198067632849963e-01
8.823529411764705621e-01 7.482517482517482277e-01 1.000000000000000000e+00 8.559999999999999831e-01 9.095477386934673891e-01
5.789473684210526550e-01 2.765957446808510745e-01 1.214953271028037379e-01 1.688311688311688319e-01 4.744532473077470169e-01
8.293515358361774892e-01 7.766990291262135804e-01 7.476635514018691309e-01 7.619047619047618625e-01 8.120038187116872530e-01
5.466666666666666341e-01 3.225806451612903136e-02 9.345794392523363789e-03 1.449275362318840250e-02 4.269526899423756183e-01
8.557692307692307265e-01 7.123287671232876317e-01 9.719626168224299034e-01 8.221343873517786838e-01 8.835422840209711248e-01
5.191082802547770658e-01 0.000000000000000000e+00 0.000000000000000000e+00 0.000000000000000000e+00 3.937198067632849963e-01
8.387096774193548709e-01 7.080291970802919943e-01 9.065420560747663448e-01 7.950819672131147486e-01 8.547488605496984526e-01
5.256410256410256610e-01 2.325581395348837177e-02 9.345794392523363789e-03 1.333333333333333245e-02 4.022338728060177448e-01
5.191082802547770658e-01 0.000000000000000000e+00 0.000000000000000000e+00 0.000000000000000000e+00 3.937198067632849963e-01
5.191082802547770658e-01 0.000000000000000000e+00 0.000000000000000000e+00 0.000000000000000000e+00 3.937198067632849963e-01
7.980769230769231282e-01 6.718750000000000000e-01 8.037383177570093240e-01 7.319148936170213338e-01 7.994301344882608351e-01
8.823529411764705621e-01 7.482517482517482277e-01 1.000000000000000000e+00 8.559999999999999831e-01 9.095477386934673891e-01
8.517350157728706961e-01 6.948051948051947591e-01 1.000000000000000000e+00 8.199233716475095024e-01 8.880952380952381597e-01
5.191082802547770658e-01 0.000000000000000000e+00 0.000000000000000000e+00 0.000000000000000000e+00 3.937198067632849963e-01
8.333333333333333703e-01 6.978417266187050272e-01 9.065420560747663448e-01 7.886178861788618599e-01 8.508320036471392900e-01
8.709677419354838745e-01 7.278911564625850650e-01 1.000000000000000000e+00 8.425196850393700254e-01 9.014778325123152802e-01
5.191082802547770658e-01 0.000000000000000000e+00 0.000000000000000000e+00 0.000000000000000000e+00 3.937198067632849963e-01
8.387096774193548709e-01 7.080291970802919943e-01 9.065420560747663448e-01 7.950819672131147486e-01 8.547488605496984526e-01
5.430463576158940375e-01 3.030303030303030387e-02 9.345794392523363789e-03 1.428571428571428353e-02 4.226216151449795899e-01
5.518394648829431093e-01 6.451612903225806273e-02 1.869158878504672758e-02 2.898550724637680501e-02 4.338249610591900507e-01
5.518394648829431093e-01 6.451612903225806273e-02 1.869158878504672758e-02 2.898550724637680501e-02 4.338249610591900507e-01
5.412541254125412538e-01 2.941176470588235253e-02 9.345794392523363789e-03 1.418439716312056530e-02 4.204892237268738620e-01
5.256410256410256610e-01 2.325581395348837177e-02 9.345794392523363789e-03 1.333333333333333245e-02 4.022338728060177448e-01
5.290322580645161477e-01 2.439024390243902524e-02 9.345794392523363789e-03 1.351351351351351079e-02 4.061507297085769075e-01
8.737864077669902363e-01 7.328767123287671659e-01 1.000000000000000000e+00 8.458498023715415037e-01 9.034653465346534906e-01
5.597269624573378843e-01 4.166666666666666435e-02 9.345794392523363789e-03 1.526717557251908164e-02 4.428449402070143148e-01
8.517350157728706961e-01 6.948051948051947591e-01 1.000000000000000000e+00 8.199233716475095024e-01 8.880952380952381597e-01
5.191082802547770658e-01 0.000000000000000000e+00 0.000000000000000000e+00 0.000000000000000000e+00 3.937198067632849963e-01
5.719063545150501193e-01 2.162162162162162282e-01 7.476635514018691031e-02 1.111111111111110911e-01 4.618623442367601473e-01
