9.223602484472049889e-01 8.106060606060605522e-01 1.000000000000000000e+00 8.953974895397489586e-01 9.418604651162790775e-01
9.310344827586206629e-01 8.294573643410853014e-01 1.000000000000000000e+00 9.067796610169490679e-01 9.481132075471698784e-01
9.252336448598130758e-01 8.167938931297710203e-01 1.000000000000000000e+00 8.991596638655461327e-01 9.439252336448598069e-01
9.223602484472049889e-01 8.106060606060605522e-01 1.000000000000000000e+00 8.953974895397489586e-01 9.418604651162790775e-01
9.223602484472049889e-01 8.106060606060605522e-01 1.000000000000000000e+00 8.953974895397489586e-01 9.418604651162790775e-01
9.223602484472049889e-01 8.106060606060605522e-01 1.000000000000000000e+00 8.953974895397489586e-01 9.418604651162790775e-01
5.762081784386616778e-01 3.703703703703703498e-01 9.345794392523364136e-02 1.492537313432835688e-01 4.942598361601476809e-01
9.223602484472049889e-01 8.106060606060605522e-01 1.000000000000000000e+00 8.953974895397489586e-01 9.418604651162790775e-01
5.979020979020979176e-01 3.666666666666666408e-01 1.028037383177570069e-01 1.605839416058394142e-01 4.983292434605544052e-01
9.223602484472049889e-01 8.106060606060605522e-01 1.000000000000000000e+00 8.953974895397489586e-01 9.418604651162790775e-01
9.415584415584415945e-01 8.559999999999999831e-01 1.000000000000000000e+00 9.224137931034482873e-01 9.552238805970149071e-01
9.223602484472049889e-01 8.106060606060605522e-01 1.000000000000000000e+00 8.953974895397489586e-01 9.418604651162790775e-01
9.308176100628930971e-01 8.294573643410853014e-01 1.000000000000000000e+00 9.067796610169490679e-01 9.478672985781990690e-01
5.671140939597315578e-01 0.000000000000000000e+00 0.000000000000000000e+00 0.000000000000000000e+00 4.424083769633507801e-01
9.348534201954397105e-01 8.595041322314049825e-01 9.719626168224299034e-01 9.122807017543860253e-01 9.434813084112151360e-01
9.358974358974359031e-01 8.425196850393700254e-01 1.000000000000000000e+00 9.145299145299145005e-01 9.512195121951220189e-01
5.945017182130584166e-01 2.608695652173912971e-01 5.607476635514018620e-02 9.230769230769229894e-02 4.818417310036570700e-01
9.398734177215190000e-01 8.492063492063491870e-01 1.000000000000000000e+00 9.184549356223175032e-01 9.545454545454544748e-01
9.394904458598726249e-01 8.492063492063491870e-01 1.000000000000000000e+00 9.184549356223175032e-01 9.541062801932367332e-01
6.271186440677966045e-01 4.285714285714285476e-01 8.411214953271027583e-02 1.406250000000000000e-01 5.101411811493338222e-01
9.223602484472049889e-01 8.106060606060605522e-01 1.000000000000000000e+00 8.953974895397489586e-01 9.418604651162790775e-01
9.398734177215190000e-01 8.492063492063491870e-01 1.000000000000000000e+00 9.184549356223175032e-01 9.545454545454544748e-01
8.774834437086093120e-01 8.240740740740740700e-01 8.317757009345794206e-01 8.279069767441860073e-01 8.671699017493410544e-01
9.223602484472049889e-01 8.106060606060605522e-01 1.000000000000000000e+00 8.953974895397489586e-01 9.418604651162790775e-01
5.671140939597315578e-01 0.000000000000000000e+00 0.000000000000000000e+00 0.000000000000000000e+00 4.424083769633507801e-01
9.348534201954397105e-01 8.595041322314049825e-01 9.719626168224299034e-01 9.122807017543860253e-01 9.434813084112151360e-01
9.542483660130719469e-01 8.842975206611570771e-01 1.000000000000000000e+00 9.385964912280702066e-01 9.648241206030151451e-01
9.223602484472049889e-01 8.106060606060605522e-01 1.000000000000000000e+00 8.953974895397489586e-01 9.418604651162790775e-01
9.223602484472049889e-01 8.106060606060605522e-01 1.000000000000000000e+00 8.953974895397489586e-01 9.418604651162790775e-01
9.223602484472049889e-01 8.106060606060605522e-01 1.000000000000000000e+00 8.953974895397489586e-01 9.418604651162790775e-01
9.281249999999999778e-01 8.230769230769230393e-01 1.000000000000000000e+00 9.029535864978902593e-01 9.460093896713615003e-01
9.223602484472049889e-01 8.106060606060605522e-01 1.000000000000000000e+00 8.953974895397489586e-01 9.418604651162790775e-01
5.474452554744525523e-01 0.000000000000000000e+00 0.000000000000000000e+00 0.000000000000000000e+00 4.491017964071856161e-01
9.252336448598130758e-01 8.167938931297710203e-01 1.000000000000000000e+00 8.991596638655461327e-01 9.439252336448598069e-01
9.223602484472049889e-01 8.106060606060605522e-01 1.000000000000000000e+00 8.953974895397489586e-01 9.418604651162790775e-01
9.337539432176655829e-01 8.359375000000000000e-01 1.000000000000000000e+00 9.106382978723404076e-01 9.500000000000000666e-01
5.294117647058823595e-01 0.000000000000000000e+00 0.000000000000000000e+00 0.000000000000000000e+00 4.363636363636363980e-01
