4.795081967213114527e-01 0.000000000000000000e+00 0.000000000000000000e+00 0.000000000000000000e+00 4.270072992700729708e-01
7.348993288590603967e-01 7.333333333333332815e-01 4.112149532710280275e-01 5.269461077844311836e-01 6.637226598815872958e-01
4.796380090497737725e-01 2.142857142857142738e-01 2.803738317757009310e-02 4.958677685950412667e-02 4.657730775536972900e-01
5.338645418326692926e-01 0.000000000000000000e+00 0.000000000000000000e+00 0.000000000000000000e+00 4.652777777777777901e-01
5.513698630136986134e-01 0.000000000000000000e+00 0.000000000000000000e+00 0.000000000000000000e+00 4.351351351351351315e-01
9.281249999999999778e-01 8.230769230769230393e-01 1.000000000000000000e+00 9.029535864978902593e-01 9.460093896713615003e-01
5.884353741496598511e-01 2.666666666666666630e-01 7.476635514018691031e-02 1.167883211678831940e-01 4.785596481583287432e-01
4.533898305084745894e-01 0.000000000000000000e+00 0.000000000000000000e+00 0.000000000000000000e+00 4.147286821705426507e-01
9.372937293729373120e-01 8.728813559322033955e-01 9.626168224299065379e-01 9.155555555555555669e-01 9.430431050925043301e-01
9.575163398692810857e-01 8.916666666666667185e-01 1.000000000000000000e+00 9.427312775330397576e-01 9.673366834170854522e-01
4.956896551724138122e-01 3.076923076923077094e-01 7.476635514018691031e-02 1.203007518796992414e-01 4.653831775700934537e-01
9.444444444444444198e-01 8.629032258064516236e-01 1.000000000000000000e+00 9.264069264069264564e-01 9.572864321608040017e-01
5.375939849624060685e-01 1.000000000000000056e-01 1.869158878504672758e-02 3.149606299212597688e-02 4.527420208076177177e-01
8.133333333333333526e-01 7.741935483870967527e-01 6.728971962616822067e-01 7.200000000000000844e-01 7.820444530531209804e-01
9.337539432176655829e-01 8.359375000000000000e-01 1.000000000000000000e+00 9.106382978723404076e-01 9.500000000000000666e-01
4.066985645933014482e-01 0.000000000000000000e+00 0.000000000000000000e+00 0.000000000000000000e+00 4.166666666666666852e-01
6.026490066225165254e-01 0.000000000000000000e+00 0.000000000000000000e+00 0.000000000000000000e+00 4.666666666666666741e-01
5.749999999999999556e-01 0.000000000000000000e+00 0.000000000000000000e+00 0.000000000000000000e+00 4.653179190751445260e-01
5.689045936395760172e-01 0.000000000000000000e+00 0.000000000000000000e+00 0.000000000000000000e+00 4.573863636363636465e-01
7.275747508305647759e-01 7.192982456140351033e-01 3.831775700934579310e-01 5.000000000000000000e-01 6.503516716446670065e-01
9.339622641509434109e-01 8.359375000000000000e-01 1.000000000000000000e+00 9.106382978723404076e-01 9.502369668246445356e-01
8.821656050955414274e-01 8.240740740740740700e-01 8.317757009345794206e-01 8.279069767441860073e-01 8.699941306605265545e-01
4.586776859504132497e-01 0.000000000000000000e+00 0.000000000000000000e+00 0.000000000000000000e+00 4.111111111111110938e-01
9.252336448598130758e-01 8.167938931297710203e-01 1.000000000000000000e+00 8.991596638655461327e-01 9.439252336448598069e-01
8.133333333333333526e-01 7.741935483870967527e-01 6.728971962616822067e-01 7.200000000000000844e-01 7.820444530531209804e-01
9.337539432176655829e-01 8.359375000000000000e-01 1.000000000000000000e+00 9.106382978723404076e-01 9.500000000000000666e-01
5.634328358208955390e-01 2.916666666666666852e-01 6.542056074766354479e-02 1.068702290076335715e-01 4.799152493179311141e-01
4.329004329004328966e-01 0.000000000000000000e+00 0.000000000000000000e+00 0.000000000000000000e+00 4.032258064516128782e-01
5.498281786941581206e-01 0.000000000000000000e+00 0.000000000000000000e+00 0.000000000000000000e+00 4.347826086956521618e-01
5.747126436781608838e-01 4.090909090909091161e-01 8.411214953271027583e-02 1.395348837209302306e-01 4.998482825585628953e-01
4.738955823293172775e-01 0.000000000000000000e+00 0.000000000000000000e+00 0.000000000000000000e+00 4.154929577464788748e-01
4.354066985645932975e-01 0.000000000000000000e+00 0.000000000000000000e+00 0.000000000000000000e+00 4.460784313725489891e-01
8.860759493670885556e-01 8.141592920353982743e-01 8.598130841121495171e-01 8.363636363636363091e-01 8.796673076063141750e-01
7.188498402555910660e-01 6.727272727272727293e-01 3.457943925233644689e-01 4.567901234567900426e-01 6.292078758733327115e-01
5.637065637065636903e-01 4.210526315789473450e-01 1.495327102803738206e-01 2.206896551724137900e-01 5.023979340875552868e-01
4.631147540983606703e-01 0.000000000000000000e+00 0.000000000000000000e+00 0.000000000000000000e+00 4.124087591240875872e-01
4.833333333333333370e-01 0.000000000000000000e+00 0.000000000000000000e+00 0.000000000000000000e+00 4.360902255639097502e-01
