5.608856088560885134e-01 2.272727272727272652e-01 4.672897196261682068e-02 7.751937984496125311e-02 4.715352176886254965e-01
5.757575757575758013e-01 0.000000000000000000e+00 0.000000000000000000e+00 0.000000000000000000e+00 4.500000000000000111e-01
9.381107491856677250e-01 8.606557377049179891e-01 9.813084112149532690e-01 9.170305676855895483e-01 9.481542056074766522e-01
5.847750865051902780e-01 2.758620689655172376e-01 7.476635514018691031e-02 1.176470588235293963e-01 4.796908698777857527e-01
9.310344827586206629e-01 8.294573643410853014e-01 1.000000000000000000e+00 9.067796610169490679e-01 9.481132075471698784e-01
5.370370370370370905e-01 0.000000000000000000e+00 0.000000000000000000e+00 0.000000000000000000e+00 4.447852760736196176e-01
6.109324758842443748e-01 2.666666666666666630e-01 7.476635514018691031e-02 1.167883211678831940e-01 4.834616089426424512e-01
9.566666666666666652e-01 8.916666666666667185e-01 1.000000000000000000e+00 9.427312775330397576e-01 9.663212435233160535e-01
4.842519685039369803e-01 0.000000000000000000e+00 0.000000000000000000e+00 0.000000000000000000e+00 4.183673469387755306e-01
9.223602484472049889e-01 8.106060606060605522e-01 1.000000000000000000e+00 8.953974895397489586e-01 9.418604651162790775e-01
5.361216730038023126e-01 0.000000000000000000e+00 0.000000000000000000e+00 0.000000000000000000e+00 4.519230769230769273e-01
5.956678700361011103e-01 3.809523809523809312e-01 7.476635514018691031e-02 1.249999999999999861e-01 4.991478834524464281e-01
9.369085173501576769e-01 8.425196850393700254e-01 1.000000000000000000e+00 9.145299145299145005e-01 9.523809523809523281e-01
5.596707818930041212e-01 5.000000000000000000e-01 1.588785046728971861e-01 2.411347517730496326e-01 5.169392523364485514e-01
7.644927536231883591e-01 7.386363636363636465e-01 6.074766355140186480e-01 6.666666666666667407e-01 7.356909804789028007e-01
7.119741100323624394e-01 6.666666666666666297e-01 3.364485981308411033e-01 4.472049689440993903e-01 6.236698436198759854e-01
5.860927152317880751e-01 0.000000000000000000e+00 0.000000000000000000e+00 0.000000000000000000e+00 4.538461538461538436e-01
9.661016949152542166e-01 9.145299145299145005e-01 1.000000000000000000e+00 9.553571428571429047e-01 9.734042553191488700e-01
5.868055555555555802e-01 0.000000000000000000e+00 0.000000000000000000e+00 0.000000000000000000e+00 4.668508287292817416e-01
5.458015267175572172e-01 0.000000000000000000e+00 0.000000000000000000e+00 0.000000000000000000e+00 4.612903225806451735e-01
5.836177474402730603e-01 2.727272727272727071e-01 8.411214953271027583e-02 1.285714285714285587e-01 4.775399457340970266e-01
8.910256410256410797e-01 8.230088495575220708e-01 8.691588785046728827e-01 8.454545454545454586e-01 8.857989514474584603e-01
8.220064724919093901e-01 7.954545454545454142e-01 6.542056074766354756e-01 7.179487179487179516e-01 7.825483482927731993e-01
7.166666666666666741e-01 6.833333333333333481e-01 3.831775700934579310e-01 4.910179640718563276e-01 6.423659871192678450e-01
5.596707818930041212e-01 5.000000000000000000e-01 1.588785046728971861e-01 2.411347517730496326e-01 5.169392523364485514e-01
7.644927536231883591e-01 7.386363636363636465e-01 6.074766355140186480e-01 6.666666666666667407e-01 7.356909804789028007e-01
9.417808219178082085e-01 8.629032258064516236e-01 1.000000000000000000e+00 9.264069264069264564e-01 9.540540540540540793e-01
9.252336448598130758e-01 8.167938931297710203e-01 1.000000000000000000e+00 8.991596638655461327e-01 9.439252336448598069e-01
5.578231292517006334e-01 0.000000000000000000e+00 0.000000000000000000e+00 0.000000000000000000e+00 4.385026737967914201e-01
5.939597315436241365e-01 0.000000000000000000e+00 0.000000000000000000e+00 0.000000000000000000e+00 4.633507853403141530e-01
5.977011494252874035e-01 5.416666666666666297e-01 1.214953271028037379e-01 1.984732824427480891e-01 5.250333778371162330e-01
5.856164383561643927e-01 0.000000000000000000e+00 0.000000000000000000e+00 0.000000000000000000e+00 4.621621621621621601e-01
6.433566433566433318e-01 5.641025641025640969e-01 2.056074766355140138e-01 3.013698630136986134e-01 5.553177047982039705e-01
9.566666666666666652e-01 8.916666666666667185e-01 1.000000000000000000e+00 9.427312775330397576e-01 9.663212435233160535e-01
9.223602484472049889e-01 8.106060606060605522e-01 1.000000000000000000e+00 8.953974895397489586e-01 9.418604651162790775e-01
9.252336448598130758e-01 8.167938931297710203e-01 1.000000000000000000e+00 8.991596638655461327e-01 9.439252336448598069e-01
9.252336448598130758e-01 8.167938931297710203e-01 1.000000000000000000e+00 8.991596638655461327e-01 9.439252336448598069e-01
