6.324503311258278249e-01 4.473684210526315819e-01 1.588785046728971861e-01 2.344827586206896519e-01 5.255930984902946745e-01
8.864353312302839516e-01 7.482517482517482277e-01 1.000000000000000000e+00 8.559999999999999831e-01 9.142857142857142572e-01
5.892255892255892080e-01 5.882352941176470507e-02 9.345794392523363789e-03 1.612903225806451221e-02 4.625676340383668705e-01
5.966101694915254550e-01 1.250000000000000000e-01 1.869158878504672758e-02 3.252032520325202902e-02 4.721117518393318502e-01
5.889967637540453049e-01 2.222222222222222099e-01 7.476635514018691031e-02 1.118881118881118880e-01 4.680762468770241491e-01
5.714285714285713969e-01 6.896551724137930939e-02 1.869158878504672758e-02 2.941176470588234906e-02 4.421816152880457818e-01
5.852842809364549037e-01 5.263157894736841813e-02 9.345794392523363789e-03 1.587301587301587213e-02 4.577978971962616273e-01
6.046511627906976383e-01 2.857142857142856984e-01 7.476635514018691031e-02 1.185185185185184953e-01 4.858367858175161591e-01
9.335548172757475172e-01 8.425196850393700254e-01 1.000000000000000000e+00 9.145299145299145005e-01 9.484536082474227525e-01
7.175324675324675772e-01 6.351351351351350871e-01 4.392523364485981241e-01 5.193370165745856415e-01 6.524619891198215615e-01
7.579617834394904996e-01 6.597938144329896781e-01 5.981308411214952825e-01 6.274509803921567430e-01 7.193552756332114440e-01
6.644518272425249394e-01 5.652173913043477826e-01 2.429906542056074759e-01 3.398692810457516478e-01 5.699489353502263933e-01
5.980066445182724566e-01 2.307692307692307820e-01 5.607476635514018620e-02 9.022556390977443108e-02 4.764909914249927936e-01
6.324503311258278249e-01 4.473684210526315819e-01 1.588785046728971861e-01 2.344827586206896519e-01 5.255930984902946745e-01
6.171617161716171918e-01 3.714285714285714413e-01 1.214953271028037379e-01 1.830985915492957528e-01 5.046252145718099769e-01
5.700325732899023112e-01 3.703703703703703498e-02 9.345794392523363789e-03 1.492537313432835792e-02 4.396728971962616250e-01
5.775577557755775526e-01 4.347826086956521618e-02 9.345794392523363789e-03 1.538461538461538200e-02 4.485504482166697837e-01
5.608974358974359031e-01 3.125000000000000000e-02 9.345794392523363789e-03 1.438848920863309254e-02 4.290631410987006400e-01
6.611295681063122931e-01 5.555555555555555802e-01 2.336448598130841103e-01 3.289473684210525994e-01 5.652760381539647661e-01
9.213114754098360448e-01 8.167938931297710203e-01 1.000000000000000000e+00 8.991596638655461327e-01 9.393939393939394478e-01
8.977635782747603876e-01 7.697841726618704916e-01 1.000000000000000000e+00 8.699186991869918284e-01 9.223300970873786753e-01
5.873015873015873245e-01 2.444444444444444364e-01 1.028037383177570069e-01 1.447368421052631637e-01 4.696710999281092369e-01
6.351791530944624897e-01 4.468085106382978511e-01 1.962616822429906482e-01 2.727272727272727071e-01 5.331308411214952248e-01
9.304635761589403753e-01 8.359375000000000000e-01 1.000000000000000000e+00 9.106382978723404076e-01 9.461538461538461231e-01
6.324503311258278249e-01 4.473684210526315819e-01 1.588785046728971861e-01 2.344827586206896519e-01 5.255930984902946745e-01
6.171617161716171918e-01 3.714285714285714413e-01 1.214953271028037379e-01 1.830985915492957528e-01 5.046252145718099769e-01
5.737704918032786594e-01 4.000000000000000083e-02 9.345794392523363789e-03 1.515151515151515020e-02 4.440668365902010195e-01
5.852842809364549037e-01 5.263157894736841813e-02 9.345794392523363789e-03 1.587301587301587213e-02 4.577978971962616273e-01
5.627009646302251200e-01 3.225806451612903136e-02 9.345794392523363789e-03 1.449275362318840250e-02 4.311434854315557286e-01
5.872483221476509918e-01 5.555555555555555247e-02 9.345794392523363789e-03 1.600000000000000033e-02 4.601702793952144876e-01
5.813953488372093359e-01 4.761904761904761640e-02 9.345794392523363789e-03 1.562499999999999827e-02 4.531265054436843243e-01
5.912162162162162282e-01 6.250000000000000000e-02 9.345794392523363789e-03 1.626016260162601451e-02 4.649903575137219747e-01
8.977635782747603876e-01 7.697841726618704916e-01 1.000000000000000000e+00 8.699186991869918284e-01 9.223300970873786753e-01
5.912162162162162282e-01 6.250000000000000000e-02 9.345794392523363789e-03 1.626016260162601451e-02 4.649903575137219747e-01
8.949044585987261380e-01 7.642857142857142350e-01 1.000000000000000000e+00 8.663967611336031993e-01 9.202898550724637472e-01
5.520504731861198833e-01 2.702702702702702853e-02 9.345794392523363789e-03 1.388888888888888638e-02 4.189586114819758844e-01
5.833333333333333703e-01 5.000000000000000278e-02 9.345794392523363789e-03 1.574803149606298844e-02 4.554500992688004790e-01
