5.700325732899023112e-01 3.703703703703703498e-02 9.345794392523363789e-03 1.492537313432835792e-02 4.396728971962616250e-01
5.645161290322581182e-01 3.333333333333333287e-02 9.345794392523363789e-03 1.459854014598539924e-02 4.332443257676902304e-01
5.932203389830508211e-01 6.666666666666666574e-02 9.345794392523363789e-03 1.639344262295081706e-02 4.674388546430701119e-01
7.961165048543689116e-01 7.199999999999999734e-01 6.728971962616822067e-01 6.956521739130435700e-01 7.671416674377717904e-01
9.213114754098360448e-01 8.167938931297710203e-01 1.000000000000000000e+00 8.991596638655461327e-01 9.393939393939394478e-01
6.369636963696370113e-01 4.634146341463414864e-01 1.775700934579439172e-01 2.567567567567567988e-01 5.326625977493800734e-01
9.183006535947711990e-01 8.106060606060605522e-01 1.000000000000000000e+00 8.953974895397489586e-01 9.371859296482412116e-01
6.500000000000000222e-01 5.250000000000000222e-01 1.962616822429906482e-01 2.857142857142856984e-01 5.489080431940340787e-01
5.454545454545454142e-01 0.000000000000000000e+00 0.000000000000000000e+00 0.000000000000000000e+00 4.103773584905660576e-01
7.841269841269841168e-01 6.822429906542055722e-01 6.822429906542055722e-01 6.822429906542055722e-01 7.593907260963336237e-01
5.833333333333333703e-01 5.000000000000000278e-02 9.345794392523363789e-03 1.574803149606298844e-02 4.554500992688004790e-01
9.213114754098360448e-01 8.167938931297710203e-01 1.000000000000000000e+00 8.991596638655461327e-01 9.393939393939394478e-01
5.737704918032786594e-01 4.000000000000000083e-02 9.345794392523363789e-03 1.515151515151515020e-02 4.440668365902010195e-01
6.298701298701299134e-01 4.255319148936170248e-01 1.869158878504672827e-01 2.597402597402597713e-01 5.262937648207560715e-01
8.977635782747603876e-01 7.697841726618704916e-01 1.000000000000000000e+00 8.699186991869918284e-01 9.223300970873786753e-01
5.872483221476509918e-01 5.555555555555555247e-02 9.345794392523363789e-03 1.600000000000000033e-02 4.601702793952144876e-01
8.892405063291138889e-01 7.535211267605633756e-01 1.000000000000000000e+00 8.594377510040159818e-01 9.162679425837321201e-01
8.949044585987261380e-01 7.642857142857142350e-01 1.000000000000000000e+00 8.663967611336031993e-01 9.202898550724637472e-01
5.681818181818182323e-01 3.571428571428571230e-02 9.345794392523363789e-03 1.481481481481481191e-02 4.375087180917840435e-01
5.833333333333333703e-01 5.000000000000000278e-02 9.345794392523363789e-03 1.574803149606298844e-02 4.554500992688004790e-01
8.949044585987261380e-01 7.642857142857142350e-01 1.000000000000000000e+00 8.663967611336031993e-01 9.202898550724637472e-01
8.977635782747603876e-01 7.697841726618704916e-01 1.000000000000000000e+00 8.699186991869918284e-01 9.223300970873786753e-01
5.454545454545454142e-01 0.000000000000000000e+00 0.000000000000000000e+00 0.000000000000000000e+00 4.103773584905660576e-01
5.813953488372093359e-01 4.761904761904761640e-02 9.345794392523363789e-03 1.562499999999999827e-02 4.531265054436843243e-01
6.298701298701299134e-01 4.255319148936170248e-01 1.869158878504672827e-01 2.597402597402597713e-01 5.262937648207560715e-01
8.977635782747603876e-01 7.697841726618704916e-01 1.000000000000000000e+00 8.699186991869918284e-01 9.223300970873786753e-01
8.977635782747603876e-01 7.697841726618704916e-01 1.000000000000000000e+00 8.699186991869918284e-01 9.223300970873786753e-01
6.051779935275081179e-01 3.170731707317073211e-01 1.214953271028037379e-01 1.756756756756756577e-01 4.914407328583325629e-01
5.454545454545454142e-01 0.000000000000000000e+00 0.000000000000000000e+00 0.000000000000000000e+00 4.103773584905660576e-01
7.934426229508196871e-01 7.391304347826086474e-01 6.355140186915887446e-01 6.834170854271356399e-01 7.571509487397338756e-01
5.852842809364549037e-01 5.263157894736841813e-02 9.345794392523363789e-03 1.587301587301587213e-02 4.577978971962616273e-01
9.273927392739274023e-01 8.294573643410853014e-01 1.000000000000000000e+00 9.067796610169490679e-01 9.438775510204081565e-01
5.663430420711974556e-01 3.448275862068965469e-02 9.345794392523363789e-03 1.470588235294117453e-02 4.353659665031923698e-01
5.945945945945946276e-01 1.176470588235294101e-01 1.869158878504672758e-02 3.225806451612902442e-02 4.696632547099837129e-01
8.920634920634921139e-01 7.588652482269503396e-01 1.000000000000000000e+00 8.629032258064516236e-01 9.182692307692308376e-01
8.808777429467085085e-01 7.379310344827586521e-01 1.000000000000000000e+00 8.492063492063492980e-01 9.103773584905661131e-01
8.900343642611683315e-01 8.947368421052631637e-01 7.943925233644859585e-01 8.415841584158416655e-01 8.700223486387645977e-01
