9.153094462540716236e-01 8.045112781954887327e-01 1.000000000000000000e+00 8.916666666666667185e-01 9.350000000000000533e-01
6.324503311258278249e-01 4.473684210526315819e-01 1.588785046728971861e-01 2.344827586206896519e-01 5.255930984902946745e-01
5.775577557755775526e-01 4.347826086956521618e-02 9.345794392523363789e-03 1.538461538461538200e-02 4.485504482166697837e-01
8.808777429467085085e-01 7.379310344827586521e-01 1.000000000000000000e+00 8.492063492063492980e-01 9.103773584905661131e-01
8.892405063291138889e-01 7.535211267605633756e-01 1.000000000000000000e+00 8.594377510040159818e-01 9.162679425837321201e-01
9.273927392739274023e-01 8.294573643410853014e-01 1.000000000000000000e+00 9.067796610169490679e-01 9.438775510204081565e-01
6.086956521739130821e-01 3.076923076923077094e-01 7.476635514018691031e-02 1.203007518796992414e-01 4.905081775700934621e-01
5.852842809364549037e-01 5.263157894736841813e-02 9.345794392523363789e-03 1.587301587301587213e-02 4.577978971962616273e-01
8.726114649681528945e-01 7.518796992481202590e-01 9.345794392523364413e-01 8.333333333333333703e-01 8.875795746986319124e-01
9.335548172757475172e-01 8.425196850393700254e-01 1.000000000000000000e+00 9.145299145299145005e-01 9.484536082474227525e-01
5.454545454545454142e-01 0.000000000000000000e+00 0.000000000000000000e+00 0.000000000000000000e+00 4.103773584905660576e-01
5.827814569536423628e-01 8.695652173913043237e-02 1.869158878504672758e-02 3.076923076923076400e-02 4.554996405463694886e-01
7.109634551495016552e-01 6.666666666666666297e-01 3.738317757009345654e-01 4.790419161676646720e-01 6.353694960978900630e-01
9.213114754098360448e-01 8.167938931297710203e-01 1.000000000000000000e+00 8.991596638655461327e-01 9.393939393939394478e-01
7.028753993610223905e-01 5.897435897435897578e-01 4.299065420560747586e-01 4.972972972972973804e-01 6.372833681154160823e-01
9.213114754098360448e-01 8.167938931297710203e-01 1.000000000000000000e+00 8.991596638655461327e-01 9.393939393939394478e-01
8.451612903225806939e-01 7.521367521367521292e-01 8.224299065420560551e-01 7.857142857142855874e-01 8.397863818424567972e-01
5.789473684210526550e-01 8.000000000000000167e-02 1.869158878504672758e-02 3.030303030303030040e-02 4.509701598747568596e-01
6.821192052980132869e-01 6.037735849056603543e-01 2.990654205607476412e-01 3.999999999999999667e-01 5.956865564342199715e-01
5.852842809364549037e-01 5.263157894736841813e-02 9.345794392523363789e-03 1.587301587301587213e-02 4.577978971962616273e-01
8.920634920634921139e-01 7.588652482269503396e-01 1.000000000000000000e+00 8.629032258064516236e-01 9.182692307692308376e-01
6.006600660066007125e-01 2.666666666666666630e-01 7.476635514018691031e-02 1.167883211678831940e-01 4.812607285905016186e-01
6.027397260273972268e-01 1.538461538461538547e-01 1.869158878504672758e-02 3.333333333333333287e-02 4.796160646627936064e-01
9.035369774919613794e-01 7.810218978102190235e-01 1.000000000000000000e+00 8.770491803278688270e-01 9.264705882352940458e-01
9.213114754098360448e-01 8.167938931297710203e-01 1.000000000000000000e+00 8.991596638655461327e-01 9.393939393939394478e-01
7.028753993610223905e-01 5.897435897435897578e-01 4.299065420560747586e-01 4.972972972972973804e-01 6.372833681154160823e-01
9.243421052631578538e-01 8.230769230769230393e-01 1.000000000000000000e+00 9.029535864978902593e-01 9.416243654822334941e-01
5.454545454545454142e-01 0.000000000000000000e+00 0.000000000000000000e+00 0.000000000000000000e+00 4.103773584905660576e-01
8.892405063291138889e-01 7.535211267605633756e-01 1.000000000000000000e+00 8.594377510040159818e-01 9.162679425837321201e-01
5.503144654088050203e-01 2.631578947368420907e-02 9.345794392523363789e-03 1.379310344827586188e-02 4.169951720777782533e-01
5.608974358974359031e-01 3.125000000000000000e-02 9.345794392523363789e-03 1.438848920863309254e-02 4.290631410987006400e-01
5.654952076677316475e-01 8.571428571428571508e-02 2.803738317757009310e-02 4.225352112676056260e-02 4.363487886761637236e-01
6.283783783783783994e-01 4.444444444444444198e-01 1.121495327102803724e-01 1.791044776119402882e-01 5.163922266726005406e-01
6.266666666666667052e-01 4.242424242424242542e-01 1.308411214953270896e-01 1.999999999999999833e-01 5.161977628202024659e-01
5.770491803278688936e-01 7.692307692307692735e-02 1.869158878504672758e-02 3.007518796992481036e-02 4.487397337864627578e-01
8.836477987421383906e-01 7.430555555555555802e-01 1.000000000000000000e+00 8.525896414342629681e-01 9.123222748815165151e-01
8.949044585987261380e-01 7.642857142857142350e-01 1.000000000000000000e+00 8.663967611336031993e-01 9.202898550724637472e-01
