9.523809523809523281e-01 8.770491803278688270e-01 1.000000000000000000e+00 9.344978165938864212e-01 9.639423076923077094e-01
7.194719471947195188e-01 7.291666666666666297e-01 3.271028037383177378e-01 4.516129032258063836e-01 6.303881365630363831e-01
9.316770186335403547e-01 8.294573643410853014e-01 1.000000000000000000e+00 9.067796610169490679e-01 9.488372093023255127e-01
5.239852398523985322e-01 0.000000000000000000e+00 0.000000000000000000e+00 0.000000000000000000e+00 4.329268292682926789e-01
5.265151515151514916e-01 0.000000000000000000e+00 0.000000000000000000e+00 0.000000000000000000e+00 4.426751592356688025e-01
5.192307692307692735e-01 0.000000000000000000e+00 0.000000000000000000e+00 0.000000000000000000e+00 4.411764705882352811e-01
5.477031802120141402e-01 0.000000000000000000e+00 0.000000000000000000e+00 0.000000000000000000e+00 4.403409090909090606e-01
5.967213114754098546e-01 0.000000000000000000e+00 0.000000000000000000e+00 0.000000000000000000e+00 4.595959595959596133e-01
5.993485342019544415e-01 0.000000000000000000e+00 0.000000000000000000e+00 0.000000000000000000e+00 4.600000000000000200e-01
9.316770186335403547e-01 8.294573643410853014e-01 1.000000000000000000e+00 9.067796610169490679e-01 9.488372093023255127e-01
6.302816901408451189e-01 5.384615384615384359e-01 1.308411214953270896e-01 2.105263157894736448e-01 5.315222556629177753e-01
5.196850393700787052e-01 0.000000000000000000e+00 0.000000000000000000e+00 0.000000000000000000e+00 4.489795918367346927e-01
9.316770186335403547e-01 8.294573643410853014e-01 1.000000000000000000e+00 9.067796610169490679e-01 9.488372093023255127e-01
9.375000000000000000e-01 8.425196850393700254e-01 1.000000000000000000e+00 9.145299145299145005e-01 9.530516431924882514e-01
7.128027681660900061e-01 7.500000000000000000e-01 3.364485981308411033e-01 4.645161290322579739e-01 6.352572660983876185e-01
9.404388714733542542e-01 8.492063492063491870e-01 1.000000000000000000e+00 9.184549356223175032e-01 9.551886792452829456e-01
9.522292993630573354e-01 8.770491803278688270e-01 1.000000000000000000e+00 9.344978165938864212e-01 9.637681159420290466e-01
6.395759717314487558e-01 5.806451612903226200e-01 1.682242990654205517e-01 2.608695652173912971e-01 5.471803313508921685e-01
9.375000000000000000e-01 8.425196850393700254e-01 1.000000000000000000e+00 9.145299145299145005e-01 9.530516431924882514e-01
9.316770186335403547e-01 8.294573643410853014e-01 1.000000000000000000e+00 9.067796610169490679e-01 9.488372093023255127e-01
5.774647887323943740e-01 0.000000000000000000e+00 0.000000000000000000e+00 0.000000000000000000e+00 4.632768361581920957e-01
7.986348122866894217e-01 8.243243243243243423e-01 5.700934579439251859e-01 6.740331491712707734e-01 7.501004924128228391e-01
9.492063492063491648e-01 8.699186991869918284e-01 1.000000000000000000e+00 9.304347826086956097e-01 9.615384615384615641e-01
7.491525423728813138e-01 7.894736842105263275e-01 4.205607476635513930e-01 5.487804878048780921e-01 6.783654802147544016e-01
9.375000000000000000e-01 8.425196850393700254e-01 1.000000000000000000e+00 9.145299145299145005e-01 9.530516431924882514e-01
7.128027681660900061e-01 7.500000000000000000e-01 3.364485981308411033e-01 4.645161290322579739e-01 6.352572660983876185e-01
5.644599303135888757e-01 9.090909090909091161e-02 1.869158878504672758e-02 3.100775193798449222e-02 4.537902388369677853e-01
8.338762214983713728e-01 8.333333333333333703e-01 6.542056074766354756e-01 7.329842931937171624e-01 7.921028037383176512e-01
5.095785440613026518e-01 0.000000000000000000e+00 0.000000000000000000e+00 0.000000000000000000e+00 4.318181818181818232e-01
5.880281690140845008e-01 2.727272727272727071e-01 5.607476635514018620e-02 9.302325581395348708e-02 4.828396430645757187e-01
9.316770186335403547e-01 8.294573643410853014e-01 1.000000000000000000e+00 9.067796610169490679e-01 9.488372093023255127e-01
5.098814229249012397e-01 0.000000000000000000e+00 0.000000000000000000e+00 0.000000000000000000e+00 4.417808219178082085e-01
8.622950819672131617e-01 8.571428571428570953e-01 7.289719626168223998e-01 7.878787878787878451e-01 8.316576984801282713e-01
5.958188153310104429e-01 0.000000000000000000e+00 0.000000000000000000e+00 0.000000000000000000e+00 4.749999999999999778e-01
8.471760797342192673e-01 8.279569892473118697e-01 7.196261682242990343e-01 7.700000000000000178e-01 8.185759707100875859e-01
5.714285714285713969e-01 8.695652173913043237e-02 1.869158878504672758e-02 3.076923076923076400e-02 4.531960617722025075e-01
9.316770186335403547e-01 8.294573643410853014e-01 1.000000000000000000e+00 9.067796610169490679e-01 9.488372093023255127e-01
