5.327868852459016757e-01 2.307692307692307820e-01 2.803738317757009310e-02 4.999999999999999584e-02 4.775223412238214782e-01
5.805369127516778471e-01 0.000000000000000000e+00 0.000000000000000000e+00 0.000000000000000000e+00 4.528795811518324665e-01
5.588235294117647189e-01 1.904761904761904656e-01 3.738317757009345516e-02 6.249999999999999306e-02 4.671764372698952172e-01
5.868055555555555802e-01 2.692307692307692180e-01 6.542056074766354479e-02 1.052631578947368224e-01 4.802240925285278794e-01
4.621848739495798553e-01 0.000000000000000000e+00 0.000000000000000000e+00 0.000000000000000000e+00 4.198473282442748422e-01
6.208053691275168262e-01 3.125000000000000000e-01 4.672897196261682068e-02 8.130081300813007950e-02 4.945686744629837484e-01
5.999999999999999778e-01 3.913043478260869734e-01 8.411214953271027583e-02 1.384615384615384415e-01 5.015936470206904252e-01
4.798387096774193727e-01 0.000000000000000000e+00 0.000000000000000000e+00 0.000000000000000000e+00 4.219858156028368779e-01
5.729166666666666297e-01 0.000000000000000000e+00 0.000000000000000000e+00 0.000000000000000000e+00 4.558011049723756924e-01
8.150684931506849695e-01 8.441558441558441039e-01 6.074766355140186480e-01 7.065217391304348116e-01 7.713058853245768898e-01
4.893617021276595591e-01 0.000000000000000000e+00 0.000000000000000000e+00 0.000000000000000000e+00 4.492187500000000000e-01
5.172413793103448620e-01 0.000000000000000000e+00 0.000000000000000000e+00 0.000000000000000000e+00 4.383116883116883189e-01
7.543252595155709450e-01 8.000000000000000444e-01 4.485981308411214896e-01 5.748502994011975842e-01 6.913320324535278116e-01
5.629629629629629983e-01 0.000000000000000000e+00 0.000000000000000000e+00 0.000000000000000000e+00 4.662576687116564145e-01
9.369085173501576769e-01 8.425196850393700254e-01 1.000000000000000000e+00 9.145299145299145005e-01 9.523809523809523281e-01
9.520766773162939733e-01 8.770491803278688270e-01 1.000000000000000000e+00 9.344978165938864212e-01 9.635922330097087540e-01
5.789473684210526550e-01 0.000000000000000000e+00 0.000000000000000000e+00 0.000000000000000000e+00 4.467005076142132047e-01
5.274725274725274859e-01 0.000000000000000000e+00 0.000000000000000000e+00 0.000000000000000000e+00 4.337349397590361533e-01
5.485074626865671377e-01 0.000000000000000000e+00 0.000000000000000000e+00 0.000000000000000000e+00 4.565217391304348116e-01
4.874999999999999889e-01 0.000000000000000000e+00 0.000000000000000000e+00 0.000000000000000000e+00 4.398496240601503793e-01
6.190476190476190688e-01 3.913043478260869734e-01 8.411214953271027583e-02 1.384615384615384415e-01 5.046229196861411470e-01
4.556962025316455556e-01 0.000000000000000000e+00 0.000000000000000000e+00 0.000000000000000000e+00 4.153846153846153522e-01
5.234042553191489144e-01 0.000000000000000000e+00 0.000000000000000000e+00 0.000000000000000000e+00 4.804687500000000000e-01
9.220779220779220520e-01 8.807339449541284893e-01 8.971962616822429792e-01 8.888888888888888395e-01 9.162598223834100830e-01
5.629629629629629983e-01 0.000000000000000000e+00 0.000000000000000000e+00 0.000000000000000000e+00 4.662576687116564145e-01
9.369085173501576769e-01 8.425196850393700254e-01 1.000000000000000000e+00 9.145299145299145005e-01 9.523809523809523281e-01
5.392857142857142572e-01 0.000000000000000000e+00 0.000000000000000000e+00 0.000000000000000000e+00 4.364161849710982422e-01
4.739130434782608536e-01 0.000000000000000000e+00 0.000000000000000000e+00 0.000000000000000000e+00 4.430894308943089666e-01
5.508771929824561875e-01 0.000000000000000000e+00 0.000000000000000000e+00 0.000000000000000000e+00 4.410112359550562022e-01
6.043956043956043578e-01 4.444444444444444198e-01 3.738317757009345516e-02 6.896551724137930939e-02 5.036313478211912331e-01
4.978723404255319118e-01 0.000000000000000000e+00 0.000000000000000000e+00 0.000000000000000000e+00 4.570312500000000000e-01
5.735849056603773422e-01 0.000000000000000000e+00 0.000000000000000000e+00 0.000000000000000000e+00 4.810126582278481111e-01
5.468750000000000000e-01 2.857142857142856984e-01 5.607476635514018620e-02 9.374999999999998612e-02 4.777018127077714560e-01
6.283783783783783994e-01 4.347826086956521618e-01 9.345794392523364136e-02 1.538461538461538547e-01 5.123374375710824102e-01
4.838709677419354982e-01 0.000000000000000000e+00 0.000000000000000000e+00 0.000000000000000000e+00 4.255319148936170248e-01
5.508771929824561875e-01 0.000000000000000000e+00 0.000000000000000000e+00 0.000000000000000000e+00 4.410112359550562022e-01
9.433962264150943522e-01 8.559999999999999831e-01 1.000000000000000000e+00 9.224137931034482873e-01 9.573459715639810463e-01
