6.033898305084746116e-01 0.000000000000000000e+00 0.000000000000000000e+00 0.000000000000000000e+00 4.734042553191489255e-01
5.973154362416107643e-01 0.000000000000000000e+00 0.000000000000000000e+00 0.000000000000000000e+00 4.659685863874345468e-01
5.547169811320754595e-01 0.000000000000000000e+00 0.000000000000000000e+00 0.000000000000000000e+00 4.651898734177215000e-01
7.342657342657342712e-01 7.627118644067796271e-01 4.205607476635513930e-01 5.421686746987952610e-01 6.711742285803790065e-01
5.671140939597315578e-01 0.000000000000000000e+00 0.000000000000000000e+00 0.000000000000000000e+00 4.424083769633507801e-01
5.539568345323740983e-01 0.000000000000000000e+00 0.000000000000000000e+00 0.000000000000000000e+00 4.502923976608187440e-01
5.591397849462365066e-01 0.000000000000000000e+00 0.000000000000000000e+00 0.000000000000000000e+00 4.534883720930232842e-01
9.462025316455696666e-01 8.629032258064516236e-01 1.000000000000000000e+00 9.264069264069264564e-01 9.593301435406699218e-01
5.196850393700787052e-01 1.052631578947368363e-01 1.869158878504672758e-02 3.174603174603174427e-02 4.515226651408226766e-01
6.677524429967426345e-01 5.641025641025640969e-01 2.056074766355140138e-01 3.013698630136986134e-01 5.603037383177570385e-01
5.222222222222222543e-01 0.000000000000000000e+00 0.000000000000000000e+00 0.000000000000000000e+00 4.325153374233128845e-01
3.842364532019704182e-01 0.000000000000000000e+00 0.000000000000000000e+00 0.000000000000000000e+00 4.062500000000000000e-01
9.485530546623793802e-01 8.699186991869918284e-01 1.000000000000000000e+00 9.304347826086956097e-01 9.607843137254902244e-01
5.655172413793103647e-01 0.000000000000000000e+00 0.000000000000000000e+00 0.000000000000000000e+00 4.480874316939890689e-01
5.761589403973509382e-01 0.000000000000000000e+00 0.000000000000000000e+00 0.000000000000000000e+00 4.461538461538461231e-01
5.523465703971118801e-01 0.000000000000000000e+00 0.000000000000000000e+00 0.000000000000000000e+00 4.500000000000000111e-01
5.675675675675675436e-01 0.000000000000000000e+00 0.000000000000000000e+00 0.000000000000000000e+00 4.444444444444444198e-01
6.140939597315435705e-01 3.461538461538461453e-01 8.411214953271027583e-02 1.353383458646616466e-01 4.975534569653079497e-01
5.239852398523985322e-01 0.000000000000000000e+00 0.000000000000000000e+00 0.000000000000000000e+00 4.329268292682926789e-01
5.113636363636363535e-01 0.000000000000000000e+00 0.000000000000000000e+00 0.000000000000000000e+00 4.299363057324840920e-01
4.166666666666666852e-01 0.000000000000000000e+00 0.000000000000000000e+00 0.000000000000000000e+00 4.128440366972476738e-01
6.254180602006689238e-01 4.000000000000000222e-01 9.345794392523364136e-02 1.515151515151514916e-01 5.076664719626168276e-01
5.247148288973384478e-01 0.000000000000000000e+00 0.000000000000000000e+00 0.000000000000000000e+00 4.423076923076922906e-01
5.889967637540453049e-01 0.000000000000000000e+00 0.000000000000000000e+00 0.000000000000000000e+00 4.504950495049505066e-01
5.655172413793103647e-01 0.000000000000000000e+00 0.000000000000000000e+00 0.000000000000000000e+00 4.480874316939890689e-01
5.761589403973509382e-01 0.000000000000000000e+00 0.000000000000000000e+00 0.000000000000000000e+00 4.461538461538461231e-01
5.769230769230768718e-01 0.000000000000000000e+00 0.000000000000000000e+00 0.000000000000000000e+00 4.608938547486033377e-01
5.575539568345323493e-01 0.000000000000000000e+00 0.000000000000000000e+00 0.000000000000000000e+00 4.532163742690058506e-01
5.252918287937743402e-01 0.000000000000000000e+00 0.000000000000000000e+00 0.000000000000000000e+00 4.500000000000000111e-01
6.452702702702702853e-01 5.263157894736841813e-01 1.869158878504672827e-01 2.758620689655172376e-01 5.458388963061860943e-01
6.459016393442622572e-01 4.857142857142857095e-01 1.588785046728971861e-01 2.394366197183098732e-01 5.339847068819031373e-01
7.625418060200669368e-01 8.103448275862068506e-01 4.392523364485981241e-01 5.696969696969697017e-01 6.909803348909657750e-01
5.289575289575290107e-01 0.000000000000000000e+00 0.000000000000000000e+00 0.000000000000000000e+00 4.506578947368420907e-01
4.510638297872340274e-01 0.000000000000000000e+00 0.000000000000000000e+00 0.000000000000000000e+00 4.140625000000000000e-01
9.316770186335403547e-01 8.294573643410853014e-01 1.000000000000000000e+00 9.067796610169490679e-01 9.488372093023255127e-01
8.299999999999999600e-01 7.978723404255319007e-01 7.009345794392523032e-01 7.462686567164178442e-01 8.012444917921650589e-01
8.424437299035369975e-01 8.295454545454545858e-01 6.822429906542055722e-01 7.487179487179487225e-01 8.043567894447498645e-01
