5.062499999999999778e-01 0.000000000000000000e+00 0.000000000000000000e+00 0.000000000000000000e+00 3.802816901408450634e-01
8.354037267080745011e-01 6.687499999999999556e-01 1.000000000000000000e+00 8.014981273408239293e-01 8.767441860465116088e-01
6.842105263157894912e-01 5.679012345679012030e-01 4.299065420560747586e-01 4.893617021276596146e-01 6.261207837183927483e-01
6.107382550335570537e-01 4.081632653061224580e-01 1.869158878504672827e-01 2.564102564102563875e-01 5.175417135587414563e-01
5.062499999999999778e-01 0.000000000000000000e+00 0.000000000000000000e+00 0.000000000000000000e+00 3.802816901408450634e-01
5.241157556270096274e-01 2.325581395348837177e-02 9.345794392523363789e-03 1.333333333333333245e-02 4.017317207256734801e-01
5.241157556270096274e-01 2.325581395348837177e-02 9.345794392523363789e-03 1.333333333333333245e-02 4.017317207256734801e-01
5.062499999999999778e-01 0.000000000000000000e+00 0.000000000000000000e+00 0.000000000000000000e+00 3.802816901408450634e-01
8.790849673202614234e-01 7.430555555555555802e-01 1.000000000000000000e+00 8.525896414342629681e-01 9.070351758793969710e-01
8.770764119601328623e-01 7.611940298507462455e-01 9.532710280373831724e-01 8.464730290456430328e-01 8.941612872145677793e-01
8.677419354838710186e-01 7.229729729729730270e-01 1.000000000000000000e+00 8.392156862745098200e-01 8.990147783251232205e-01
8.649517684887459978e-01 7.181208053691274795e-01 1.000000000000000000e+00 8.359375000000000000e-01 8.970588235294117974e-01
5.224358974358974672e-01 2.272727272727272790e-02 9.345794392523363789e-03 1.324503311258277971e-02 3.997948484157738402e-01
5.062499999999999778e-01 0.000000000000000000e+00 0.000000000000000000e+00 0.000000000000000000e+00 3.802816901408450634e-01
8.432601880877742540e-01 6.815286624203821253e-01 1.000000000000000000e+00 8.106060606060605522e-01 8.820754716981131782e-01
5.062499999999999778e-01 0.000000000000000000e+00 0.000000000000000000e+00 0.000000000000000000e+00 3.802816901408450634e-01
5.062499999999999778e-01 0.000000000000000000e+00 0.000000000000000000e+00 0.000000000000000000e+00 3.802816901408450634e-01
8.566878980891720063e-01 7.039473684210526550e-01 1.000000000000000000e+00 8.262548262548262690e-01 8.913043478260870289e-01
5.062499999999999778e-01 0.000000000000000000e+00 0.000000000000000000e+00 0.000000000000000000e+00 3.802816901408450634e-01
9.149659863945578397e-01 8.106060606060605522e-01 1.000000000000000000e+00 8.953974895397489586e-01 9.331550802139038092e-01
7.654723127035830688e-01 6.576576576576577127e-01 6.822429906542055722e-01 6.697247706422017055e-01 7.461214953271029238e-01
5.062499999999999778e-01 0.000000000000000000e+00 0.000000000000000000e+00 0.000000000000000000e+00 3.802816901408450634e-01
5.062499999999999778e-01 0.000000000000000000e+00 0.000000000000000000e+00 0.000000000000000000e+00 3.802816901408450634e-01
8.762214983713354499e-01 7.379310344827586521e-01 1.000000000000000000e+00 8.492063492063492980e-01 9.050000000000000266e-01
5.062499999999999778e-01 0.000000000000000000e+00 0.000000000000000000e+00 0.000000000000000000e+00 3.802816901408450634e-01
8.432601880877742540e-01 6.815286624203821253e-01 1.000000000000000000e+00 8.106060606060605522e-01 8.820754716981131782e-01
5.062499999999999778e-01 0.000000000000000000e+00 0.000000000000000000e+00 0.000000000000000000e+00 3.802816901408450634e-01
5.062499999999999778e-01 0.000000000000000000e+00 0.000000000000000000e+00 0.000000000000000000e+00 3.802816901408450634e-01
5.062499999999999778e-01 0.000000000000000000e+00 0.000000000000000000e+00 0.000000000000000000e+00 3.802816901408450634e-01
5.062499999999999778e-01 0.000000000000000000e+00 0.000000000000000000e+00 0.000000000000000000e+00 3.802816901408450634e-01
5.062499999999999778e-01 0.000000000000000000e+00 0.000000000000000000e+00 0.000000000000000000e+00 3.802816901408450634e-01
5.062499999999999778e-01 0.000000000000000000e+00 0.000000000000000000e+00 0.000000000000000000e+00 3.802816901408450634e-01
8.705501618122977181e-01 7.278911564625850650e-01 1.000000000000000000e+00 8.425196850393700254e-01 9.009900990099010132e-01
8.566878980891720063e-01 7.039473684210526550e-01 1.000000000000000000e+00 8.262548262548262690e-01 8.913043478260870289e-01
5.062499999999999778e-01 0.000000000000000000e+00 0.000000000000000000e+00 0.000000000000000000e+00 3.802816901408450634e-01
5.292207792207792583e-01 2.500000000000000139e-02 9.345794392523363789e-03 1.360544217687074606e-02 4.076579718231272964e-01
5.062499999999999778e-01 0.000000000000000000e+00 0.000000000000000000e+00 0.000000000000000000e+00 3.802816901408450634e-01
