5.062499999999999778e-01 0.000000000000000000e+00 0.000000000000000000e+00 0.000000000000000000e+00 3.802816901408450634e-01
5.062499999999999778e-01 0.000000000000000000e+00 0.000000000000000000e+00 0.000000000000000000e+00 3.802816901408450634e-01
5.062499999999999778e-01 0.000000000000000000e+00 0.000000000000000000e+00 0.000000000000000000e+00 3.802816901408450634e-01
8.819672131147541227e-01 7.482517482517482277e-01 1.000000000000000000e+00 8.559999999999999831e-01 9.090909090909090606e-01
8.862068965517241326e-01 8.189655172413793371e-01 8.878504672897196137e-01 8.520179372197308476e-01 8.865481844645318743e-01
5.723905723905723386e-01 2.222222222222222099e-01 7.476635514018691031e-02 1.118881118881118880e-01 4.636989670437776656e-01
8.733766233766233622e-01 7.328767123287671659e-01 1.000000000000000000e+00 8.458498023715415037e-01 9.029850746268657247e-01
8.516129032258064058e-01 7.132867132867133364e-01 9.532710280373831724e-01 8.160000000000000586e-01 8.756502923438147512e-01
5.062499999999999778e-01 0.000000000000000000e+00 0.000000000000000000e+00 0.000000000000000000e+00 3.802816901408450634e-01
8.621794871794872250e-01 7.133333333333333748e-01 1.000000000000000000e+00 8.326848249027237747e-01 8.951219512195122130e-01
5.062499999999999778e-01 0.000000000000000000e+00 0.000000000000000000e+00 0.000000000000000000e+00 3.802816901408450634e-01
6.555183946488294389e-01 5.312500000000000000e-01 3.177570093457943723e-01 3.976608187134502703e-01 5.807535046728972139e-01
5.062499999999999778e-01 0.000000000000000000e+00 0.000000000000000000e+00 0.000000000000000000e+00 3.802816901408450634e-01
7.339743589743589203e-01 6.090909090909091272e-01 6.261682242990653791e-01 6.175115207373271797e-01 7.082060633690450135e-01
8.539682539682539320e-01 6.993464052287581278e-01 1.000000000000000000e+00 8.230769230769230393e-01 8.894230769230768718e-01
5.062499999999999778e-01 0.000000000000000000e+00 0.000000000000000000e+00 0.000000000000000000e+00 3.802816901408450634e-01
8.677419354838710186e-01 7.229729729729730270e-01 1.000000000000000000e+00 8.392156862745098200e-01 8.990147783251232205e-01
8.594249201277954775e-01 7.086092715231787631e-01 1.000000000000000000e+00 8.294573643410853014e-01 8.932038834951455675e-01
5.062499999999999778e-01 0.000000000000000000e+00 0.000000000000000000e+00 0.000000000000000000e+00 3.802816901408450634e-01
5.062499999999999778e-01 0.000000000000000000e+00 0.000000000000000000e+00 0.000000000000000000e+00 3.802816901408450634e-01
5.361842105263158187e-01 2.777777777777777624e-02 9.345794392523363789e-03 1.398601398601398600e-02 4.158404098866169685e-01
8.566878980891720063e-01 7.039473684210526550e-01 1.000000000000000000e+00 8.262548262548262690e-01 8.913043478260870289e-01
5.062499999999999778e-01 0.000000000000000000e+00 0.000000000000000000e+00 0.000000000000000000e+00 3.802816901408450634e-01
5.224358974358974672e-01 2.272727272727272790e-02 9.345794392523363789e-03 1.324503311258277971e-02 3.997948484157738402e-01
7.339743589743589203e-01 6.090909090909091272e-01 6.261682242990653791e-01 6.175115207373271797e-01 7.082060633690450135e-01
8.539682539682539320e-01 6.993464052287581278e-01 1.000000000000000000e+00 8.230769230769230393e-01 8.894230769230768718e-01
6.570512820512820484e-01 5.000000000000000000e-01 4.018691588785046620e-01 4.455958549222798215e-01 5.960565306587645162e-01
5.062499999999999778e-01 0.000000000000000000e+00 0.000000000000000000e+00 0.000000000000000000e+00 3.802816901408450634e-01
5.292207792207792583e-01 2.500000000000000139e-02 9.345794392523363789e-03 1.360544217687074606e-02 4.076579718231272964e-01
5.062499999999999778e-01 0.000000000000000000e+00 0.000000000000000000e+00 0.000000000000000000e+00 3.802816901408450634e-01
5.062499999999999778e-01 0.000000000000000000e+00 0.000000000000000000e+00 0.000000000000000000e+00 3.802816901408450634e-01
8.539682539682539320e-01 6.993464052287581278e-01 1.000000000000000000e+00 8.230769230769230393e-01 8.894230769230768718e-01
5.062499999999999778e-01 0.000000000000000000e+00 0.000000000000000000e+00 0.000000000000000000e+00 3.802816901408450634e-01
8.566878980891720063e-01 7.039473684210526550e-01 1.000000000000000000e+00 8.262548262548262690e-01 8.913043478260870289e-01
8.354037267080745011e-01 6.687499999999999556e-01 1.000000000000000000e+00 8.014981273408239293e-01 8.767441860465116088e-01
8.354037267080745011e-01 6.687499999999999556e-01 1.000000000000000000e+00 8.014981273408239293e-01 8.767441860465116088e-01
5.480769230769231282e-01 1.730769230769230727e-01 8.411214953271027583e-02 1.132075471698113095e-01 4.371780259858673023e-01
