8.705501618122977181e-01 7.278911564625850650e-01 1.000000000000000000e+00 8.425196850393700254e-01 9.009900990099010132e-01
5.521885521885522286e-01 6.666666666666666574e-02 1.869158878504672758e-02 2.919708029197079849e-02 4.356615838662075690e-01
8.566878980891720063e-01 7.039473684210526550e-01 1.000000000000000000e+00 8.262548262548262690e-01 8.913043478260870289e-01
5.062499999999999778e-01 0.000000000000000000e+00 0.000000000000000000e+00 0.000000000000000000e+00 3.802816901408450634e-01
5.224358974358974672e-01 2.272727272727272790e-02 9.345794392523363789e-03 1.324503311258277971e-02 3.997948484157738402e-01
5.062499999999999778e-01 0.000000000000000000e+00 0.000000000000000000e+00 0.000000000000000000e+00 3.802816901408450634e-01
5.062499999999999778e-01 0.000000000000000000e+00 0.000000000000000000e+00 0.000000000000000000e+00 3.802816901408450634e-01
5.292207792207792583e-01 2.500000000000000139e-02 9.345794392523363789e-03 1.360544217687074606e-02 4.076579718231272964e-01
5.062499999999999778e-01 0.000000000000000000e+00 0.000000000000000000e+00 0.000000000000000000e+00 3.802816901408450634e-01
8.566878980891720063e-01 7.039473684210526550e-01 1.000000000000000000e+00 8.262548262548262690e-01 8.913043478260870289e-01
5.062499999999999778e-01 0.000000000000000000e+00 0.000000000000000000e+00 0.000000000000000000e+00 3.802816901408450634e-01
5.062499999999999778e-01 0.000000000000000000e+00 0.000000000000000000e+00 0.000000000000000000e+00 3.802816901408450634e-01
8.539682539682539320e-01 6.993464052287581278e-01 1.000000000000000000e+00 8.230769230769230393e-01 8.894230769230768718e-01
8.790849673202614234e-01 7.430555555555555802e-01 1.000000000000000000e+00 8.525896414342629681e-01 9.070351758793969710e-01
5.062499999999999778e-01 0.000000000000000000e+00 0.000000000000000000e+00 0.000000000000000000e+00 3.802816901408450634e-01
8.354037267080745011e-01 6.687499999999999556e-01 1.000000000000000000e+00 8.014981273408239293e-01 8.767441860465116088e-01
8.621794871794872250e-01 7.133333333333333748e-01 1.000000000000000000e+00 8.326848249027237747e-01 8.951219512195122130e-01
5.062499999999999778e-01 0.000000000000000000e+00 0.000000000000000000e+00 0.000000000000000000e+00 3.802816901408450634e-01
7.857142857142856984e-01 6.722689075630252642e-01 7.476635514018691309e-01 7.079646017699116056e-01 7.768168503278002346e-01
5.309446254071661375e-01 2.564102564102564014e-02 9.345794392523363789e-03 1.369863013698630061e-02 4.096728971962616539e-01
5.555555555555555802e-01 1.777777777777777846e-01 7.476635514018691031e-02 1.052631578947368501e-01 4.444183534494904331e-01
6.967741935483870996e-01 5.684210526315789380e-01 5.046728971962616273e-01 5.346534653465346842e-01 6.513512269232538676e-01
5.241157556270096274e-01 2.325581395348837177e-02 9.345794392523363789e-03 1.333333333333333245e-02 4.017317207256734801e-01
5.062499999999999778e-01 0.000000000000000000e+00 0.000000000000000000e+00 0.000000000000000000e+00 3.802816901408450634e-01
8.790849673202614234e-01 7.430555555555555802e-01 1.000000000000000000e+00 8.525896414342629681e-01 9.070351758793969710e-01
5.062499999999999778e-01 0.000000000000000000e+00 0.000000000000000000e+00 0.000000000000000000e+00 3.802816901408450634e-01
5.062499999999999778e-01 0.000000000000000000e+00 0.000000000000000000e+00 0.000000000000000000e+00 3.802816901408450634e-01
5.062499999999999778e-01 0.000000000000000000e+00 0.000000000000000000e+00 0.000000000000000000e+00 3.802816901408450634e-01
5.062499999999999778e-01 0.000000000000000000e+00 0.000000000000000000e+00 0.000000000000000000e+00 3.802816901408450634e-01
8.566878980891720063e-01 7.039473684210526550e-01 1.000000000000000000e+00 8.262548262548262690e-01 8.913043478260870289e-01
5.062499999999999778e-01 0.000000000000000000e+00 0.000000000000000000e+00 0.000000000000000000e+00 3.802816901408450634e-01
5.062499999999999778e-01 0.000000000000000000e+00 0.000000000000000000e+00 0.000000000000000000e+00 3.802816901408450634e-01
5.062499999999999778e-01 0.000000000000000000e+00 0.000000000000000000e+00 0.000000000000000000e+00 3.802816901408450634e-01
5.357142857142856984e-01 7.142857142857142461e-02 2.803738317757009310e-02 4.026845637583892357e-02 4.170037662156506619e-01
5.062499999999999778e-01 0.000000000000000000e+00 0.000000000000000000e+00 0.000000000000000000e+00 3.802816901408450634e-01
8.621794871794872250e-01 7.133333333333333748e-01 1.000000000000000000e+00 8.326848249027237747e-01 8.951219512195122130e-01
8.790849673202614234e-01 7.430555555555555802e-01 1.000000000000000000e+00 8.525896414342629681e-01 9.070351758793969710e-01
