5.094339622641509413e-01 0.000000000000000000e+00 0.000000000000000000e+00 0.000000000000000000e+00 3.838862559241705830e-01
5.258064516129031807e-01 2.380952380952380820e-02 9.345794392523363789e-03 1.342281879194630670e-02 4.036876755213847923e-01
5.739436619718309984e-01 6.250000000000000000e-02 9.345794392523363789e-03 1.626016260162601451e-02 4.623000158403294257e-01
8.594249201277954775e-01 7.086092715231787631e-01 1.000000000000000000e+00 8.294573643410853014e-01 8.932038834951455675e-01
8.848684210526315264e-01 7.535211267605633756e-01 1.000000000000000000e+00 8.594377510040159818e-01 9.111675126903553412e-01
5.774647887323943740e-01 1.176470588235294101e-01 1.869158878504672758e-02 3.225806451612902442e-02 4.669729130365911640e-01
8.566878980891720063e-01 7.039473684210526550e-01 1.000000000000000000e+00 8.262548262548262690e-01 8.913043478260870289e-01
5.361842105263158187e-01 2.777777777777777624e-02 9.345794392523363789e-03 1.398601398601398600e-02 4.158404098866169685e-01
5.094339622641509413e-01 0.000000000000000000e+00 0.000000000000000000e+00 0.000000000000000000e+00 3.838862559241705830e-01
6.732026143790850181e-01 5.432098765432098464e-01 4.112149532710280275e-01 4.680851063829786773e-01 6.126426525149110125e-01
5.094339622641509413e-01 0.000000000000000000e+00 0.000000000000000000e+00 0.000000000000000000e+00 3.838862559241705830e-01
6.568627450980392135e-01 5.131578947368421462e-01 3.644859813084111999e-01 4.262295081967212851e-01 5.892781665336026542e-01
5.094339622641509413e-01 0.000000000000000000e+00 0.000000000000000000e+00 0.000000000000000000e+00 3.838862559241705830e-01
7.694915254237287838e-01 7.142857142857143016e-01 6.074766355140186480e-01 6.565656565656565746e-01 7.345893815867965415e-01
8.594249201277954775e-01 7.086092715231787631e-01 1.000000000000000000e+00 8.294573643410853014e-01 8.932038834951455675e-01
5.258064516129031807e-01 2.380952380952380820e-02 9.345794392523363789e-03 1.342281879194630670e-02 4.036876755213847923e-01
8.621794871794872250e-01 7.133333333333333748e-01 1.000000000000000000e+00 8.326848249027237747e-01 8.951219512195122130e-01
8.762214983713354499e-01 7.379310344827586521e-01 1.000000000000000000e+00 8.492063492063492980e-01 9.050000000000000266e-01
5.258064516129031807e-01 2.380952380952380820e-02 9.345794392523363789e-03 1.342281879194630670e-02 4.036876755213847923e-01
5.094339622641509413e-01 0.000000000000000000e+00 0.000000000000000000e+00 0.000000000000000000e+00 3.838862559241705830e-01
5.690789473684210176e-01 2.391304347826087029e-01 1.028037383177570069e-01 1.437908496732026031e-01 4.625693818492337961e-01
8.474025974025973795e-01 7.173913043478260532e-01 9.252336448598130758e-01 8.081632653061224802e-01 8.656018970567722626e-01
5.094339622641509413e-01 0.000000000000000000e+00 0.000000000000000000e+00 0.000000000000000000e+00 3.838862559241705830e-01
5.309446254071661375e-01 2.564102564102564014e-02 9.345794392523363789e-03 1.369863013698630061e-02 4.096728971962616539e-01
7.694915254237287838e-01 7.142857142857143016e-01 6.074766355140186480e-01 6.565656565656565746e-01 7.345893815867965415e-01
8.594249201277954775e-01 7.086092715231787631e-01 1.000000000000000000e+00 8.294573643410853014e-01 8.932038834951455675e-01
6.366559485530546292e-01 4.615384615384615641e-01 3.364485981308411033e-01 3.891891891891891553e-01 5.652831225948323768e-01
5.324675324675324228e-01 4.878048780487805047e-02 1.869158878504672758e-02 2.702702702702702159e-02 4.123308690193890347e-01
5.094339622641509413e-01 0.000000000000000000e+00 0.000000000000000000e+00 0.000000000000000000e+00 3.838862559241705830e-01
5.094339622641509413e-01 0.000000000000000000e+00 0.000000000000000000e+00 0.000000000000000000e+00 3.838862559241705830e-01
5.094339622641509413e-01 0.000000000000000000e+00 0.000000000000000000e+00 0.000000000000000000e+00 3.838862559241705830e-01
8.649517684887459978e-01 7.181208053691274795e-01 1.000000000000000000e+00 8.359375000000000000e-01 8.970588235294117974e-01
5.094339622641509413e-01 0.000000000000000000e+00 0.000000000000000000e+00 0.000000000000000000e+00 3.838862559241705830e-01
8.621794871794872250e-01 7.133333333333333748e-01 1.000000000000000000e+00 8.326848249027237747e-01 8.951219512195122130e-01
8.512658227848101111e-01 6.948051948051947591e-01 1.000000000000000000e+00 8.199233716475095024e-01 8.875598086124402153e-01
8.380062305295949976e-01 6.729559748427672572e-01 1.000000000000000000e+00 8.045112781954886216e-01 8.785046728971962482e-01
5.394736842105263275e-01 5.405405405405405705e-02 1.869158878504672758e-02 2.777777777777777277e-02 4.205133070828787067e-01
