5.275080906148866822e-01 2.439024390243902524e-02 9.345794392523363789e-03 1.351351351351351079e-02 4.056629962061626404e-01
8.512658227848101111e-01 6.948051948051947591e-01 1.000000000000000000e+00 8.199233716475095024e-01 8.875598086124402153e-01
6.775244299674266779e-01 5.476190476190476719e-01 4.299065420560747586e-01 4.816753926701570210e-01 6.199532710280374337e-01
5.275080906148866822e-01 2.439024390243902524e-02 9.345794392523363789e-03 1.351351351351351079e-02 4.056629962061626404e-01
5.309446254071661375e-01 2.564102564102564014e-02 9.345794392523363789e-03 1.369863013698630061e-02 4.096728971962616539e-01
5.466666666666666341e-01 6.060606060606060774e-02 1.869158878504672758e-02 2.857142857142856707e-02 4.290349135635078137e-01
5.094339622641509413e-01 0.000000000000000000e+00 0.000000000000000000e+00 0.000000000000000000e+00 3.838862559241705830e-01
5.379537953795379135e-01 2.857142857142857054e-02 9.345794392523363789e-03 1.408450704225351971e-02 4.179382033187106216e-01
8.762214983713354499e-01 7.379310344827586521e-01 1.000000000000000000e+00 8.492063492063492980e-01 9.050000000000000266e-01
8.621794871794872250e-01 7.133333333333333748e-01 1.000000000000000000e+00 8.326848249027237747e-01 8.951219512195122130e-01
6.334405144694533751e-01 4.545454545454545303e-01 3.271028037383177378e-01 3.804347826086956208e-01 5.606102253985706385e-01
9.109589041095890183e-01 8.188976377952755792e-01 9.719626168224299034e-01 8.888888888888888395e-01 9.238191462490527028e-01
5.273311897106108814e-01 4.545454545454545581e-02 1.869158878504672758e-02 2.649006622516555942e-02 4.064046179219351629e-01
5.224358974358974672e-01 2.272727272727272790e-02 9.345794392523363789e-03 1.324503311258277971e-02 3.997948484157738402e-01
8.380062305295949976e-01 6.729559748427672572e-01 1.000000000000000000e+00 8.045112781954886216e-01 8.785046728971962482e-01
5.094339622641509413e-01 0.000000000000000000e+00 0.000000000000000000e+00 0.000000000000000000e+00 3.838862559241705830e-01
5.094339622641509413e-01 0.000000000000000000e+00 0.000000000000000000e+00 0.000000000000000000e+00 3.838862559241705830e-01
8.539682539682539320e-01 6.993464052287581278e-01 1.000000000000000000e+00 8.230769230769230393e-01 8.894230769230768718e-01
5.094339622641509413e-01 0.000000000000000000e+00 0.000000000000000000e+00 0.000000000000000000e+00 3.838862559241705830e-01
8.762214983713354499e-01 7.379310344827586521e-01 1.000000000000000000e+00 8.492063492063492980e-01 9.050000000000000266e-01
6.020408163265306145e-01 3.750000000000000000e-01 1.401869158878504551e-01 2.040816326530611735e-01 5.032485381578288841e-01
5.094339622641509413e-01 0.000000000000000000e+00 0.000000000000000000e+00 0.000000000000000000e+00 3.838862559241705830e-01
5.094339622641509413e-01 0.000000000000000000e+00 0.000000000000000000e+00 0.000000000000000000e+00 3.838862559241705830e-01
8.762214983713354499e-01 7.379310344827586521e-01 1.000000000000000000e+00 8.492063492063492980e-01 9.050000000000000266e-01
5.224358974358974672e-01 2.272727272727272790e-02 9.345794392523363789e-03 1.324503311258277971e-02 3.997948484157738402e-01
8.380062305295949976e-01 6.729559748427672572e-01 1.000000000000000000e+00 8.045112781954886216e-01 8.785046728971962482e-01
5.094339622641509413e-01 0.000000000000000000e+00 0.000000000000000000e+00 0.000000000000000000e+00 3.838862559241705830e-01
5.094339622641509413e-01 0.000000000000000000e+00 0.000000000000000000e+00 0.000000000000000000e+00 3.838862559241705830e-01
5.094339622641509413e-01 0.000000000000000000e+00 0.000000000000000000e+00 0.000000000000000000e+00 3.838862559241705830e-01
5.620689655172413923e-01 4.545454545454545581e-02 9.345794392523363789e-03 1.550387596899224611e-02 4.472958480159337502e-01
5.488215488215488769e-01 3.448275862068965469e-02 9.345794392523363789e-03 1.470588235294117453e-02 4.309886866699458308e-01
5.292207792207792583e-01 2.500000000000000139e-02 9.345794392523363789e-03 1.360544217687074606e-02 4.076579718231272964e-01
8.733766233766233622e-01 7.328767123287671659e-01 1.000000000000000000e+00 8.458498023715415037e-01 9.029850746268657247e-01
8.677419354838710186e-01 7.229729729729730270e-01 1.000000000000000000e+00 8.392156862745098200e-01 8.990147783251232205e-01
5.224358974358974672e-01 2.272727272727272790e-02 9.345794392523363789e-03 1.324503311258277971e-02 3.997948484157738402e-01
5.094339622641509413e-01 0.000000000000000000e+00 0.000000000000000000e+00 0.000000000000000000e+00 3.838862559241705830e-01
5.275080906148866822e-01 2.439024390243902524e-02 9.345794392523363789e-03 1.351351351351351079e-02 4.056629962061626404e-01
