8.594249201277954775e-01 7.086092715231787631e-01 1.000000000000000000e+00 8.294573643410853014e-01 8.932038834951455675e-01
5.809859154929577496e-01 1.666666666666666574e-01 2.803738317757009310e-02 4.800000000000000100e-02 4.716458102328527913e-01
8.566878980891720063e-01 7.039473684210526550e-01 1.000000000000000000e+00 8.262548262548262690e-01 8.913043478260870289e-01
5.094339622641509413e-01 0.000000000000000000e+00 0.000000000000000000e+00 0.000000000000000000e+00 3.838862559241705830e-01
5.544217687074829426e-01 3.846153846153846367e-02 9.345794392523363789e-03 1.503759398496240518e-02 4.378279774101653810e-01
5.469798657718121238e-01 3.333333333333333287e-02 9.345794392523363789e-03 1.459854014598539924e-02 4.287566668297694839e-01
5.094339622641509413e-01 0.000000000000000000e+00 0.000000000000000000e+00 0.000000000000000000e+00 3.838862559241705830e-01
5.344262295081967373e-01 2.702702702702702853e-02 9.345794392523363789e-03 1.388888888888888638e-02 4.137638062871706879e-01
5.640138408304498085e-01 4.761904761904761640e-02 9.345794392523363789e-03 1.562499999999999827e-02 4.497278422512066554e-01
5.928338762214984126e-01 3.448275862068965747e-01 1.869158878504672827e-01 2.424242424242424310e-01 4.984579439252336819e-01
5.094339622641509413e-01 0.000000000000000000e+00 0.000000000000000000e+00 0.000000000000000000e+00 3.838862559241705830e-01
5.309446254071661375e-01 2.564102564102564014e-02 9.345794392523363789e-03 1.369863013698630061e-02 4.096728971962616539e-01
8.566878980891720063e-01 7.039473684210526550e-01 1.000000000000000000e+00 8.262548262548262690e-01 8.913043478260870289e-01
8.848684210526315264e-01 7.535211267605633756e-01 1.000000000000000000e+00 8.594377510040159818e-01 9.111675126903553412e-01
5.094339622641509413e-01 0.000000000000000000e+00 0.000000000000000000e+00 0.000000000000000000e+00 3.838862559241705830e-01
8.594249201277954775e-01 7.086092715231787631e-01 1.000000000000000000e+00 8.294573643410853014e-01 8.932038834951455675e-01
8.762214983713354499e-01 7.379310344827586521e-01 1.000000000000000000e+00 8.492063492063492980e-01 9.050000000000000266e-01
5.094339622641509413e-01 0.000000000000000000e+00 0.000000000000000000e+00 0.000000000000000000e+00 3.838862559241705830e-01
8.143322475570032859e-01 6.984126984126983739e-01 8.224299065420560551e-01 7.553648068669528426e-01 8.162149532710281097e-01
6.699669966996699699e-01 5.466666666666666341e-01 3.831775700934579310e-01 4.505494505494505586e-01 6.048540911691778765e-01
5.322580645161290036e-01 6.818181818181817677e-02 2.803738317757009310e-02 3.973509933774833913e-02 4.130334699139081578e-01
5.241157556270096274e-01 2.325581395348837177e-02 9.345794392523363789e-03 1.333333333333333245e-02 4.017317207256734801e-01
5.275080906148866822e-01 2.439024390243902524e-02 9.345794392523363789e-03 1.351351351351351079e-02 4.056629962061626404e-01
5.357142857142856984e-01 7.142857142857142461e-02 2.803738317757009310e-02 4.026845637583892357e-02 4.170037662156506619e-01
8.848684210526315264e-01 7.535211267605633756e-01 1.000000000000000000e+00 8.594377510040159818e-01 9.111675126903553412e-01
5.094339622641509413e-01 0.000000000000000000e+00 0.000000000000000000e+00 0.000000000000000000e+00 3.838862559241705830e-01
5.207667731629392893e-01 2.222222222222222307e-02 9.345794392523363789e-03 1.315789473684210627e-02 3.978767806914072502e-01
5.094339622641509413e-01 0.000000000000000000e+00 0.000000000000000000e+00 0.000000000000000000e+00 3.838862559241705830e-01
5.094339622641509413e-01 0.000000000000000000e+00 0.000000000000000000e+00 0.000000000000000000e+00 3.838862559241705830e-01
6.559485530546623755e-01 5.000000000000000000e-01 3.925233644859812965e-01 4.397905759162303307e-01 5.933205057724024734e-01
5.094339622641509413e-01 0.000000000000000000e+00 0.000000000000000000e+00 0.000000000000000000e+00 3.838862559241705830e-01
5.258064516129031807e-01 2.380952380952380820e-02 9.345794392523363789e-03 1.342281879194630670e-02 4.036876755213847923e-01
5.525423728813558810e-01 3.703703703703703498e-02 9.345794392523363789e-03 1.492537313432835792e-02 4.355239610260488448e-01
5.481727574750830945e-01 8.571428571428571508e-02 2.803738317757009310e-02 4.225352112676056260e-02 4.315444647846612969e-01
5.094339622641509413e-01 0.000000000000000000e+00 0.000000000000000000e+00 0.000000000000000000e+00 3.838862559241705830e-01
8.539682539682539320e-01 6.993464052287581278e-01 1.000000000000000000e+00 8.230769230769230393e-01 8.894230769230768718e-01
8.848684210526315264e-01 7.535211267605633756e-01 1.000000000000000000e+00 8.594377510040159818e-01 9.111675126903553412e-01
