9.285714285714286031e-01 8.230769230769230393e-01 1.000000000000000000e+00 9.029535864978902593e-01 9.465116279069767380e-01
6.930693069306930187e-01 6.458333333333333703e-01 2.897196261682242757e-01 3.999999999999999667e-01 6.014924661453365795e-01
9.285714285714286031e-01 8.230769230769230393e-01 1.000000000000000000e+00 9.029535864978902593e-01 9.465116279069767380e-01
5.239852398523985322e-01 0.000000000000000000e+00 0.000000000000000000e+00 0.000000000000000000e+00 4.329268292682926789e-01
5.000000000000000000e-01 0.000000000000000000e+00 0.000000000000000000e+00 0.000000000000000000e+00 4.424460431654676507e-01
5.703422053231939071e-01 0.000000000000000000e+00 0.000000000000000000e+00 0.000000000000000000e+00 4.807692307692307820e-01
5.364963503649634591e-01 0.000000000000000000e+00 0.000000000000000000e+00 0.000000000000000000e+00 4.401197604790418882e-01
7.328990228013029240e-01 6.923076923076922906e-01 4.205607476635513930e-01 5.232558139534884134e-01 6.602803738317757354e-01
6.051779935275081179e-01 1.428571428571428492e-01 2.803738317757009310e-02 4.687499999999999306e-02 4.694642361432404543e-01
9.285714285714286031e-01 8.230769230769230393e-01 1.000000000000000000e+00 9.029535864978902593e-01 9.465116279069767380e-01
8.911564625850340038e-01 8.378378378378378288e-01 8.691588785046728827e-01 8.532110091743118074e-01 8.864510970063471662e-01
7.517985611510791255e-01 8.166666666666666519e-01 4.579439252336448551e-01 5.868263473053891843e-01 6.968082199267638943e-01
9.285714285714286031e-01 8.230769230769230393e-01 1.000000000000000000e+00 9.029535864978902593e-01 9.465116279069767380e-01
9.285714285714286031e-01 8.230769230769230393e-01 1.000000000000000000e+00 9.029535864978902593e-01 9.465116279069767380e-01
8.178694158075601184e-01 8.000000000000000444e-01 6.728971962616822067e-01 7.309644670050762238e-01 7.875355546525802941e-01
9.343749999999999556e-01 8.359375000000000000e-01 1.000000000000000000e+00 9.106382978723404076e-01 9.507042253521127417e-01
9.577922077922077504e-01 8.916666666666667185e-01 1.000000000000000000e+00 9.427312775330397576e-01 9.676616915422885379e-01
6.780821917808219634e-01 6.382978723404255650e-01 2.803738317757009102e-01 3.896103896103895736e-01 5.942409699419045621e-01
9.343749999999999556e-01 8.359375000000000000e-01 1.000000000000000000e+00 9.106382978723404076e-01 9.507042253521127417e-01
9.285714285714286031e-01 8.230769230769230393e-01 1.000000000000000000e+00 9.029535864978902593e-01 9.465116279069767380e-01
7.109634551495016552e-01 6.724137931034482873e-01 3.644859813084111999e-01 4.727272727272727182e-01 6.332739184892570705e-01
7.306397306397306446e-01 7.647058823529411242e-01 3.644859813084111999e-01 4.936708860759493334e-01 6.506640432857845324e-01
9.398734177215190000e-01 8.492063492063491870e-01 1.000000000000000000e+00 9.184549356223175032e-01 9.545454545454544748e-01
9.575163398692810857e-01 8.916666666666667185e-01 1.000000000000000000e+00 9.427312775330397576e-01 9.673366834170854522e-01
9.285714285714286031e-01 8.230769230769230393e-01 1.000000000000000000e+00 9.029535864978902593e-01 9.465116279069767380e-01
8.178694158075601184e-01 8.000000000000000444e-01 6.728971962616822067e-01 7.309644670050762238e-01 7.875355546525802941e-01
5.122950819672130729e-01 2.500000000000000000e-01 5.607476635514018620e-02 9.160305343511450371e-02 4.623439525206357592e-01
6.013513513513513153e-01 2.380952380952380820e-01 4.672897196261682068e-02 7.812500000000000000e-02 4.810364436532660326e-01
5.210727969348658561e-01 1.250000000000000000e-01 2.803738317757009310e-02 4.580152671755725186e-02 4.458368734069668160e-01
5.830258302583025687e-01 4.000000000000000222e-01 1.121495327102803724e-01 1.751824817518248256e-01 5.011967175746523395e-01
9.285714285714286031e-01 8.230769230769230393e-01 1.000000000000000000e+00 9.029535864978902593e-01 9.465116279069767380e-01
4.434782608695652106e-01 0.000000000000000000e+00 0.000000000000000000e+00 0.000000000000000000e+00 4.146341463414633943e-01
7.813504823151125045e-01 7.671232876712328341e-01 5.233644859813083583e-01 6.222222222222221211e-01 7.200155763239874940e-01
6.743421052631578538e-01 5.952380952380952328e-01 2.336448598130841103e-01 3.355704697986577334e-01 5.736752217847145285e-01
9.049180327868852070e-01 8.362068965517240882e-01 9.065420560747663448e-01 8.699551569506727144e-01 9.052912300575852722e-01
5.884353741496598511e-01 2.500000000000000000e-01 6.542056074766354479e-02 1.037037037037036868e-01 4.765605477535108658e-01
9.285714285714286031e-01 8.230769230769230393e-01 1.000000000000000000e+00 9.029535864978902593e-01 9.465116279069767380e-01
