5.496183206106870500e-01 0.000000000000000000e+00 0.000000000000000000e+00 0.000000000000000000e+00 4.645161290322580849e-01
8.440677966101695073e-01 8.210526315789473673e-01 7.289719626168223998e-01 7.722772277227722970e-01 8.192732153509642012e-01
5.421686746987951500e-01 3.157894736842105088e-01 5.607476635514018620e-02 9.523809523809524669e-02 4.822627352902461584e-01
5.909090909090909394e-01 3.076923076923077094e-01 7.476635514018691031e-02 1.203007518796992414e-01 4.871038479611549121e-01
4.808510638297872064e-01 0.000000000000000000e+00 0.000000000000000000e+00 0.000000000000000000e+00 4.414062500000000000e-01
6.027874564459930751e-01 3.599999999999999867e-01 8.411214953271027583e-02 1.363636363636363535e-01 4.976116303219106363e-01
5.855513307984790972e-01 4.545454545454545303e-01 9.345794392523364136e-02 1.550387596899225062e-01 5.082674335010783917e-01
5.207547169811320709e-01 0.000000000000000000e+00 0.000000000000000000e+00 0.000000000000000000e+00 4.367088607594936667e-01
9.549839228295819993e-01 8.842975206611570771e-01 1.000000000000000000e+00 9.385964912280702066e-01 9.656862745098039325e-01
7.236842105263158187e-01 7.555555555555555358e-01 3.177570093457943723e-01 4.473684210526315264e-01 6.309597229470088608e-01
4.474885844748858199e-01 0.000000000000000000e+00 0.000000000000000000e+00 0.000000000000000000e+00 4.375000000000000000e-01
5.398550724637680709e-01 0.000000000000000000e+00 0.000000000000000000e+00 0.000000000000000000e+00 4.408284023668639362e-01
7.482269503546099543e-01 8.599999999999999867e-01 4.018691588785046620e-01 5.477707006369426646e-01 6.809345794392522855e-01
5.000000000000000000e-01 0.000000000000000000e+00 0.000000000000000000e+00 0.000000000000000000e+00 4.397163120567376127e-01
9.373040752351097238e-01 8.425196850393700254e-01 1.000000000000000000e+00 9.145299145299145005e-01 9.528301886792452935e-01
8.721311475409836422e-01 8.777777777777777679e-01 7.383177570093457653e-01 8.020304568527918399e-01 8.413811007268950926e-01
5.836065573770491399e-01 0.000000000000000000e+00 0.000000000000000000e+00 0.000000000000000000e+00 4.494949494949495028e-01
5.704697986577180746e-01 0.000000000000000000e+00 0.000000000000000000e+00 0.000000000000000000e+00 4.450261780104711740e-01
5.563636363636363935e-01 0.000000000000000000e+00 0.000000000000000000e+00 0.000000000000000000e+00 4.553571428571428492e-01
4.360189573459715695e-01 0.000000000000000000e+00 0.000000000000000000e+00 0.000000000000000000e+00 4.423076923076922906e-01
8.345070422535211252e-01 8.846153846153845812e-01 6.448598130841121101e-01 7.459459459459458763e-01 7.970061777284966897e-01
4.196428571428571508e-01 0.000000000000000000e+00 0.000000000000000000e+00 0.000000000000000000e+00 4.017094017094017255e-01
4.979423868312757295e-01 0.000000000000000000e+00 0.000000000000000000e+00 0.000000000000000000e+00 4.448529411764705621e-01
9.639344262295082011e-01 9.067796610169491789e-01 1.000000000000000000e+00 9.511111111111111294e-01 9.722222222222222099e-01
5.000000000000000000e-01 0.000000000000000000e+00 0.000000000000000000e+00 0.000000000000000000e+00 4.397163120567376127e-01
9.373040752351097238e-01 8.425196850393700254e-01 1.000000000000000000e+00 9.145299145299145005e-01 9.528301886792452935e-01
5.642857142857142794e-01 0.000000000000000000e+00 0.000000000000000000e+00 0.000000000000000000e+00 4.566473988439306297e-01
4.680851063829787329e-01 0.000000000000000000e+00 0.000000000000000000e+00 0.000000000000000000e+00 4.296875000000000000e-01
5.789473684210526550e-01 0.000000000000000000e+00 0.000000000000000000e+00 0.000000000000000000e+00 4.467005076142132047e-01
5.923344947735191823e-01 1.428571428571428492e-01 1.869158878504672758e-02 3.305785123966941547e-02 4.760124610591900396e-01
5.163934426229508379e-01 0.000000000000000000e+00 0.000000000000000000e+00 0.000000000000000000e+00 4.598540145985401395e-01
6.083916083916084405e-01 0.000000000000000000e+00 0.000000000000000000e+00 0.000000000000000000e+00 4.860335195530726127e-01
6.077738515901059957e-01 4.230769230769230727e-01 1.028037383177570069e-01 1.654135338345864847e-01 5.087882327952421013e-01
6.199999999999999956e-01 3.478260869565217295e-01 7.476635514018691031e-02 1.230769230769230560e-01 4.985230739431504299e-01
4.900398406374502080e-01 0.000000000000000000e+00 0.000000000000000000e+00 0.000000000000000000e+00 4.270833333333333148e-01
5.230769230769231060e-01 0.000000000000000000e+00 0.000000000000000000e+00 0.000000000000000000e+00 4.444444444444444198e-01
9.549839228295819993e-01 8.842975206611570771e-01 1.000000000000000000e+00 9.385964912280702066e-01 9.656862745098039325e-01
