5.945017182130584166e-01 0.000000000000000000e+00 0.000000000000000000e+00 0.000000000000000000e+00 4.701086956521738913e-01
5.847176079734219822e-01 0.000000000000000000e+00 0.000000000000000000e+00 0.000000000000000000e+00 4.536082474226804107e-01
5.821917808219178037e-01 0.000000000000000000e+00 0.000000000000000000e+00 0.000000000000000000e+00 4.594594594594594295e-01
9.423076923076922906e-01 8.559999999999999831e-01 1.000000000000000000e+00 9.224137931034482873e-01 9.560975609756098281e-01
5.155038759689922756e-01 0.000000000000000000e+00 0.000000000000000000e+00 0.000000000000000000e+00 4.403973509933775121e-01
5.379061371841155070e-01 0.000000000000000000e+00 0.000000000000000000e+00 0.000000000000000000e+00 4.382352941176470562e-01
5.618374558303886879e-01 0.000000000000000000e+00 0.000000000000000000e+00 0.000000000000000000e+00 4.517045454545454697e-01
9.606557377049180779e-01 8.991596638655462437e-01 1.000000000000000000e+00 9.469026548672566657e-01 9.696969696969697239e-01
5.660377358490565891e-01 3.333333333333333148e-01 7.476635514018691031e-02 1.221374045801526531e-01 4.867502661776884065e-01
6.766666666666666385e-01 6.136363636363636465e-01 2.523364485981308136e-01 3.576158940397350383e-01 5.821267735218632611e-01
4.917355371900826722e-01 0.000000000000000000e+00 0.000000000000000000e+00 0.000000000000000000e+00 4.407407407407407662e-01
4.386792452830188815e-01 0.000000000000000000e+00 0.000000000000000000e+00 0.000000000000000000e+00 4.428571428571428381e-01
9.519230769230768718e-01 8.770491803278688270e-01 1.000000000000000000e+00 9.344978165938864212e-01 9.634146341463415419e-01
5.986159169550172576e-01 2.631578947368420907e-01 4.672897196261682068e-02 7.936507936507936067e-02 4.849029475197699224e-01
8.058252427184465772e-01 7.974683544303797778e-01 5.887850467289719170e-01 6.774193548387097419e-01 7.547885629684464304e-01
5.410447761194029370e-01 0.000000000000000000e+00 0.000000000000000000e+00 0.000000000000000000e+00 4.503105590062111974e-01
6.348684210526315264e-01 4.090909090909091161e-01 8.411214953271027583e-02 1.395348837209302306e-01 5.090611509084871367e-01
8.414239482200647213e-01 8.085106382978722861e-01 7.102803738317756688e-01 7.562189054726367043e-01 8.105857314703434069e-01
5.241635687732342230e-01 0.000000000000000000e+00 0.000000000000000000e+00 0.000000000000000000e+00 4.351851851851851749e-01
5.367647058823529216e-01 0.000000000000000000e+00 0.000000000000000000e+00 0.000000000000000000e+00 4.424242424242424421e-01
4.413145539906103143e-01 0.000000000000000000e+00 0.000000000000000000e+00 0.000000000000000000e+00 4.433962264150943522e-01
5.783972125435540290e-01 0.000000000000000000e+00 0.000000000000000000e+00 0.000000000000000000e+00 4.611111111111111382e-01
5.373134328358208922e-01 0.000000000000000000e+00 0.000000000000000000e+00 0.000000000000000000e+00 4.472049689440993903e-01
5.792880258899676393e-01 0.000000000000000000e+00 0.000000000000000000e+00 0.000000000000000000e+00 4.430693069306930743e-01
5.986159169550172576e-01 2.631578947368420907e-01 4.672897196261682068e-02 7.936507936507936067e-02 4.849029475197699224e-01
8.058252427184465772e-01 7.974683544303797778e-01 5.887850467289719170e-01 6.774193548387097419e-01 7.547885629684464304e-01
5.734265734265734382e-01 0.000000000000000000e+00 0.000000000000000000e+00 0.000000000000000000e+00 4.581005586592178935e-01
5.508771929824561875e-01 0.000000000000000000e+00 0.000000000000000000e+00 0.000000000000000000e+00 4.410112359550562022e-01
5.040983606557376540e-01 0.000000000000000000e+00 0.000000000000000000e+00 0.000000000000000000e+00 4.489051094890511018e-01
6.482758620689654805e-01 5.675675675675675436e-01 1.962616822429906482e-01 2.916666666666666852e-01 5.544149941269598258e-01
6.275862068965517571e-01 4.857142857142857095e-01 1.588785046728971861e-01 2.394366197183098732e-01 5.302589244675961488e-01
9.517684887459807452e-01 8.770491803278688270e-01 1.000000000000000000e+00 9.344978165938864212e-01 9.632352941176470784e-01
5.261194029850746468e-01 0.000000000000000000e+00 0.000000000000000000e+00 0.000000000000000000e+00 4.378881987577639689e-01
4.621848739495798553e-01 0.000000000000000000e+00 0.000000000000000000e+00 0.000000000000000000e+00 4.198473282442748422e-01
9.285714285714286031e-01 8.230769230769230393e-01 1.000000000000000000e+00 9.029535864978902593e-01 9.465116279069767380e-01
8.394648829431438086e-01 7.979797979797980112e-01 7.383177570093457653e-01 7.669902912621360258e-01 8.170755451713395123e-01
7.973856209150327334e-01 7.848101265822784445e-01 5.794392523364485514e-01 6.666666666666665186e-01 7.470060583290282219e-01
