8.643533123028390719e-01 7.133333333333333748e-01 1.000000000000000000e+00 8.326848249027237747e-01 8.976190476190476497e-01
6.101083032490974833e-01 4.000000000000000222e-01 1.869158878504672758e-02 3.571428571428571230e-02 5.005222649807585800e-01
8.838709677419355204e-01 7.482517482517482277e-01 1.000000000000000000e+00 8.559999999999999831e-01 9.113300492610837411e-01
5.501618122977346426e-01 7.894736842105262720e-02 2.803738317757009310e-02 4.137931034482758563e-02 4.273850282224483932e-01
5.675675675675675436e-01 4.347826086956521618e-02 9.345794392523363789e-03 1.538461538461538200e-02 4.464718389952034294e-01
5.600000000000000533e-01 3.703703703703703498e-02 9.345794392523363789e-03 1.492537313432835792e-02 4.373153842428937343e-01
5.753424657534246256e-01 5.263157894736841813e-02 9.345794392523363789e-03 1.587301587301587213e-02 4.560242485476129759e-01
5.714285714285713969e-01 4.761904761904761640e-02 9.345794392523363789e-03 1.562499999999999827e-02 4.511969613673846302e-01
5.874125874125873947e-01 7.692307692307692735e-02 9.345794392523363789e-03 1.666666666666666644e-02 4.711533441236359088e-01
6.350877192982455899e-01 5.600000000000000533e-01 1.308411214953270896e-01 2.121212121212120993e-01 5.345216843431691567e-01
5.301587301587301626e-01 0.000000000000000000e+00 0.000000000000000000e+00 0.000000000000000000e+00 4.014423076923077094e-01
5.600000000000000533e-01 3.703703703703703498e-02 9.345794392523363789e-03 1.492537313432835792e-02 4.373153842428937343e-01
8.698412698412698596e-01 7.229729729729730270e-01 1.000000000000000000e+00 8.392156862745098200e-01 9.014423076923077094e-01
9.072847682119205004e-01 7.925925925925926263e-01 1.000000000000000000e+00 8.842975206611569661e-01 9.282051282051282382e-01
5.401929260450161197e-01 2.631578947368420907e-02 9.345794392523363789e-03 1.379310344827586188e-02 4.139866226864576948e-01
8.983606557377049606e-01 7.753623188405797118e-01 1.000000000000000000e+00 8.734693877551020780e-01 9.217171717171717127e-01
8.782051282051281937e-01 7.379310344827586521e-01 1.000000000000000000e+00 8.492063492063492980e-01 9.073170731707317360e-01
5.301587301587301626e-01 0.000000000000000000e+00 0.000000000000000000e+00 0.000000000000000000e+00 4.014423076923077094e-01
6.306620209059233817e-01 5.185185185185184897e-01 1.308411214953270896e-01 2.089552238805970075e-01 5.293094496365524648e-01
5.714285714285713969e-01 4.761904761904761640e-02 9.345794392523363789e-03 1.562499999999999827e-02 4.511969613673846302e-01
5.671140939597315578e-01 7.692307692307692735e-02 1.869158878504672758e-02 3.007518796992481036e-02 4.465185692616333024e-01
5.793103448275862544e-01 5.882352941176470507e-02 9.345794392523363789e-03 1.612903225806451221e-02 4.609570502017261151e-01
5.714285714285713969e-01 4.761904761904761640e-02 9.345794392523363789e-03 1.562499999999999827e-02 4.511969613673846302e-01
6.187290969899665871e-01 4.186046511627907196e-01 1.682242990654205517e-01 2.400000000000000189e-01 5.190079828660436601e-01
9.072847682119205004e-01 7.925925925925926263e-01 1.000000000000000000e+00 8.842975206611569661e-01 9.282051282051282382e-01
5.401929260450161197e-01 2.631578947368420907e-02 9.345794392523363789e-03 1.379310344827586188e-02 4.139866226864576948e-01
5.827586206896552268e-01 1.111111111111111049e-01 1.869158878504672758e-02 3.200000000000000067e-02 4.656299473979878534e-01
5.537459283387622389e-01 8.333333333333332871e-02 2.803738317757009310e-02 4.195804195804195280e-02 4.315186915887849750e-01
5.301587301587301626e-01 0.000000000000000000e+00 0.000000000000000000e+00 0.000000000000000000e+00 4.014423076923077094e-01
8.867313915857605311e-01 7.535211267605633756e-01 1.000000000000000000e+00 8.594377510040159818e-01 9.133663366336634004e-01
5.526315789473684736e-01 3.225806451612903136e-02 9.345794392523363789e-03 1.449275362318840250e-02 4.285307652165661896e-01
5.637583892617449299e-01 4.000000000000000083e-02 9.345794392523363789e-03 1.515151515151515020e-02 4.418456720653715641e-01
5.637583892617449299e-01 4.000000000000000083e-02 9.345794392523363789e-03 1.515151515151515020e-02 4.418456720653715641e-01
6.306620209059233817e-01 5.185185185185184897e-01 1.308411214953270896e-01 2.089552238805970075e-01 5.293094496365524648e-01
6.089965397923875479e-01 3.750000000000000000e-01 8.411214953271027583e-02 1.374045801526717347e-01 5.008472835575638049e-01
8.838709677419355204e-01 7.482517482517482277e-01 1.000000000000000000e+00 8.559999999999999831e-01 9.113300492610837411e-01
9.072847682119205004e-01 7.925925925925926263e-01 1.000000000000000000e+00 8.842975206611569661e-01 9.282051282051282382e-01
