5.522875816993464415e-01 5.882352941176470507e-02 1.869158878504672758e-02 2.836879432624113059e-02 4.289437843422720942e-01
5.504885993485342244e-01 5.714285714285714107e-02 1.869158878504672758e-02 2.816901408450703942e-02 4.268457943925233478e-01
6.043165467625899456e-01 2.000000000000000111e-01 9.345794392523363789e-03 1.785714285714285615e-02 4.929769907635130899e-01
8.925081433224755223e-01 7.642857142857142350e-01 1.000000000000000000e+00 8.663967611336031993e-01 9.174999999999999822e-01
8.954248366013072280e-01 7.697841726618704916e-01 1.000000000000000000e+00 8.699186991869918284e-01 9.195979899497487287e-01
6.557971014492753881e-01 8.750000000000000000e-01 1.308411214953270896e-01 2.276422764227641893e-01 5.595034009843500300e-01
8.838709677419355204e-01 7.482517482517482277e-01 1.000000000000000000e+00 8.559999999999999831e-01 9.113300492610837411e-01
5.816993464052288010e-01 2.558139534883721034e-01 1.028037383177570069e-01 1.466666666666666674e-01 4.709998591086271835e-01
5.537459283387622389e-01 8.333333333333332871e-02 2.803738317757009310e-02 4.195804195804195280e-02 4.315186915887849750e-01
8.983606557377049606e-01 7.753623188405797118e-01 1.000000000000000000e+00 8.734693877551020780e-01 9.217171717171717127e-01
5.526315789473684736e-01 3.225806451612903136e-02 9.345794392523363789e-03 1.449275362318840250e-02 4.285307652165661896e-01
6.655290102389078699e-01 5.957446808510638014e-01 2.616822429906541791e-01 3.636363636363635909e-01 5.797658526781227506e-01
5.301587301587301626e-01 0.000000000000000000e+00 0.000000000000000000e+00 0.000000000000000000e+00 4.014423076923077094e-01
8.911564625850340038e-01 8.260869565217391353e-01 8.878504672897196137e-01 8.558558558558557738e-01 8.904492978159828098e-01
8.782051282051281937e-01 7.379310344827586521e-01 1.000000000000000000e+00 8.492063492063492980e-01 9.073170731707317360e-01
5.874125874125873947e-01 7.692307692307692735e-02 9.345794392523363789e-03 1.666666666666666644e-02 4.711533441236359088e-01
8.896103896103896291e-01 7.588652482269503396e-01 1.000000000000000000e+00 8.629032258064516236e-01 9.154228855721393554e-01
9.102990033222591038e-01 7.985074626865671377e-01 1.000000000000000000e+00 8.879668049792530660e-01 9.304123711340206437e-01
5.526315789473684736e-01 3.225806451612903136e-02 9.345794392523363789e-03 1.449275362318840250e-02 4.285307652165661896e-01
5.973597359735973722e-01 3.255813953488372325e-01 1.308411214953270896e-01 1.866666666666666474e-01 4.914409689109288659e-01
6.123188405797101996e-01 5.000000000000000000e-01 1.869158878504672758e-02 3.603603603603603572e-02 5.034286346292098369e-01
8.782051282051281937e-01 7.379310344827586521e-01 1.000000000000000000e+00 8.492063492063492980e-01 9.073170731707317360e-01
5.469255663430421244e-01 5.405405405405405705e-02 1.869158878504672758e-02 2.777777777777777277e-02 4.227121310261867659e-01
5.301587301587301626e-01 0.000000000000000000e+00 0.000000000000000000e+00 0.000000000000000000e+00 4.014423076923077094e-01
8.911564625850340038e-01 8.260869565217391353e-01 8.878504672897196137e-01 8.558558558558557738e-01 8.904492978159828098e-01
8.782051282051281937e-01 7.379310344827586521e-01 1.000000000000000000e+00 8.492063492063492980e-01 9.073170731707317360e-01
7.766666666666666163e-01 7.173913043478260532e-01 6.168224299065420135e-01 6.633165829145728498e-01 7.410537019999030584e-01
6.203389830508474478e-01 4.324324324324324564e-01 1.495327102803738206e-01 2.222222222222221821e-01 5.189152913103997067e-01
5.882352941176470784e-01 1.666666666666666574e-01 2.803738317757009310e-02 4.800000000000000100e-02 4.728099003799937639e-01
5.401929260450161197e-01 2.631578947368420907e-02 9.345794392523363789e-03 1.379310344827586188e-02 4.139866226864576948e-01
5.952380952380952328e-01 2.857142857142856984e-01 7.476635514018691031e-02 1.185185185185184953e-01 4.839072417412164651e-01
8.838709677419355204e-01 7.482517482517482277e-01 1.000000000000000000e+00 8.559999999999999831e-01 9.113300492610837411e-01
5.436893203883494952e-01 2.777777777777777624e-02 9.345794392523363789e-03 1.398601398601398600e-02 4.180392338299250277e-01
9.042904290429042424e-01 7.867647058823529216e-01 1.000000000000000000e+00 8.806584362139917577e-01 9.260204081632652517e-01
8.867313915857605311e-01 7.535211267605633756e-01 1.000000000000000000e+00 8.594377510040159818e-01 9.133663366336634004e-01
8.670886075949366667e-01 7.181208053691274795e-01 1.000000000000000000e+00 8.359375000000000000e-01 8.995215311004784997e-01
6.046511627906976383e-01 3.571428571428571508e-01 1.401869158878504551e-01 2.013422818791946178e-01 5.005058290779458297e-01
