5.656565656565656353e-01 4.166666666666666435e-02 9.345794392523363789e-03 1.526717557251908164e-02 4.441465814067879214e-01
8.726114649681528945e-01 7.278911564625850650e-01 1.000000000000000000e+00 8.425196850393700254e-01 9.033816425120773097e-01
5.714285714285713969e-01 4.761904761904761640e-02 9.345794392523363789e-03 1.562499999999999827e-02 4.511969613673846302e-01
7.692307692307692735e-01 6.576576576576577127e-01 6.822429906542055722e-01 6.697247706422017055e-01 7.484385684978346331e-01
5.301587301587301626e-01 0.000000000000000000e+00 0.000000000000000000e+00 0.000000000000000000e+00 4.014423076923077094e-01
5.985915492957746276e-01 2.307692307692307820e-01 2.803738317757009310e-02 4.999999999999999584e-02 4.857701040181635066e-01
5.833333333333333703e-01 6.666666666666666574e-02 9.345794392523363789e-03 1.639344262295081706e-02 4.659988640470903443e-01
5.853658536585365502e-01 7.142857142857142461e-02 9.345794392523363789e-03 1.652892561983470773e-02 4.685617860851505334e-01
8.726114649681528945e-01 7.278911564625850650e-01 1.000000000000000000e+00 8.425196850393700254e-01 9.033816425120773097e-01
6.006711409395972812e-01 3.333333333333333148e-01 1.121495327102803724e-01 1.678321678321678112e-01 4.932475412242501300e-01
8.809523809523809312e-01 8.214285714285713969e-01 8.598130841121495171e-01 8.401826484018264374e-01 8.764306062271978170e-01
8.265306122448979886e-01 7.916666666666666297e-01 7.102803738317756688e-01 7.487684729064038036e-01 8.016642510870108929e-01
5.872483221476509918e-01 2.500000000000000000e-01 7.476635514018691031e-02 1.151079136690647403e-01 4.745559524392033990e-01
7.128378378378378288e-01 6.666666666666666297e-01 4.112149532710280275e-01 5.086705202312138407e-01 6.474064184344558992e-01
8.782051282051281937e-01 7.379310344827586521e-01 1.000000000000000000e+00 8.492063492063492980e-01 9.073170731707317360e-01
5.522875816993464415e-01 5.882352941176470507e-02 1.869158878504672758e-02 2.836879432624113059e-02 4.289437843422720942e-01
5.600000000000000533e-01 3.703703703703703498e-02 9.345794392523363789e-03 1.492537313432835792e-02 4.373153842428937343e-01
5.472312703583062099e-01 2.941176470588235253e-02 9.345794392523363789e-03 1.418439716312056530e-02 4.221728971962616095e-01
5.581395348837209225e-01 3.571428571428571230e-02 9.345794392523363789e-03 1.481481481481481191e-02 4.350852683302822710e-01
8.925081433224755223e-01 7.642857142857142350e-01 1.000000000000000000e+00 8.663967611336031993e-01 9.174999999999999822e-01
6.853146853146853124e-01 7.073170731707316694e-01 2.710280373831775447e-01 3.918918918918918859e-01 6.019944656189630816e-01
6.013513513513513153e-01 3.333333333333333148e-01 1.028037383177570069e-01 1.571428571428571397e-01 4.932008109578202570e-01
5.753424657534246256e-01 5.263157894736841813e-02 9.345794392523363789e-03 1.587301587301587213e-02 4.560242485476129759e-01
8.925081433224755223e-01 7.642857142857142350e-01 1.000000000000000000e+00 8.663967611336031993e-01 9.174999999999999822e-01
7.128378378378378288e-01 6.666666666666666297e-01 4.112149532710280275e-01 5.086705202312138407e-01 6.474064184344558992e-01
8.782051282051281937e-01 7.379310344827586521e-01 1.000000000000000000e+00 8.492063492063492980e-01 9.073170731707317360e-01
5.401929260450161197e-01 2.631578947368420907e-02 9.345794392523363789e-03 1.379310344827586188e-02 4.139866226864576948e-01
5.694915254237288282e-01 4.545454545454545581e-02 9.345794392523363789e-03 1.550387596899224611e-02 4.488218333664744097e-01
5.577557755775577331e-01 6.451612903225806273e-02 1.869158878504672758e-02 2.898550724637680501e-02 4.353662025557886728e-01
5.637583892617449299e-01 4.000000000000000083e-02 9.345794392523363789e-03 1.515151515151515020e-02 4.418456720653715641e-01
5.637583892617449299e-01 4.000000000000000083e-02 9.345794392523363789e-03 1.515151515151515020e-02 4.418456720653715641e-01
5.957446808510638014e-01 1.111111111111111049e-01 9.345794392523363789e-03 1.724137931034482735e-02 4.818157543391187736e-01
9.102990033222591038e-01 7.985074626865671377e-01 1.000000000000000000e+00 8.879668049792530660e-01 9.304123711340206437e-01
5.915492957746478764e-01 9.090909090909091161e-02 9.345794392523363789e-03 1.694915254237287783e-02 4.764243096256401411e-01
5.853658536585365502e-01 7.142857142857142461e-02 9.345794392523363789e-03 1.652892561983470773e-02 4.685617860851505334e-01
5.508196721311475752e-01 3.125000000000000000e-02 9.345794392523363789e-03 1.438848920863309254e-02 4.263900689134333399e-01
5.827586206896552268e-01 1.111111111111111049e-01 1.869158878504672758e-02 3.200000000000000067e-02 4.656299473979878534e-01
