5.944881889763780070e-01 6.666666666666666297e-01 7.476635514018691031e-02 1.344537815126050362e-01 5.237777353932226987e-01
9.686520376175548064e-01 9.145299145299145005e-01 1.000000000000000000e+00 9.553571428571429047e-01 9.764150943396227023e-01
6.482758620689654805e-01 5.862068965517240882e-01 1.588785046728971861e-01 2.499999999999999722e-01 5.466523670905469867e-01
6.113074204946996604e-01 4.210526315789473450e-01 7.476635514018691031e-02 1.269841269841269771e-01 5.061331775700934621e-01
5.746268656716417844e-01 0.000000000000000000e+00 0.000000000000000000e+00 0.000000000000000000e+00 4.782608695652174058e-01
6.112956810631229310e-01 0.000000000000000000e+00 0.000000000000000000e+00 0.000000000000000000e+00 4.742268041237113207e-01
5.533596837944664282e-01 0.000000000000000000e+00 0.000000000000000000e+00 0.000000000000000000e+00 4.794520547945205768e-01
5.102040816326530726e-01 0.000000000000000000e+00 0.000000000000000000e+00 0.000000000000000000e+00 4.528985507246376940e-01
5.746268656716417844e-01 1.818181818181818232e-01 1.869158878504672758e-02 3.389830508474575566e-02 4.813954838335171571e-01
6.273062730627306793e-01 8.750000000000000000e-01 6.542056074766354479e-02 1.217391304347825859e-01 5.296614998860268431e-01
9.563862928348909609e-01 8.974358974358974672e-01 9.813084112149532690e-01 9.375000000000000000e-01 9.626168224299065379e-01
5.836575875486381682e-01 5.000000000000000000e-01 1.214953271028037379e-01 1.954887218045112673e-01 5.174143302180684856e-01
5.348837209302325091e-01 0.000000000000000000e+00 0.000000000000000000e+00 0.000000000000000000e+00 4.569536423841059625e-01
6.118421052631578538e-01 0.000000000000000000e+00 0.000000000000000000e+00 0.000000000000000000e+00 4.720812182741116469e-01
7.361563517915309385e-01 7.600000000000000089e-01 3.551401869158878344e-01 4.840764331210191118e-01 6.475700934579439183e-01
5.868055555555555802e-01 0.000000000000000000e+00 0.000000000000000000e+00 0.000000000000000000e+00 4.668508287292817416e-01
5.894736842105262609e-01 0.000000000000000000e+00 0.000000000000000000e+00 0.000000000000000000e+00 4.719101123595505487e-01
5.354330708661417804e-01 0.000000000000000000e+00 0.000000000000000000e+00 0.000000000000000000e+00 4.625850340136054561e-01
9.596273291925465632e-01 8.916666666666667185e-01 1.000000000000000000e+00 9.427312775330397576e-01 9.697674418604650404e-01
5.924657534246575707e-01 0.000000000000000000e+00 0.000000000000000000e+00 0.000000000000000000e+00 4.675675675675675658e-01
9.626168224299065379e-01 8.991596638655462437e-01 1.000000000000000000e+00 9.469026548672566657e-01 9.719626168224299034e-01
4.780701754385964786e-01 0.000000000000000000e+00 0.000000000000000000e+00 0.000000000000000000e+00 4.504132231404958664e-01
5.714285714285713969e-01 0.000000000000000000e+00 0.000000000000000000e+00 0.000000000000000000e+00 4.624277456647398754e-01
9.596273291925465632e-01 8.916666666666667185e-01 1.000000000000000000e+00 9.427312775330397576e-01 9.697674418604650404e-01
6.118421052631578538e-01 0.000000000000000000e+00 0.000000000000000000e+00 0.000000000000000000e+00 4.720812182741116469e-01
7.361563517915309385e-01 7.600000000000000089e-01 3.551401869158878344e-01 4.840764331210191118e-01 6.475700934579439183e-01
5.647058823529411686e-01 3.750000000000000000e-01 5.607476635514018620e-02 9.756097560975608707e-02 4.942535993937863248e-01
5.330739299610894877e-01 0.000000000000000000e+00 0.000000000000000000e+00 0.000000000000000000e+00 4.566666666666666652e-01
4.684684684684684575e-01 0.000000000000000000e+00 0.000000000000000000e+00 0.000000000000000000e+00 4.521739130434782594e-01
6.173285198555956699e-01 5.238095238095238360e-01 1.028037383177570069e-01 1.718749999999999722e-01 5.219901044529960954e-01
5.830388692579505650e-01 0.000000000000000000e+00 0.000000000000000000e+00 0.000000000000000000e+00 4.687500000000000000e-01
5.971223021582733326e-01 3.529411764705882582e-01 5.607476635514018620e-02 9.677419354838709409e-02 4.958736404875115911e-01
9.625000000000000222e-01 8.991596638655462437e-01 1.000000000000000000e+00 9.469026548672566657e-01 9.718309859154928843e-01
5.462555066079295418e-01 6.666666666666666297e-01 7.476635514018691031e-02 1.344537815126050362e-01 5.207165109034267436e-01
6.735395189003436922e-01 6.578947368421053099e-01 2.336448598130841103e-01 3.448275862068965192e-01 5.814963429500202841e-01
5.330739299610894877e-01 0.000000000000000000e+00 0.000000000000000000e+00 0.000000000000000000e+00 4.566666666666666652e-01
5.845070422535211252e-01 0.000000000000000000e+00 0.000000000000000000e+00 0.000000000000000000e+00 4.689265536723163930e-01
