9.595015576323987494e-01 8.916666666666667185e-01 1.000000000000000000e+00 9.427312775330397576e-01 9.696261682242991453e-01
6.565656565656565746e-01 6.923076923076922906e-01 8.411214953271027583e-02 1.499999999999999944e-01 5.315297589768814834e-01
9.654088050314465486e-01 9.067796610169491789e-01 1.000000000000000000e+00 9.511111111111111294e-01 9.739336492890995345e-01
9.596273291925465632e-01 8.916666666666667185e-01 1.000000000000000000e+00 9.427312775330397576e-01 9.697674418604650404e-01
9.596273291925465632e-01 8.916666666666667185e-01 1.000000000000000000e+00 9.427312775330397576e-01 9.697674418604650404e-01
6.105610561056105112e-01 0.000000000000000000e+00 0.000000000000000000e+00 0.000000000000000000e+00 4.719387755102040782e-01
9.596273291925465632e-01 8.916666666666667185e-01 1.000000000000000000e+00 9.427312775330397576e-01 9.697674418604650404e-01
7.524115755627009960e-01 8.409090909090909394e-01 3.457943925233644689e-01 4.900662251655629187e-01 6.557403335165841174e-01
5.867768595041322754e-01 7.333333333333332815e-01 1.028037383177570069e-01 1.803278688524590223e-01 5.365870543440636187e-01
9.625000000000000222e-01 8.991596638655462437e-01 1.000000000000000000e+00 9.469026548672566657e-01 9.718309859154928843e-01
6.148867313915857835e-01 0.000000000000000000e+00 0.000000000000000000e+00 0.000000000000000000e+00 4.702970297029702706e-01
7.697368421052631637e-01 8.135593220338983578e-01 4.485981308411214896e-01 5.783132530120481674e-01 6.963802836946724195e-01
9.739413680781758842e-01 9.541284403669725300e-01 9.719626168224299034e-01 9.629629629629630205e-01 9.734813084112150516e-01
5.020920502092049986e-01 0.000000000000000000e+00 0.000000000000000000e+00 0.000000000000000000e+00 4.545454545454545303e-01
5.789473684210526550e-01 0.000000000000000000e+00 0.000000000000000000e+00 0.000000000000000000e+00 4.634831460674157522e-01
6.138613861386138515e-01 0.000000000000000000e+00 0.000000000000000000e+00 0.000000000000000000e+00 4.744897959183673741e-01
6.295081967213115304e-01 0.000000000000000000e+00 0.000000000000000000e+00 0.000000000000000000e+00 4.848484848484848619e-01
9.285714285714286031e-01 8.818181818181818343e-01 9.065420560747663448e-01 8.940092165898616550e-01 9.230384698978482128e-01
7.974683544303797778e-01 8.307692307692308153e-01 5.046728971962616273e-01 6.279069767441860517e-01 7.260206591244465768e-01
8.471337579617834734e-01 9.041095890410958402e-01 6.168224299065420135e-01 7.333333333333332815e-01 7.915030023928845138e-01
7.246835443037974445e-01 7.272727272727272929e-01 2.990654205607476412e-01 4.238410596026489507e-01 6.208245763090819436e-01
5.924657534246575707e-01 0.000000000000000000e+00 0.000000000000000000e+00 0.000000000000000000e+00 4.675675675675675658e-01
6.073825503355704258e-01 0.000000000000000000e+00 0.000000000000000000e+00 0.000000000000000000e+00 4.738219895287958394e-01
5.500000000000000444e-01 0.000000000000000000e+00 0.000000000000000000e+00 0.000000000000000000e+00 4.673202614379085018e-01
5.020920502092049986e-01 0.000000000000000000e+00 0.000000000000000000e+00 0.000000000000000000e+00 4.545454545454545303e-01
5.789473684210526550e-01 0.000000000000000000e+00 0.000000000000000000e+00 0.000000000000000000e+00 4.634831460674157522e-01
6.387959866220735972e-01 4.782608695652174058e-01 1.028037383177570069e-01 1.692307692307692402e-01 5.201518691588784549e-01
6.013289036544851029e-01 0.000000000000000000e+00 0.000000000000000000e+00 0.000000000000000000e+00 4.664948453608247503e-01
9.596273291925465632e-01 8.916666666666667185e-01 1.000000000000000000e+00 9.427312775330397576e-01 9.697674418604650404e-01
6.233333333333332948e-01 3.333333333333333148e-01 5.607476635514018620e-02 9.600000000000000200e-02 4.969493002760156930e-01
5.555555555555555802e-01 0.000000000000000000e+00 0.000000000000000000e+00 0.000000000000000000e+00 4.601226993865030757e-01
5.238095238095238360e-01 0.000000000000000000e+00 0.000000000000000000e+00 0.000000000000000000e+00 4.551724137931034697e-01
7.411003236245954362e-01 7.547169811320755262e-01 3.738317757009345654e-01 5.000000000000000000e-01 6.547376700286851037e-01
5.607843137254902022e-01 0.000000000000000000e+00 0.000000000000000000e+00 0.000000000000000000e+00 4.831081081081081141e-01
6.026936026936027258e-01 0.000000000000000000e+00 0.000000000000000000e+00 0.000000000000000000e+00 4.710526315789473895e-01
9.596273291925465632e-01 8.916666666666667185e-01 1.000000000000000000e+00 9.427312775330397576e-01 9.697674418604650404e-01
6.426116838487972993e-01 5.714285714285713969e-01 1.121495327102803724e-01 1.874999999999999722e-01 5.316182446160098163e-01
