5.833333333333333703e-01 0.000000000000000000e+00 0.000000000000000000e+00 0.000000000000000000e+00 4.640883977900552293e-01
5.672727272727272618e-01 0.000000000000000000e+00 0.000000000000000000e+00 0.000000000000000000e+00 4.642857142857143016e-01
5.774058577405857262e-01 7.500000000000000000e-01 8.411214953271027583e-02 1.512605042016806622e-01 5.306924384027187358e-01
8.741935483870967305e-01 8.863636363636363535e-01 7.289719626168223998e-01 8.000000000000000444e-01 8.398554394364898812e-01
6.054421768707483054e-01 0.000000000000000000e+00 0.000000000000000000e+00 0.000000000000000000e+00 4.759358288770053624e-01
6.112956810631229310e-01 0.000000000000000000e+00 0.000000000000000000e+00 0.000000000000000000e+00 4.742268041237113207e-01
5.945945945945946276e-01 0.000000000000000000e+00 0.000000000000000000e+00 0.000000000000000000e+00 4.656084656084655826e-01
6.156351791530945139e-01 0.000000000000000000e+00 0.000000000000000000e+00 0.000000000000000000e+00 4.724999999999999756e-01
5.577689243027887933e-01 4.000000000000000222e-01 7.476635514018691031e-02 1.259842519685039075e-01 4.957165109034267769e-01
6.007194244604316946e-01 0.000000000000000000e+00 0.000000000000000000e+00 0.000000000000000000e+00 4.883040935672514626e-01
5.869565217391304879e-01 0.000000000000000000e+00 0.000000000000000000e+00 0.000000000000000000e+00 4.792899408284023721e-01
4.913793103448275690e-01 0.000000000000000000e+00 0.000000000000000000e+00 0.000000000000000000e+00 4.560000000000000164e-01
5.909090909090909394e-01 0.000000000000000000e+00 0.000000000000000000e+00 0.000000000000000000e+00 4.720670391061452253e-01
5.220883534136546711e-01 0.000000000000000000e+00 0.000000000000000000e+00 0.000000000000000000e+00 4.577464788732394374e-01
8.601398601398601018e-01 9.589041095890410427e-01 6.542056074766354756e-01 7.777777777777776791e-01 8.187229154701611833e-01
5.555555555555555802e-01 0.000000000000000000e+00 0.000000000000000000e+00 0.000000000000000000e+00 4.601226993865030757e-01
9.596273291925465632e-01 8.916666666666667185e-01 1.000000000000000000e+00 9.427312775330397576e-01 9.697674418604650404e-01
9.596273291925465632e-01 8.916666666666667185e-01 1.000000000000000000e+00 9.427312775330397576e-01 9.697674418604650404e-01
9.654088050314465486e-01 9.067796610169491789e-01 1.000000000000000000e+00 9.511111111111111294e-01 9.739336492890995345e-01
6.033333333333333881e-01 0.000000000000000000e+00 0.000000000000000000e+00 0.000000000000000000e+00 4.689119170984455964e-01
5.775193798449612670e-01 4.583333333333333148e-01 1.028037383177570069e-01 1.679389312977099258e-01 5.083555115429844173e-01
6.435643564356435808e-01 4.782608695652174058e-01 1.028037383177570069e-01 1.692307692307692402e-01 5.207896242609193482e-01
4.893617021276595591e-01 0.000000000000000000e+00 0.000000000000000000e+00 0.000000000000000000e+00 4.492187500000000000e-01
7.074829931972789199e-01 9.200000000000000400e-01 2.149532710280373793e-01 3.484848484848485084e-01 6.021290419311309261e-01
5.220883534136546711e-01 0.000000000000000000e+00 0.000000000000000000e+00 0.000000000000000000e+00 4.577464788732394374e-01
8.601398601398601018e-01 9.589041095890410427e-01 6.542056074766354756e-01 7.777777777777776791e-01 8.187229154701611833e-01
6.068965517241379226e-01 0.000000000000000000e+00 0.000000000000000000e+00 0.000000000000000000e+00 4.808743169398906891e-01
5.916955017301037678e-01 0.000000000000000000e+00 0.000000000000000000e+00 0.000000000000000000e+00 4.697802197802197766e-01
6.171617161716171918e-01 2.352941176470588203e-01 3.738317757009345516e-02 6.451612903225804885e-02 4.855283234789242730e-01
6.262975778546713279e-01 4.782608695652174058e-01 1.028037383177570069e-01 1.692307692307692402e-01 5.184348361918454939e-01
5.960784313725490113e-01 6.999999999999999556e-01 6.542056074766354479e-02 1.196581196581196493e-01 5.225751452386965257e-01
7.305194805194805685e-01 8.157894736842105088e-01 2.897196261682242757e-01 4.275862068965516904e-01 6.274468777607290493e-01
6.577181208053691774e-01 5.862068965517240882e-01 1.588785046728971861e-01 2.499999999999999722e-01 5.480256397710036032e-01
6.405228758169934089e-01 3.636363636363636465e-01 3.738317757009345516e-02 6.779661016949151131e-02 5.011036490865542481e-01
9.596273291925465632e-01 8.916666666666667185e-01 1.000000000000000000e+00 9.427312775330397576e-01 9.697674418604650404e-01
9.596273291925465632e-01 8.916666666666667185e-01 1.000000000000000000e+00 9.427312775330397576e-01 9.697674418604650404e-01
9.745222929936305789e-01 9.304347826086956097e-01 1.000000000000000000e+00 9.639639639639638879e-01 9.806763285024154841e-01
