5.649350649350649567e-01 0.000000000000000000e+00 0.000000000000000000e+00 0.000000000000000000e+00 4.328358208955224162e-01
5.649350649350649567e-01 0.000000000000000000e+00 0.000000000000000000e+00 0.000000000000000000e+00 4.328358208955224162e-01
5.649350649350649567e-01 0.000000000000000000e+00 0.000000000000000000e+00 0.000000000000000000e+00 4.328358208955224162e-01
9.153094462540716236e-01 8.045112781954887327e-01 1.000000000000000000e+00 8.916666666666667185e-01 9.350000000000000533e-01
8.766233766233766378e-01 7.804878048780488076e-01 8.971962616822429792e-01 8.347826086956522396e-01 8.814339517366439614e-01
9.064516129032258451e-01 7.867647058823529216e-01 1.000000000000000000e+00 8.806584362139917577e-01 9.285714285714286031e-01
8.920634920634921139e-01 7.588652482269503396e-01 1.000000000000000000e+00 8.629032258064516236e-01 9.182692307692308376e-01
6.578073089700996467e-01 5.454545454545454142e-01 2.242990654205607448e-01 3.178807947019867131e-01 5.606031409577030278e-01
5.649350649350649567e-01 0.000000000000000000e+00 0.000000000000000000e+00 0.000000000000000000e+00 4.328358208955224162e-01
8.067796610169492011e-01 8.205128205128204844e-01 5.981308411214952825e-01 6.918918918918919303e-01 7.618313780075561814e-01
5.649350649350649567e-01 0.000000000000000000e+00 0.000000000000000000e+00 0.000000000000000000e+00 4.328358208955224162e-01
8.920634920634921139e-01 7.588652482269503396e-01 1.000000000000000000e+00 8.629032258064516236e-01 9.182692307692308376e-01
5.649350649350649567e-01 0.000000000000000000e+00 0.000000000000000000e+00 0.000000000000000000e+00 4.328358208955224162e-01
5.649350649350649567e-01 0.000000000000000000e+00 0.000000000000000000e+00 0.000000000000000000e+00 4.328358208955224162e-01
8.920634920634921139e-01 7.588652482269503396e-01 1.000000000000000000e+00 8.629032258064516236e-01 9.182692307692308376e-01
5.649350649350649567e-01 0.000000000000000000e+00 0.000000000000000000e+00 0.000000000000000000e+00 4.328358208955224162e-01
8.864353312302839516e-01 7.482517482517482277e-01 1.000000000000000000e+00 8.559999999999999831e-01 9.142857142857142572e-01
9.093851132686083805e-01 7.925925925925926263e-01 1.000000000000000000e+00 8.842975206611569661e-01 9.306930693069306315e-01
8.864353312302839516e-01 7.482517482517482277e-01 1.000000000000000000e+00 8.559999999999999831e-01 9.142857142857142572e-01
5.649350649350649567e-01 0.000000000000000000e+00 0.000000000000000000e+00 0.000000000000000000e+00 4.328358208955224162e-01
9.035369774919613794e-01 7.810218978102190235e-01 1.000000000000000000e+00 8.770491803278688270e-01 9.264705882352940458e-01
8.892405063291138889e-01 7.535211267605633756e-01 1.000000000000000000e+00 8.594377510040159818e-01 9.162679425837321201e-01
5.649350649350649567e-01 0.000000000000000000e+00 0.000000000000000000e+00 0.000000000000000000e+00 4.328358208955224162e-01
5.681818181818182323e-01 3.571428571428571230e-02 9.345794392523363789e-03 1.481481481481481191e-02 4.375087180917840435e-01
5.649350649350649567e-01 0.000000000000000000e+00 0.000000000000000000e+00 0.000000000000000000e+00 4.328358208955224162e-01
8.920634920634921139e-01 7.588652482269503396e-01 1.000000000000000000e+00 8.629032258064516236e-01 9.182692307692308376e-01
9.093851132686083805e-01 7.925925925925926263e-01 1.000000000000000000e+00 8.842975206611569661e-01 9.306930693069306315e-01
5.649350649350649567e-01 0.000000000000000000e+00 0.000000000000000000e+00 0.000000000000000000e+00 4.328358208955224162e-01
5.649350649350649567e-01 0.000000000000000000e+00 0.000000000000000000e+00 0.000000000000000000e+00 4.328358208955224162e-01
8.108974358974359031e-01 7.181818181818181435e-01 7.383177570093457653e-01 7.281105990783409698e-01 7.935491224071118399e-01
5.649350649350649567e-01 0.000000000000000000e+00 0.000000000000000000e+00 0.000000000000000000e+00 4.328358208955224162e-01
9.123376623376623362e-01 7.985074626865671377e-01 1.000000000000000000e+00 8.879668049792530660e-01 9.328358208955224162e-01
5.649350649350649567e-01 0.000000000000000000e+00 0.000000000000000000e+00 0.000000000000000000e+00 4.328358208955224162e-01
8.116883116883116811e-01 7.378640776699029180e-01 7.102803738317756688e-01 7.238095238095236805e-01 7.879760078114103061e-01
8.864353312302839516e-01 7.482517482517482277e-01 1.000000000000000000e+00 8.559999999999999831e-01 9.142857142857142572e-01
8.864353312302839516e-01 7.482517482517482277e-01 1.000000000000000000e+00 8.559999999999999831e-01 9.142857142857142572e-01
9.493243243243243423e-01 8.770491803278688270e-01 1.000000000000000000e+00 9.344978165938864212e-01 9.603174603174603474e-01
