8.920634920634921139e-01 7.588652482269503396e-01 1.000000000000000000e+00 8.629032258064516236e-01 9.182692307692308376e-01
6.161971830985915055e-01 2.500000000000000000e-01 9.345794392523363789e-03 1.801801801801801786e-02 4.961983209250752092e-01
8.864353312302839516e-01 7.482517482517482277e-01 1.000000000000000000e+00 8.559999999999999831e-01 9.142857142857142572e-01
9.064516129032258451e-01 7.867647058823529216e-01 1.000000000000000000e+00 8.806584362139917577e-01 9.285714285714286031e-01
9.006410256410256610e-01 7.753623188405797118e-01 1.000000000000000000e+00 8.734693877551020780e-01 9.243902439024389572e-01
7.744107744107744384e-01 7.777777777777777901e-01 5.233644859813083583e-01 6.256983240223463749e-01 7.195769798327594780e-01
5.872483221476509918e-01 5.555555555555555247e-02 9.345794392523363789e-03 1.600000000000000033e-02 4.601702793952144876e-01
5.649350649350649567e-01 0.000000000000000000e+00 0.000000000000000000e+00 0.000000000000000000e+00 4.328358208955224162e-01
8.754208754208754328e-01 8.431372549019607865e-01 8.037383177570093240e-01 8.229665071770334572e-01 8.597638957206098498e-01
8.520900321543408706e-01 7.520661157024793875e-01 8.504672897196261516e-01 7.982456140350878693e-01 8.517042330951072326e-01
5.649350649350649567e-01 0.000000000000000000e+00 0.000000000000000000e+00 0.000000000000000000e+00 4.328358208955224162e-01
5.649350649350649567e-01 0.000000000000000000e+00 0.000000000000000000e+00 0.000000000000000000e+00 4.328358208955224162e-01
5.746753246753246724e-01 1.000000000000000056e-01 2.803738317757009310e-02 4.379562043795620641e-02 4.468545124843074090e-01
5.649350649350649567e-01 0.000000000000000000e+00 0.000000000000000000e+00 0.000000000000000000e+00 4.328358208955224162e-01
7.382550335570470246e-01 7.301587301587301182e-01 4.299065420560747586e-01 5.411764705882352589e-01 6.704506532269901564e-01
8.993506493506493449e-01 7.923076923076922684e-01 9.626168224299065379e-01 8.691983122362869629e-01 9.141442321104757962e-01
7.044673539518900851e-01 7.560975609756097615e-01 2.897196261682242757e-01 4.189189189189189144e-01 6.176859000406338396e-01
5.872483221476509918e-01 5.555555555555555247e-02 9.345794392523363789e-03 1.600000000000000033e-02 4.601702793952144876e-01
7.641196013289036637e-01 7.368421052631578538e-01 5.233644859813083583e-01 6.120218579234971701e-01 7.101358512380768762e-01
5.649350649350649567e-01 0.000000000000000000e+00 0.000000000000000000e+00 0.000000000000000000e+00 4.328358208955224162e-01
8.808777429467085085e-01 7.379310344827586521e-01 1.000000000000000000e+00 8.492063492063492980e-01 9.103773584905661131e-01
9.093851132686083805e-01 7.925925925925926263e-01 1.000000000000000000e+00 8.842975206611569661e-01 9.306930693069306315e-01
5.649350649350649567e-01 0.000000000000000000e+00 0.000000000000000000e+00 0.000000000000000000e+00 4.328358208955224162e-01
8.766233766233766378e-01 7.804878048780488076e-01 8.971962616822429792e-01 8.347826086956522396e-01 8.814339517366439614e-01
5.649350649350649567e-01 0.000000000000000000e+00 0.000000000000000000e+00 0.000000000000000000e+00 4.328358208955224162e-01
7.382550335570470246e-01 7.301587301587301182e-01 4.299065420560747586e-01 5.411764705882352589e-01 6.704506532269901564e-01
5.649350649350649567e-01 0.000000000000000000e+00 0.000000000000000000e+00 0.000000000000000000e+00 4.328358208955224162e-01
5.649350649350649567e-01 0.000000000000000000e+00 0.000000000000000000e+00 0.000000000000000000e+00 4.328358208955224162e-01
9.006410256410256610e-01 7.753623188405797118e-01 1.000000000000000000e+00 8.734693877551020780e-01 9.243902439024389572e-01
5.649350649350649567e-01 0.000000000000000000e+00 0.000000000000000000e+00 0.000000000000000000e+00 4.328358208955224162e-01
5.649350649350649567e-01 0.000000000000000000e+00 0.000000000000000000e+00 0.000000000000000000e+00 4.328358208955224162e-01
5.649350649350649567e-01 0.000000000000000000e+00 0.000000000000000000e+00 0.000000000000000000e+00 4.328358208955224162e-01
8.158730158730158610e-01 7.094017094017094349e-01 7.757009345794392274e-01 7.410714285714284921e-01 8.061196980589504513e-01
6.531986531986532230e-01 5.555555555555555802e-01 1.869158878504672827e-01 2.797202797202796853e-01 5.513526807673388985e-01
6.079734219269102846e-01 3.103448275862069061e-01 8.411214953271027583e-02 1.323529411764705899e-01 4.905096830137777864e-01
9.064516129032258451e-01 7.867647058823529216e-01 1.000000000000000000e+00 8.806584362139917577e-01 9.285714285714286031e-01
9.006410256410256610e-01 7.753623188405797118e-01 1.000000000000000000e+00 8.734693877551020780e-01 9.243902439024389572e-01
