5.794701986754966505e-01 4.545454545454545581e-02 9.345794392523363789e-03 1.550387596899224611e-02 4.508267433501078059e-01
8.753894080996884597e-01 7.278911564625850650e-01 1.000000000000000000e+00 8.425196850393700254e-01 9.065420560747663448e-01
5.649350649350649567e-01 0.000000000000000000e+00 0.000000000000000000e+00 0.000000000000000000e+00 4.328358208955224162e-01
5.852842809364549037e-01 5.263157894736841813e-02 9.345794392523363789e-03 1.587301587301587213e-02 4.577978971962616273e-01
5.649350649350649567e-01 0.000000000000000000e+00 0.000000000000000000e+00 0.000000000000000000e+00 4.328358208955224162e-01
5.649350649350649567e-01 0.000000000000000000e+00 0.000000000000000000e+00 0.000000000000000000e+00 4.328358208955224162e-01
5.649350649350649567e-01 0.000000000000000000e+00 0.000000000000000000e+00 0.000000000000000000e+00 4.328358208955224162e-01
5.649350649350649567e-01 0.000000000000000000e+00 0.000000000000000000e+00 0.000000000000000000e+00 4.328358208955224162e-01
9.335548172757475172e-01 8.425196850393700254e-01 1.000000000000000000e+00 9.145299145299145005e-01 9.484536082474227525e-01
5.681818181818182323e-01 3.571428571428571230e-02 9.345794392523363789e-03 1.481481481481481191e-02 4.375087180917840435e-01
9.093851132686083805e-01 7.925925925925926263e-01 1.000000000000000000e+00 8.842975206611569661e-01 9.306930693069306315e-01
6.013745704467353681e-01 9.090909090909091161e-02 9.345794392523363789e-03 1.694915254237287783e-02 4.774989841527833567e-01
5.880398671096345176e-01 1.304347826086956486e-01 2.803738317757009310e-02 4.615384615384614947e-02 4.624722998362076898e-01
5.649350649350649567e-01 0.000000000000000000e+00 0.000000000000000000e+00 0.000000000000000000e+00 4.328358208955224162e-01
8.920634920634921139e-01 7.588652482269503396e-01 1.000000000000000000e+00 8.629032258064516236e-01 9.182692307692308376e-01
5.794701986754966505e-01 4.545454545454545581e-02 9.345794392523363789e-03 1.550387596899224611e-02 4.508267433501078059e-01
5.649350649350649567e-01 0.000000000000000000e+00 0.000000000000000000e+00 0.000000000000000000e+00 4.328358208955224162e-01
5.649350649350649567e-01 0.000000000000000000e+00 0.000000000000000000e+00 0.000000000000000000e+00 4.328358208955224162e-01
9.006410256410256610e-01 7.753623188405797118e-01 1.000000000000000000e+00 8.734693877551020780e-01 9.243902439024389572e-01
9.335548172757475172e-01 8.425196850393700254e-01 1.000000000000000000e+00 9.145299145299145005e-01 9.484536082474227525e-01
8.920634920634921139e-01 7.588652482269503396e-01 1.000000000000000000e+00 8.629032258064516236e-01 9.182692307692308376e-01
5.649350649350649567e-01 0.000000000000000000e+00 0.000000000000000000e+00 0.000000000000000000e+00 4.328358208955224162e-01
6.279069767441860517e-01 4.285714285714285476e-01 1.401869158878504551e-01 2.112676056338028130e-01 5.185470661913479384e-01
9.064516129032258451e-01 7.867647058823529216e-01 1.000000000000000000e+00 8.806584362139917577e-01 9.285714285714286031e-01
5.649350649350649567e-01 0.000000000000000000e+00 0.000000000000000000e+00 0.000000000000000000e+00 4.328358208955224162e-01
8.920634920634921139e-01 7.588652482269503396e-01 1.000000000000000000e+00 8.629032258064516236e-01 9.182692307692308376e-01
5.649350649350649567e-01 0.000000000000000000e+00 0.000000000000000000e+00 0.000000000000000000e+00 4.328358208955224162e-01
5.649350649350649567e-01 0.000000000000000000e+00 0.000000000000000000e+00 0.000000000000000000e+00 4.328358208955224162e-01
5.649350649350649567e-01 0.000000000000000000e+00 0.000000000000000000e+00 0.000000000000000000e+00 4.328358208955224162e-01
5.813953488372093359e-01 4.761904761904761640e-02 9.345794392523363789e-03 1.562499999999999827e-02 4.531265054436843243e-01
5.649350649350649567e-01 0.000000000000000000e+00 0.000000000000000000e+00 0.000000000000000000e+00 4.328358208955224162e-01
5.649350649350649567e-01 0.000000000000000000e+00 0.000000000000000000e+00 0.000000000000000000e+00 4.328358208955224162e-01
8.892405063291138889e-01 7.535211267605633756e-01 1.000000000000000000e+00 8.594377510040159818e-01 9.162679425837321201e-01
5.649350649350649567e-01 0.000000000000000000e+00 0.000000000000000000e+00 0.000000000000000000e+00 4.328358208955224162e-01
9.093851132686083805e-01 7.925925925925926263e-01 1.000000000000000000e+00 8.842975206611569661e-01 9.306930693069306315e-01
5.649350649350649567e-01 0.000000000000000000e+00 0.000000000000000000e+00 0.000000000000000000e+00 4.328358208955224162e-01
9.006410256410256610e-01 7.753623188405797118e-01 1.000000000000000000e+00 8.734693877551020780e-01 9.243902439024389572e-01
