8.761904761904761862e-01 7.328767123287671659e-01 1.000000000000000000e+00 8.458498023715415037e-01 9.062500000000000000e-01
6.021126760563380031e-01 2.000000000000000111e-01 1.869158878504672758e-02 3.418803418803418454e-02 4.867469243360261766e-01
8.761904761904761862e-01 7.328767123287671659e-01 1.000000000000000000e+00 8.458498023715415037e-01 9.062500000000000000e-01
8.789808917197452498e-01 7.379310344827586521e-01 1.000000000000000000e+00 8.492063492063492980e-01 9.082125603864733554e-01
8.734177215189873333e-01 7.278911564625850650e-01 1.000000000000000000e+00 8.425196850393700254e-01 9.043062200956937247e-01
7.239057239057239412e-01 6.865671641791044610e-01 4.299065420560747586e-01 5.287356321839080664e-01 6.596901131333005042e-01
5.805369127516778471e-01 1.538461538461538547e-01 3.738317757009345516e-02 6.015037593984962072e-02 4.610999657483975112e-01
5.723905723905723386e-01 4.545454545454545581e-02 9.345794392523363789e-03 1.550387596899224611e-02 4.494097393015247799e-01
7.836065573770492065e-01 7.070707070707070718e-01 6.542056074766354756e-01 6.796116504854368134e-01 7.538704805059944780e-01
6.632653061224489388e-01 5.909090909090909394e-01 2.429906542056074759e-01 3.443708609271523002e-01 5.733669848568144767e-01
5.399361022364217444e-01 0.000000000000000000e+00 0.000000000000000000e+00 0.000000000000000000e+00 4.101941747572815378e-01
5.399361022364217444e-01 0.000000000000000000e+00 0.000000000000000000e+00 0.000000000000000000e+00 4.101941747572815378e-01
5.555555555555555802e-01 3.225806451612903136e-02 9.345794392523363789e-03 1.449275362318840250e-02 4.292960127741510812e-01
5.399361022364217444e-01 0.000000000000000000e+00 0.000000000000000000e+00 0.000000000000000000e+00 4.101941747572815378e-01
5.738255033557047025e-01 8.333333333333332871e-02 1.869158878504672758e-02 3.053435114503816328e-02 4.517541713558741456e-01
8.990228013029315512e-01 7.753623188405797118e-01 1.000000000000000000e+00 8.734693877551020780e-01 9.224999999999999867e-01
5.985915492957746276e-01 1.111111111111111049e-01 9.345794392523363789e-03 1.724137931034482735e-02 4.820740271397644383e-01
6.744186046511627675e-01 5.762711864406779849e-01 3.177570093457943723e-01 4.096385542168674010e-01 5.944455149821755713e-01
8.789808917197452498e-01 7.379310344827586521e-01 1.000000000000000000e+00 8.492063492063492980e-01 9.082125603864733554e-01
5.573770491803278215e-01 3.333333333333333287e-02 9.345794392523363789e-03 1.459854014598539924e-02 4.314405739639384230e-01
8.706624605678233708e-01 7.229729729729730270e-01 1.000000000000000000e+00 8.392156862745098200e-01 9.023809523809523947e-01
8.990228013029315512e-01 7.753623188405797118e-01 1.000000000000000000e+00 8.734693877551020780e-01 9.224999999999999867e-01
5.399361022364217444e-01 0.000000000000000000e+00 0.000000000000000000e+00 0.000000000000000000e+00 4.101941747572815378e-01
8.789808917197452498e-01 7.379310344827586521e-01 1.000000000000000000e+00 8.492063492063492980e-01 9.082125603864733554e-01
5.399361022364217444e-01 0.000000000000000000e+00 0.000000000000000000e+00 0.000000000000000000e+00 4.101941747572815378e-01
5.738255033557047025e-01 8.333333333333332871e-02 1.869158878504672758e-02 3.053435114503816328e-02 4.517541713558741456e-01
5.573770491803278215e-01 3.333333333333333287e-02 9.345794392523363789e-03 1.459854014598539924e-02 4.314405739639384230e-01
5.399361022364217444e-01 0.000000000000000000e+00 0.000000000000000000e+00 0.000000000000000000e+00 4.101941747572815378e-01
8.734177215189873333e-01 7.278911564625850650e-01 1.000000000000000000e+00 8.425196850393700254e-01 9.043062200956937247e-01
5.399361022364217444e-01 0.000000000000000000e+00 0.000000000000000000e+00 0.000000000000000000e+00 4.101941747572815378e-01
5.399361022364217444e-01 0.000000000000000000e+00 0.000000000000000000e+00 0.000000000000000000e+00 4.101941747572815378e-01
5.501618122977346426e-01 2.941176470588235253e-02 9.345794392523363789e-03 1.418439716312056530e-02 4.229897288794299826e-01
6.052631578947368363e-01 3.488372093023255904e-01 1.401869158878504551e-01 1.999999999999999833e-01 4.990274680962094589e-01
6.040268456375839090e-01 3.333333333333333148e-01 1.028037383177570069e-01 1.571428571428571397e-01 4.938102461222292350e-01
8.817891373801917121e-01 7.430555555555555802e-01 1.000000000000000000e+00 8.525896414342629681e-01 9.101941747572814823e-01
8.789808917197452498e-01 7.379310344827586521e-01 1.000000000000000000e+00 8.492063492063492980e-01 9.082125603864733554e-01
8.817891373801917121e-01 7.430555555555555802e-01 1.000000000000000000e+00 8.525896414342629681e-01 9.101941747572814823e-01
