8.397212543554006814e-01 8.674698795180723065e-01 6.728971962616822067e-01 7.578947368421051767e-01 8.058930425752856008e-01
8.625000000000000444e-01 7.086092715231787631e-01 1.000000000000000000e+00 8.294573643410853014e-01 8.967136150234742420e-01
5.862068965517240882e-01 6.666666666666666574e-02 9.345794392523363789e-03 1.639344262295081706e-02 4.664215310760430611e-01
5.592105263157894912e-01 3.448275862068965469e-02 9.345794392523363789e-03 1.470588235294117453e-02 4.336069073485459002e-01
5.399361022364217444e-01 0.000000000000000000e+00 0.000000000000000000e+00 0.000000000000000000e+00 4.101941747572815378e-01
5.399361022364217444e-01 0.000000000000000000e+00 0.000000000000000000e+00 0.000000000000000000e+00 4.101941747572815378e-01
6.049822064056940008e-01 1.666666666666666574e-01 9.345794392523363789e-03 1.769911504424778390e-02 4.903050811043075941e-01
5.399361022364217444e-01 0.000000000000000000e+00 0.000000000000000000e+00 0.000000000000000000e+00 4.101941747572815378e-01
9.049180327868852070e-01 7.867647058823529216e-01 1.000000000000000000e+00 8.806584362139917577e-01 9.267676767676767957e-01
5.570032573289902533e-01 6.060606060606060774e-02 1.869158878504672758e-02 2.857142857142856707e-02 4.318457943925233522e-01
8.586206896551724643e-01 8.510638297872340496e-01 7.476635514018691309e-01 7.960199004975124781e-01 8.355804095807161103e-01
5.944055944055943730e-01 9.090909090909091161e-02 9.345794392523363789e-03 1.694915254237287783e-02 4.767399363024068526e-01
8.301282051282051766e-01 7.142857142857143016e-01 8.411214953271027861e-01 7.725321888412016724e-01 8.327558696147709938e-01
5.399361022364217444e-01 0.000000000000000000e+00 0.000000000000000000e+00 0.000000000000000000e+00 4.101941747572815378e-01
8.530351437699680295e-01 7.259259259259259744e-01 9.158878504672897103e-01 8.099173553719007934e-01 8.681380999909262819e-01
5.466237942122186277e-01 2.777777777777777624e-02 9.345794392523363789e-03 1.398601398601398600e-02 4.188885834707714584e-01
5.399361022364217444e-01 0.000000000000000000e+00 0.000000000000000000e+00 0.000000000000000000e+00 4.101941747572815378e-01
5.399361022364217444e-01 0.000000000000000000e+00 0.000000000000000000e+00 0.000000000000000000e+00 4.101941747572815378e-01
8.761904761904761862e-01 7.328767123287671659e-01 1.000000000000000000e+00 8.458498023715415037e-01 9.062500000000000000e-01
8.990228013029315512e-01 7.753623188405797118e-01 1.000000000000000000e+00 8.734693877551020780e-01 9.224999999999999867e-01
6.447368421052631637e-01 4.909090909090909061e-01 2.523364485981308136e-01 3.333333333333333148e-01 5.551022344513496520e-01
5.399361022364217444e-01 0.000000000000000000e+00 0.000000000000000000e+00 0.000000000000000000e+00 4.101941747572815378e-01
8.721311475409836422e-01 7.698412698412698818e-01 9.065420560747663448e-01 8.326180257510729099e-01 8.800387048050599681e-01
8.932038834951456785e-01 7.642857142857142350e-01 1.000000000000000000e+00 8.663967611336031993e-01 9.183168316831682443e-01
5.399361022364217444e-01 0.000000000000000000e+00 0.000000000000000000e+00 0.000000000000000000e+00 4.101941747572815378e-01
8.530351437699680295e-01 7.259259259259259744e-01 9.158878504672897103e-01 8.099173553719007934e-01 8.681380999909262819e-01
5.782312925170067786e-01 5.263157894736841813e-02 9.345794392523363789e-03 1.587301587301587213e-02 4.565445549502723521e-01
5.738255033557047025e-01 8.333333333333332871e-02 1.869158878504672758e-02 3.053435114503816328e-02 4.517541713558741456e-01
5.738255033557047025e-01 8.333333333333332871e-02 1.869158878504672758e-02 3.053435114503816328e-02 4.517541713558741456e-01
5.592105263157894912e-01 3.448275862068965469e-02 9.345794392523363789e-03 1.470588235294117453e-02 4.336069073485459002e-01
5.431309904153354129e-01 2.631578947368420907e-02 9.345794392523363789e-03 1.379310344827586188e-02 4.148670719535431650e-01
5.501618122977346426e-01 2.941176470588235253e-02 9.345794392523363789e-03 1.418439716312056530e-02 4.229897288794299826e-01
8.761904761904761862e-01 7.328767123287671659e-01 1.000000000000000000e+00 8.458498023715415037e-01 9.062500000000000000e-01
5.573770491803278215e-01 3.333333333333333287e-02 9.345794392523363789e-03 1.459854014598539924e-02 4.314405739639384230e-01
8.903225806451613433e-01 7.588652482269503396e-01 1.000000000000000000e+00 8.629032258064516236e-01 9.162561576354679715e-01
5.399361022364217444e-01 0.000000000000000000e+00 0.000000000000000000e+00 0.000000000000000000e+00 4.101941747572815378e-01
5.939597315436241365e-01 2.666666666666666630e-01 7.476635514018691031e-02 1.167883211678831940e-01 4.797915545334442422e-01
