5.399361022364217444e-01 0.000000000000000000e+00 0.000000000000000000e+00 0.000000000000000000e+00 4.101941747572815378e-01
5.399361022364217444e-01 0.000000000000000000e+00 0.000000000000000000e+00 0.000000000000000000e+00 4.101941747572815378e-01
6.028368794326240954e-01 1.428571428571428492e-01 9.345794392523363789e-03 1.754385964912280604e-02 4.875300400534045009e-01
6.925675675675675436e-01 6.428571428571429047e-01 3.364485981308411033e-01 4.417177914110430037e-01 6.153142461553676723e-01
9.049180327868852070e-01 7.867647058823529216e-01 1.000000000000000000e+00 8.806584362139917577e-01 9.267676767676767957e-01
8.903225806451613433e-01 7.588652482269503396e-01 1.000000000000000000e+00 8.629032258064516236e-01 9.162561576354679715e-01
8.761904761904761862e-01 7.328767123287671659e-01 1.000000000000000000e+00 8.458498023715415037e-01 9.062500000000000000e-01
8.789808917197452498e-01 7.379310344827586521e-01 1.000000000000000000e+00 8.492063492063492980e-01 9.082125603864733554e-01
5.399361022364217444e-01 0.000000000000000000e+00 0.000000000000000000e+00 0.000000000000000000e+00 4.101941747572815378e-01
6.909722222222222099e-01 7.142857142857143016e-01 2.803738317757009102e-01 4.026845637583892357e-01 6.070377446171322244e-01
5.399361022364217444e-01 0.000000000000000000e+00 0.000000000000000000e+00 0.000000000000000000e+00 4.101941747572815378e-01
9.019607843137255054e-01 7.810218978102190235e-01 1.000000000000000000e+00 8.770491803278688270e-01 9.246231155778894539e-01
5.399361022364217444e-01 0.000000000000000000e+00 0.000000000000000000e+00 0.000000000000000000e+00 4.101941747572815378e-01
5.399361022364217444e-01 0.000000000000000000e+00 0.000000000000000000e+00 0.000000000000000000e+00 4.101941747572815378e-01
8.932038834951456785e-01 7.642857142857142350e-01 1.000000000000000000e+00 8.663967611336031993e-01 9.183168316831682443e-01
5.704697986577180746e-01 4.347826086956521618e-02 9.345794392523363789e-03 1.538461538461538200e-02 4.470812741596124629e-01
8.706624605678233708e-01 7.229729729729730270e-01 1.000000000000000000e+00 8.392156862745098200e-01 9.023809523809523947e-01
8.846153846153845812e-01 7.482517482517482277e-01 1.000000000000000000e+00 8.559999999999999831e-01 9.121951219512195452e-01
8.761904761904761862e-01 7.328767123287671659e-01 1.000000000000000000e+00 8.458498023715415037e-01 9.062500000000000000e-01
5.431309904153354129e-01 2.631578947368420907e-02 9.345794392523363789e-03 1.379310344827586188e-02 4.148670719535431650e-01
8.660130718954248685e-01 7.619047619047618625e-01 8.971962616822429792e-01 8.240343347639484950e-01 8.732212464190109991e-01
8.761904761904761862e-01 7.328767123287671659e-01 1.000000000000000000e+00 8.458498023715415037e-01 9.062500000000000000e-01
5.399361022364217444e-01 0.000000000000000000e+00 0.000000000000000000e+00 0.000000000000000000e+00 4.101941747572815378e-01
5.573770491803278215e-01 3.333333333333333287e-02 9.345794392523363789e-03 1.459854014598539924e-02 4.314405739639384230e-01
5.399361022364217444e-01 0.000000000000000000e+00 0.000000000000000000e+00 0.000000000000000000e+00 4.101941747572815378e-01
8.932038834951456785e-01 7.642857142857142350e-01 1.000000000000000000e+00 8.663967611336031993e-01 9.183168316831682443e-01
8.846153846153845812e-01 7.482517482517482277e-01 1.000000000000000000e+00 8.559999999999999831e-01 9.121951219512195452e-01
5.399361022364217444e-01 0.000000000000000000e+00 0.000000000000000000e+00 0.000000000000000000e+00 4.101941747572815378e-01
5.399361022364217444e-01 0.000000000000000000e+00 0.000000000000000000e+00 0.000000000000000000e+00 4.101941747572815378e-01
5.999999999999999778e-01 3.255813953488372325e-01 1.308411214953270896e-01 1.866666666666666474e-01 4.921882375153403544e-01
5.782312925170067786e-01 5.263157894736841813e-02 9.345794392523363789e-03 1.587301587301587213e-02 4.565445549502723521e-01
8.990228013029315512e-01 7.753623188405797118e-01 1.000000000000000000e+00 8.734693877551020780e-01 9.224999999999999867e-01
5.966101694915254550e-01 2.692307692307692180e-01 6.542056074766354479e-02 1.052631578947368224e-01 4.821783654802146990e-01
5.743243243243243423e-01 4.761904761904761640e-02 9.345794392523363789e-03 1.562499999999999827e-02 4.517628442862087201e-01
8.789808917197452498e-01 7.379310344827586521e-01 1.000000000000000000e+00 8.492063492063492980e-01 9.082125603864733554e-01
8.652037617554858562e-01 7.133333333333333748e-01 1.000000000000000000e+00 8.326848249027237747e-01 8.985849056603774088e-01
9.254237288135592765e-01 8.455284552845528934e-01 9.719626168224299034e-01 9.043478260869565188e-01 9.354493935175979269e-01
