6.104868913857678381e-01 6.153846153846154188e-01 7.476635514018691031e-02 1.333333333333333315e-01 5.217581775700934621e-01
9.472049689440993347e-01 8.629032258064516236e-01 1.000000000000000000e+00 9.264069264069264564e-01 9.604651162790698304e-01
6.541095890410958402e-01 5.833333333333333703e-01 1.962616822429906482e-01 2.937062937062936974e-01 5.575903005809547119e-01
5.992779783393501480e-01 4.230769230769230727e-01 1.028037383177570069e-01 1.654135338345864847e-01 5.072842221000548601e-01
5.133928571428570953e-01 4.000000000000000222e-01 3.738317757009345516e-02 6.837606837606836907e-02 4.930505631440210701e-01
5.850340136054421603e-01 0.000000000000000000e+00 0.000000000000000000e+00 0.000000000000000000e+00 4.598930481283422522e-01
5.967741935483871218e-01 7.692307692307692735e-01 9.345794392523364136e-02 1.666666666666666574e-01 5.360906740902764422e-01
5.249042145593869613e-01 0.000000000000000000e+00 0.000000000000000000e+00 0.000000000000000000e+00 4.448051948051948146e-01
6.190476190476190688e-01 5.882352941176470784e-01 9.345794392523364136e-02 1.612903225806451568e-01 5.256446346132193082e-01
6.336996336996336687e-01 8.181818181818182323e-01 8.411214953271027583e-02 1.525423728813559421e-01 5.360319783808128458e-01
9.531250000000000000e-01 8.770491803278688270e-01 1.000000000000000000e+00 9.344978165938864212e-01 9.647887323943661331e-01
5.880149812734082326e-01 4.482758620689655249e-01 1.214953271028037379e-01 1.911764705882353088e-01 5.107476635514017760e-01
5.289575289575290107e-01 0.000000000000000000e+00 0.000000000000000000e+00 0.000000000000000000e+00 4.506578947368420907e-01
5.933333333333333792e-01 0.000000000000000000e+00 0.000000000000000000e+00 0.000000000000000000e+00 4.611398963730569678e-01
7.046979865771811902e-01 7.111111111111111382e-01 2.990654205607476412e-01 4.210526315789474006e-01 6.155012966678083952e-01
5.678571428571428381e-01 0.000000000000000000e+00 0.000000000000000000e+00 0.000000000000000000e+00 4.595375722543352803e-01
5.739436619718309984e-01 0.000000000000000000e+00 0.000000000000000000e+00 0.000000000000000000e+00 4.604519774011299194e-01
5.652173913043477826e-01 0.000000000000000000e+00 0.000000000000000000e+00 0.000000000000000000e+00 4.615384615384615641e-01
9.472049689440993347e-01 8.629032258064516236e-01 1.000000000000000000e+00 9.264069264069264564e-01 9.604651162790698304e-01
5.802047781569965590e-01 0.000000000000000000e+00 0.000000000000000000e+00 0.000000000000000000e+00 4.569892473118279397e-01
9.254658385093167405e-01 8.547008547008546619e-01 9.345794392523364413e-01 8.928571428571429047e-01 9.277548359052381066e-01
5.020576131687243260e-01 0.000000000000000000e+00 0.000000000000000000e+00 0.000000000000000000e+00 4.485294117647058987e-01
5.587188612099643903e-01 0.000000000000000000e+00 0.000000000000000000e+00 0.000000000000000000e+00 4.511494252873562982e-01
9.501557632398753839e-01 8.699186991869918284e-01 1.000000000000000000e+00 9.304347826086956097e-01 9.626168224299065379e-01
5.933333333333333792e-01 0.000000000000000000e+00 0.000000000000000000e+00 0.000000000000000000e+00 4.611398963730569678e-01
7.046979865771811902e-01 7.111111111111111382e-01 2.990654205607476412e-01 4.210526315789474006e-01 6.155012966678083952e-01
5.530303030303029832e-01 1.333333333333333315e-01 1.869158878504672758e-02 3.278688524590163411e-02 4.679445205071730562e-01
5.305343511450382188e-01 0.000000000000000000e+00 0.000000000000000000e+00 0.000000000000000000e+00 4.483870967741935276e-01
4.529147982062780020e-01 0.000000000000000000e+00 0.000000000000000000e+00 0.000000000000000000e+00 4.353448275862069061e-01
5.795454545454545858e-01 4.230769230769230727e-01 1.028037383177570069e-01 1.654135338345864847e-01 5.036311685219357903e-01
5.787671232876712146e-01 0.000000000000000000e+00 0.000000000000000000e+00 0.000000000000000000e+00 4.567567567567567544e-01
5.682656826568265318e-01 1.875000000000000000e-01 2.803738317757009310e-02 4.878048780487804353e-02 4.743845452473215984e-01
9.472049689440993347e-01 8.629032258064516236e-01 1.000000000000000000e+00 9.264069264069264564e-01 9.604651162790698304e-01
5.708154506437768116e-01 8.888888888888888395e-01 7.476635514018691031e-02 1.379310344827586188e-01 5.334149236018395079e-01
5.890909090909091095e-01 3.846153846153846367e-01 9.345794392523364136e-02 1.503759398496240518e-01 4.991099243435692112e-01
5.138339920948616912e-01 0.000000000000000000e+00 0.000000000000000000e+00 0.000000000000000000e+00 4.452054794520547976e-01
5.547445255474452441e-01 0.000000000000000000e+00 0.000000000000000000e+00 0.000000000000000000e+00 4.550898203592814162e-01
