5.838926174496644750e-01 0.000000000000000000e+00 0.000000000000000000e+00 0.000000000000000000e+00 4.554973821989528604e-01
5.678571428571428381e-01 0.000000000000000000e+00 0.000000000000000000e+00 0.000000000000000000e+00 4.595375722543352803e-01
6.098484848484848619e-01 6.111111111111111605e-01 1.028037383177570069e-01 1.759999999999999898e-01 5.291088755283052114e-01
6.547231270358305766e-01 5.161290322580645018e-01 1.495327102803738206e-01 2.318840579710144401e-01 5.372663551401869464e-01
5.698924731182796188e-01 0.000000000000000000e+00 0.000000000000000000e+00 0.000000000000000000e+00 4.622093023255813837e-01
5.980066445182724566e-01 0.000000000000000000e+00 0.000000000000000000e+00 0.000000000000000000e+00 4.639175257731958935e-01
5.894039735099337873e-01 0.000000000000000000e+00 0.000000000000000000e+00 0.000000000000000000e+00 4.564102564102563986e-01
6.070287539936102261e-01 0.000000000000000000e+00 0.000000000000000000e+00 0.000000000000000000e+00 4.611650485436893376e-01
5.346938775510203801e-01 3.599999999999999867e-01 8.411214953271027583e-02 1.363636363636363535e-01 4.840850602736014863e-01
5.977859778597786056e-01 0.000000000000000000e+00 0.000000000000000000e+00 0.000000000000000000e+00 4.939024390243902385e-01
5.999999999999999778e-01 0.000000000000000000e+00 0.000000000000000000e+00 0.000000000000000000e+00 4.910714285714285476e-01
5.120000000000000107e-01 0.000000000000000000e+00 0.000000000000000000e+00 0.000000000000000000e+00 4.475524475524475521e-01
5.870307167235494505e-01 0.000000000000000000e+00 0.000000000000000000e+00 0.000000000000000000e+00 4.623655913978494403e-01
5.080000000000000071e-01 0.000000000000000000e+00 0.000000000000000000e+00 0.000000000000000000e+00 4.440559440559440629e-01
9.803278688524590390e-01 9.549549549549549710e-01 9.906542056074766345e-01 9.724770642201835402e-01 9.827008401774756097e-01
5.416666666666666297e-01 0.000000000000000000e+00 0.000000000000000000e+00 0.000000000000000000e+00 4.554140127388535131e-01
9.472049689440993347e-01 8.629032258064516236e-01 1.000000000000000000e+00 9.264069264069264564e-01 9.604651162790698304e-01
9.158878504672897103e-01 8.571428571428570953e-01 8.971962616822429792e-01 8.767123287671232390e-01 9.112149532710280830e-01
8.386075949367088889e-01 8.255813953488372325e-01 6.635514018691588412e-01 7.357512953367874031e-01 7.958905334704645673e-01
7.206896551724137900e-01 7.321428571428570953e-01 3.831775700934579310e-01 5.030674846625766694e-01 6.506051784893519541e-01
5.714285714285713969e-01 4.230769230769230727e-01 1.028037383177570069e-01 1.654135338345864847e-01 5.020597638957206010e-01
6.275167785234899709e-01 4.333333333333333481e-01 1.214953271028037379e-01 1.897810218978102370e-01 5.162450457503546808e-01
4.789915966386554813e-01 0.000000000000000000e+00 0.000000000000000000e+00 0.000000000000000000e+00 4.351145038167938961e-01
6.766666666666666385e-01 7.500000000000000000e-01 1.401869158878504551e-01 2.362204724409448509e-01 5.571400900682774715e-01
5.080000000000000071e-01 0.000000000000000000e+00 0.000000000000000000e+00 0.000000000000000000e+00 4.440559440559440629e-01
9.803278688524590390e-01 9.549549549549549710e-01 9.906542056074766345e-01 9.724770642201835402e-01 9.827008401774756097e-01
5.925925925925925597e-01 0.000000000000000000e+00 0.000000000000000000e+00 0.000000000000000000e+00 4.631578947368421018e-01
5.892255892255892080e-01 0.000000000000000000e+00 0.000000000000000000e+00 0.000000000000000000e+00 4.605263157894736725e-01
6.184210526315789824e-01 2.857142857142856984e-01 5.607476635514018620e-02 9.374999999999998612e-02 4.899663171877223777e-01
6.056338028169013787e-01 3.809523809523809312e-01 7.476635514018691031e-02 1.249999999999999861e-01 5.006600137282855023e-01
6.226415094339622369e-01 8.888888888888888395e-01 7.476635514018691031e-02 1.379310344827586188e-01 5.342186206080681288e-01
9.803921568627450567e-01 9.549549549549549710e-01 9.906542056074766345e-01 9.724770642201835402e-01 9.827642887333865040e-01
6.711864406779660674e-01 6.250000000000000000e-01 2.336448598130841103e-01 3.401360544217686965e-01 5.769288128852654296e-01
6.287625418060200921e-01 0.000000000000000000e+00 0.000000000000000000e+00 0.000000000000000000e+00 4.895833333333333148e-01
9.472049689440993347e-01 8.629032258064516236e-01 1.000000000000000000e+00 9.264069264069264564e-01 9.604651162790698304e-01
9.472049689440993347e-01 8.629032258064516236e-01 1.000000000000000000e+00 9.264069264069264564e-01 9.604651162790698304e-01
9.681528662420382236e-01 9.145299145299145005e-01 1.000000000000000000e+00 9.553571428571429047e-01 9.758454106280193274e-01
