9.501557632398753839e-01 8.699186991869918284e-01 1.000000000000000000e+00 9.304347826086956097e-01 9.626168224299065379e-01
6.478873239436619969e-01 7.692307692307692735e-01 9.345794392523364136e-02 1.666666666666666574e-01 5.382543956914304095e-01
9.498432601880877346e-01 8.699186991869918284e-01 1.000000000000000000e+00 9.304347826086956097e-01 9.622641509433962348e-01
9.472049689440993347e-01 8.629032258064516236e-01 1.000000000000000000e+00 9.264069264069264564e-01 9.604651162790698304e-01
9.472049689440993347e-01 8.629032258064516236e-01 1.000000000000000000e+00 9.264069264069264564e-01 9.604651162790698304e-01
5.993377483443708131e-01 0.000000000000000000e+00 0.000000000000000000e+00 0.000000000000000000e+00 4.641025641025641191e-01
9.472049689440993347e-01 8.629032258064516236e-01 1.000000000000000000e+00 9.264069264069264564e-01 9.604651162790698304e-01
9.738562091503267792e-01 9.304347826086956097e-01 1.000000000000000000e+00 9.639639639639638879e-01 9.798994974874372099e-01
6.120996441281139067e-01 4.583333333333333148e-01 1.028037383177570069e-01 1.679389312977099258e-01 5.140455473197980130e-01
9.531250000000000000e-01 8.770491803278688270e-01 1.000000000000000000e+00 9.344978165938864212e-01 9.647887323943661331e-01
6.139240506329114444e-01 0.000000000000000000e+00 0.000000000000000000e+00 0.000000000000000000e+00 4.641148325358851467e-01
6.950819672131147708e-01 6.521739130434782705e-01 2.803738317757009102e-01 3.921568627450979783e-01 5.997828754838100407e-01
9.771986970684038987e-01 9.385964912280702066e-01 1.000000000000000000e+00 9.683257918552036214e-01 9.824999999999999289e-01
4.692982456140351033e-01 0.000000000000000000e+00 0.000000000000000000e+00 0.000000000000000000e+00 4.421487603305784830e-01
5.813148788927335886e-01 0.000000000000000000e+00 0.000000000000000000e+00 0.000000000000000000e+00 4.615384615384615641e-01
6.006493506493506551e-01 0.000000000000000000e+00 0.000000000000000000e+00 0.000000000000000000e+00 4.601990049751243927e-01
6.508474576271185974e-01 6.666666666666666297e-01 7.476635514018691031e-02 1.344537815126050362e-01 5.267448796977529657e-01
9.472049689440993347e-01 8.629032258064516236e-01 1.000000000000000000e+00 9.264069264069264564e-01 9.604651162790698304e-01
7.441860465116278966e-01 8.409090909090909394e-01 3.457943925233644689e-01 4.900662251655629187e-01 6.548559591482800979e-01
9.472049689440993347e-01 8.629032258064516236e-01 1.000000000000000000e+00 9.264069264069264564e-01 9.604651162790698304e-01
6.953642384105960250e-01 7.777777777777777901e-01 1.962616822429906482e-01 3.134328358208954834e-01 5.827462257368799525e-01
5.693950177935943602e-01 0.000000000000000000e+00 0.000000000000000000e+00 0.000000000000000000e+00 4.597701149425287293e-01
6.019736842105263275e-01 0.000000000000000000e+00 0.000000000000000000e+00 0.000000000000000000e+00 4.644670050761421365e-01
5.539033457249070702e-01 0.000000000000000000e+00 0.000000000000000000e+00 0.000000000000000000e+00 4.598765432098765316e-01
4.692982456140351033e-01 0.000000000000000000e+00 0.000000000000000000e+00 0.000000000000000000e+00 4.421487603305784830e-01
5.813148788927335886e-01 0.000000000000000000e+00 0.000000000000000000e+00 0.000000000000000000e+00 4.615384615384615641e-01
7.052980132450331618e-01 6.800000000000000488e-01 3.177570093457943723e-01 4.331210191082802696e-01 6.178528636472561120e-01
5.986842105263158187e-01 0.000000000000000000e+00 0.000000000000000000e+00 0.000000000000000000e+00 4.619289340101522812e-01
9.472049689440993347e-01 8.629032258064516236e-01 1.000000000000000000e+00 9.264069264069264564e-01 9.604651162790698304e-01
6.103448275862068950e-01 3.636363636363636465e-01 7.476635514018691031e-02 1.240310077519379689e-01 4.991318114498748959e-01
5.303030303030302761e-01 0.000000000000000000e+00 0.000000000000000000e+00 0.000000000000000000e+00 4.458598726114649802e-01
5.020080321285140812e-01 0.000000000000000000e+00 0.000000000000000000e+00 0.000000000000000000e+00 4.401408450704225594e-01
7.138047138047137752e-01 6.964285714285713969e-01 3.644859813084111999e-01 4.785276073619632031e-01 6.375061485489423863e-01
5.692307692307692069e-01 0.000000000000000000e+00 0.000000000000000000e+00 0.000000000000000000e+00 4.836601307189542509e-01
5.966666666666666785e-01 0.000000000000000000e+00 0.000000000000000000e+00 0.000000000000000000e+00 4.637305699481865107e-01
9.472049689440993347e-01 8.629032258064516236e-01 1.000000000000000000e+00 9.264069264069264564e-01 9.604651162790698304e-01
6.400000000000000133e-01 8.333333333333333703e-01 9.345794392523364136e-02 1.680672268907562883e-01 5.407765910102358964e-01
