9.142857142857142572e-01 7.985074626865671377e-01 1.000000000000000000e+00 8.879668049792530660e-01 9.350961538461538547e-01
6.576271186440677541e-01 6.500000000000000222e-01 1.214953271028037379e-01 2.047244094488188948e-01 5.421306422748060072e-01
6.099999999999999867e-01 1.428571428571428492e-01 1.869158878504672758e-02 3.305785123966941547e-02 4.782577114909689620e-01
9.056603773584905870e-01 7.810218978102190235e-01 1.000000000000000000e+00 8.770491803278688270e-01 9.289099526066350032e-01
9.113924050632911111e-01 7.925925925925926263e-01 1.000000000000000000e+00 8.842975206611569661e-01 9.330143540669856295e-01
8.139534883720930258e-01 8.311688311688312236e-01 5.981308411214952825e-01 6.956521739130435700e-01 7.655602659215724470e-01
6.169491525423729250e-01 1.250000000000000000e-01 9.345794392523363789e-03 1.739130434782608717e-02 4.860558759196658696e-01
6.169491525423729250e-01 1.250000000000000000e-01 9.345794392523363789e-03 1.739130434782608717e-02 4.860558759196658696e-01
8.977635782747603876e-01 8.000000000000000444e-01 9.345794392523364413e-01 8.620689655172415478e-01 9.066101079756828662e-01
6.310344827586207295e-01 5.000000000000000000e-01 1.869158878504672758e-02 3.603603603603603572e-02 5.038813135182064196e-01
5.801282051282051766e-01 0.000000000000000000e+00 0.000000000000000000e+00 0.000000000000000000e+00 4.414634146341463450e-01
6.032786885245902120e-01 1.499999999999999944e-01 2.803738317757009310e-02 4.724409448818897572e-02 4.710893986594920646e-01
5.801282051282051766e-01 0.000000000000000000e+00 0.000000000000000000e+00 0.000000000000000000e+00 4.414634146341463450e-01
5.801282051282051766e-01 0.000000000000000000e+00 0.000000000000000000e+00 0.000000000000000000e+00 4.414634146341463450e-01
7.442622950819671734e-01 7.301587301587301182e-01 4.299065420560747586e-01 5.411764705882352589e-01 6.720239780987444789e-01
9.568106312292359306e-01 8.916666666666667185e-01 1.000000000000000000e+00 9.427312775330397576e-01 9.664948453608247503e-01
6.182432432432432012e-01 2.000000000000000111e-01 1.869158878504672758e-02 3.418803418803418454e-02 4.881817732285022027e-01
5.967213114754098546e-01 5.555555555555555247e-02 9.345794392523363789e-03 1.600000000000000033e-02 4.617436042669686991e-01
8.810289389067523791e-01 8.017241379310344751e-01 8.691588785046728827e-01 8.340807174887892028e-01 8.782068902327284654e-01
5.967213114754098546e-01 5.555555555555555247e-02 9.345794392523363789e-03 1.600000000000000033e-02 4.617436042669686991e-01
9.113924050632911111e-01 7.925925925925926263e-01 1.000000000000000000e+00 8.842975206611569661e-01 9.330143540669856295e-01
6.363636363636363535e-01 4.705882352941176405e-01 7.476635514018691031e-02 1.290322580645160977e-01 5.136989670437775990e-01
5.967213114754098546e-01 5.555555555555555247e-02 9.345794392523363789e-03 1.600000000000000033e-02 4.617436042669686991e-01
7.003367003367003685e-01 7.500000000000000000e-01 2.523364485981308136e-01 3.776223776223776585e-01 6.024840137727496270e-01
5.801282051282051766e-01 0.000000000000000000e+00 0.000000000000000000e+00 0.000000000000000000e+00 4.414634146341463450e-01
7.442622950819671734e-01 7.301587301587301182e-01 4.299065420560747586e-01 5.411764705882352589e-01 6.720239780987444789e-01
6.161616161616161325e-01 1.818181818181818232e-01 1.869158878504672758e-02 3.389830508474575566e-02 4.856615838662075579e-01
5.801282051282051766e-01 0.000000000000000000e+00 0.000000000000000000e+00 0.000000000000000000e+00 4.414634146341463450e-01
9.113924050632911111e-01 7.925925925925926263e-01 1.000000000000000000e+00 8.842975206611569661e-01 9.330143540669856295e-01
5.909090909090909394e-01 4.761904761904761640e-02 9.345794392523363789e-03 1.562499999999999827e-02 4.549216534151671043e-01
6.066666666666666874e-01 7.692307692307692735e-02 9.345794392523363789e-03 1.666666666666666644e-02 4.735848142947072237e-01
6.308724832214764877e-01 4.117647058823529216e-01 6.542056074766354479e-02 1.129032258064515959e-01 5.065322699026275632e-01
6.899999999999999467e-01 6.842105263157894912e-01 2.429906542056074759e-01 3.586206896551724088e-01 5.904072442012493482e-01
6.565656565656565746e-01 6.086956521739130821e-01 1.308411214953270896e-01 2.153846153846153411e-01 5.417363502213478066e-01
9.260450160771703798e-01 8.230769230769230393e-01 1.000000000000000000e+00 9.029535864978902593e-01 9.436274509803921351e-01
9.085173501577287203e-01 7.867647058823529216e-01 1.000000000000000000e+00 8.806584362139917577e-01 9.309523809523809756e-01
9.142857142857142572e-01 7.985074626865671377e-01 1.000000000000000000e+00 8.879668049792530660e-01 9.350961538461538547e-01
