5.947712418300653558e-01 5.263157894736841813e-02 9.345794392523363789e-03 1.587301587301587213e-02 4.594467665429953218e-01
5.947712418300653558e-01 5.263157894736841813e-02 9.345794392523363789e-03 1.587301587301587213e-02 4.594467665429953218e-01
6.275862068965517571e-01 3.333333333333333148e-01 9.345794392523363789e-03 1.818181818181818094e-02 4.992084163219446813e-01
7.542662116040955711e-01 8.888888888888888395e-01 3.738317757009345654e-01 5.263157894736841813e-01 6.734750276354135590e-01
9.473684210526315264e-01 8.699186991869918284e-01 1.000000000000000000e+00 9.304347826086956097e-01 9.593908629441624258e-01
6.644067796610169108e-01 6.818181818181817677e-01 1.401869158878504551e-01 2.325581395348837177e-01 5.514764366673294838e-01
9.411764705882352811e-01 8.559999999999999831e-01 1.000000000000000000e+00 9.224137931034482873e-01 9.547738693467336946e-01
9.290322580645161699e-01 8.294573643410853014e-01 1.000000000000000000e+00 9.067796610169490679e-01 9.458128078817734652e-01
5.801282051282051766e-01 0.000000000000000000e+00 0.000000000000000000e+00 0.000000000000000000e+00 4.414634146341463450e-01
8.382838283828383252e-01 8.295454545454545858e-01 6.822429906542055722e-01 7.487179487179487225e-01 8.028561892046538473e-01
6.026490066225165254e-01 6.666666666666666574e-02 9.345794392523363789e-03 1.639344262295081706e-02 4.687754612988257463e-01
9.473684210526315264e-01 8.699186991869918284e-01 1.000000000000000000e+00 9.304347826086956097e-01 9.593908629441624258e-01
6.046511627906976383e-01 7.142857142857142461e-02 9.345794392523363789e-03 1.652892561983470773e-02 4.711677425570863775e-01
5.960912052117264270e-01 9.523809523809523281e-02 1.869158878504672758e-02 3.124999999999999653e-02 4.618457943925233788e-01
9.320388349514563409e-01 8.359375000000000000e-01 1.000000000000000000e+00 9.106382978723404076e-01 9.480198019801980847e-01
6.275862068965517571e-01 3.333333333333333148e-01 9.345794392523363789e-03 1.818181818181818094e-02 4.992084163219446813e-01
9.028213166144201107e-01 7.753623188405797118e-01 1.000000000000000000e+00 8.734693877551020780e-01 9.268867924528301216e-01
9.113924050632911111e-01 7.925925925925926263e-01 1.000000000000000000e+00 8.842975206611569661e-01 9.330143540669856295e-01
6.107382550335570537e-01 9.090909090909091161e-02 9.345794392523363789e-03 1.694915254237287783e-02 4.784948867250574667e-01
5.967213114754098546e-01 5.555555555555555247e-02 9.345794392523363789e-03 1.600000000000000033e-02 4.617436042669686991e-01
9.142857142857142572e-01 7.985074626865671377e-01 1.000000000000000000e+00 8.879668049792530660e-01 9.350961538461538547e-01
9.230769230769231282e-01 8.167938931297710203e-01 1.000000000000000000e+00 8.991596638655461327e-01 9.414634146341464005e-01
5.801282051282051766e-01 0.000000000000000000e+00 0.000000000000000000e+00 0.000000000000000000e+00 4.414634146341463450e-01
6.275862068965517571e-01 3.333333333333333148e-01 9.345794392523363789e-03 1.818181818181818094e-02 4.992084163219446813e-01
5.960912052117264270e-01 9.523809523809523281e-02 1.869158878504672758e-02 3.124999999999999653e-02 4.618457943925233788e-01
9.320388349514563409e-01 8.359375000000000000e-01 1.000000000000000000e+00 9.106382978723404076e-01 9.480198019801980847e-01
9.230769230769231282e-01 8.167938931297710203e-01 1.000000000000000000e+00 8.991596638655461327e-01 9.414634146341464005e-01
5.967213114754098546e-01 5.555555555555555247e-02 9.345794392523363789e-03 1.600000000000000033e-02 4.617436042669686991e-01
5.801282051282051766e-01 0.000000000000000000e+00 0.000000000000000000e+00 0.000000000000000000e+00 4.414634146341463450e-01
8.217821782178217349e-01 8.192771084337349130e-01 6.355140186915887446e-01 7.157894736842104200e-01 7.794917032233453780e-01
6.169491525423729250e-01 1.250000000000000000e-01 9.345794392523363789e-03 1.739130434782608717e-02 4.860558759196658696e-01
9.442622950819672401e-01 8.629032258064516236e-01 1.000000000000000000e+00 9.264069264069264564e-01 9.570707070707070718e-01
6.086956521739130821e-01 8.333333333333332871e-02 9.345794392523363789e-03 1.680672268907562952e-02 4.760270638629283124e-01
6.169491525423729250e-01 1.250000000000000000e-01 9.345794392523363789e-03 1.739130434782608717e-02 4.860558759196658696e-01
9.260450160771703798e-01 8.230769230769230393e-01 1.000000000000000000e+00 9.029535864978902593e-01 9.436274509803921351e-01
9.028213166144201107e-01 7.753623188405797118e-01 1.000000000000000000e+00 8.734693877551020780e-01 9.268867924528301216e-01
8.970099667774086294e-01 8.725490196078431460e-01 8.317757009345794206e-01 8.516746411483253620e-01 8.823826958281144606e-01
