6.211604095563140193e-01 1.666666666666666574e-01 9.345794392523363789e-03 1.769911504424778390e-02 4.912320369812078757e-01
9.000000000000000222e-01 7.697841726618704916e-01 1.000000000000000000e+00 8.699186991869918284e-01 9.248826291079812467e-01
6.275862068965517571e-01 3.333333333333333148e-01 9.345794392523363789e-03 1.818181818181818094e-02 4.992084163219446813e-01
6.203389830508474478e-01 2.222222222222222099e-01 1.869158878504672758e-02 3.448275862068965469e-02 4.907287731159276079e-01
6.295081967213115304e-01 3.928571428571428492e-01 1.028037383177570069e-01 1.629629629629629484e-01 5.084725762295855267e-01
5.967213114754098546e-01 5.555555555555555247e-02 9.345794392523363789e-03 1.600000000000000033e-02 4.617436042669686991e-01
6.275862068965517571e-01 3.333333333333333148e-01 9.345794392523363789e-03 1.818181818181818094e-02 4.992084163219446813e-01
6.397306397306397052e-01 5.000000000000000000e-01 8.411214953271027583e-02 1.439999999999999891e-01 5.183718642400392262e-01
9.411764705882352811e-01 8.559999999999999831e-01 1.000000000000000000e+00 9.224137931034482873e-01 9.547738693467336946e-01
6.824324324324324564e-01 7.241379310344827624e-01 1.962616822429906482e-01 3.088235294117646634e-01 5.769668199574741196e-01
8.032786885245901676e-01 7.901234567901234129e-01 5.981308411214952825e-01 6.808510638297871065e-01 7.561361276314547686e-01
6.275862068965517571e-01 3.333333333333333148e-01 9.345794392523363789e-03 1.818181818181818094e-02 4.992084163219446813e-01
8.673139158576051999e-01 8.055555555555555802e-01 8.130841121495326895e-01 8.093023255813953654e-01 8.545618580549643184e-01
6.107382550335570537e-01 9.090909090909091161e-02 9.345794392523363789e-03 1.694915254237287783e-02 4.784948867250574667e-01
6.066666666666666874e-01 7.692307692307692735e-02 9.345794392523363789e-03 1.666666666666666644e-02 4.735848142947072237e-01
6.107382550335570537e-01 9.090909090909091161e-02 9.345794392523363789e-03 1.694915254237287783e-02 4.784948867250574667e-01
6.066666666666666874e-01 7.692307692307692735e-02 9.345794392523363789e-03 1.666666666666666644e-02 4.735848142947072237e-01
5.801282051282051766e-01 0.000000000000000000e+00 0.000000000000000000e+00 0.000000000000000000e+00 4.414634146341463450e-01
9.260450160771703798e-01 8.230769230769230393e-01 1.000000000000000000e+00 9.029535864978902593e-01 9.436274509803921351e-01
9.536423841059602502e-01 8.842975206611570771e-01 1.000000000000000000e+00 9.385964912280702066e-01 9.641025641025641191e-01
7.235494880546075036e-01 8.611111111111111605e-01 2.897196261682242757e-01 4.335664335664335400e-01 6.314189528690583586e-01
6.274509803921568540e-01 3.793103448275861878e-01 1.028037383177570069e-01 1.617647058823529493e-01 5.061757385056121494e-01
6.894197952218430459e-01 8.076923076923077094e-01 1.962616822429906482e-01 3.157894736842105643e-01 5.846899809064415310e-01
8.829431438127089971e-01 8.829787234042553168e-01 7.757009345794392274e-01 8.258706467661692807e-01 8.592046339563863544e-01
6.107382550335570537e-01 9.090909090909091161e-02 9.345794392523363789e-03 1.694915254237287783e-02 4.784948867250574667e-01
6.066666666666666874e-01 7.692307692307692735e-02 9.345794392523363789e-03 1.666666666666666644e-02 4.735848142947072237e-01
6.107382550335570537e-01 9.090909090909091161e-02 9.345794392523363789e-03 1.694915254237287783e-02 4.784948867250574667e-01
6.066666666666666874e-01 7.692307692307692735e-02 9.345794392523363789e-03 1.666666666666666644e-02 4.735848142947072237e-01
6.046511627906976383e-01 7.142857142857142461e-02 9.345794392523363789e-03 1.652892561983470773e-02 4.711677425570863775e-01
6.148648648648649129e-01 1.111111111111111049e-01 9.345794392523363789e-03 1.724137931034482735e-02 4.835088760322404644e-01
6.127946127946127808e-01 1.000000000000000056e-01 9.345794392523363789e-03 1.709401709401709227e-02 4.809886866699458197e-01
6.148648648648649129e-01 1.111111111111111049e-01 9.345794392523363789e-03 1.724137931034482735e-02 4.835088760322404644e-01
9.230769230769231282e-01 8.167938931297710203e-01 1.000000000000000000e+00 8.991596638655461327e-01 9.414634146341464005e-01
6.319444444444444198e-01 1.000000000000000000e+00 9.345794392523363789e-03 1.851851851851851749e-02 5.046728971962616273e-01
9.113924050632911111e-01 7.925925925925926263e-01 1.000000000000000000e+00 8.842975206611569661e-01 9.330143540669856295e-01
5.986842105263158187e-01 5.882352941176470507e-02 9.345794392523363789e-03 1.612903225806451221e-02 4.640637601404240531e-01
6.086956521739130821e-01 8.333333333333332871e-02 9.345794392523363789e-03 1.680672268907562952e-02 4.760270638629283124e-01
