8.105263157894736503e-01 8.441558441558441039e-01 6.074766355140186480e-01 7.065217391304348116e-01 7.700304525884700269e-01
9.585987261146496907e-01 8.916666666666667185e-01 1.000000000000000000e+00 9.427312775330397576e-01 9.685990338164250923e-01
7.539432176656151174e-01 7.377049180327869271e-01 4.205607476635513930e-01 5.357142857142856984e-01 6.721851357365375979e-01
9.526813880126182577e-01 8.770491803278688270e-01 1.000000000000000000e+00 9.344978165938864212e-01 9.642857142857143016e-01
7.966666666666666341e-01 8.108108108108108558e-01 5.607476635514018204e-01 6.629834254143646133e-01 7.441044017238874764e-01
9.467084639498433152e-01 8.629032258064516236e-01 1.000000000000000000e+00 9.264069264069264564e-01 9.599056603773584717e-01
7.015873015873015373e-01 6.444444444444444864e-01 2.710280373831775447e-01 3.815789473684210176e-01 5.970524802300503087e-01
6.234177215189873333e-01 2.500000000000000000e-01 5.607476635514018620e-02 9.160305343511450371e-02 4.849751822206322949e-01
9.467084639498433152e-01 8.629032258064516236e-01 1.000000000000000000e+00 9.264069264069264564e-01 9.599056603773584717e-01
9.467084639498433152e-01 8.629032258064516236e-01 1.000000000000000000e+00 9.264069264069264564e-01 9.599056603773584717e-01
5.838926174496644750e-01 0.000000000000000000e+00 0.000000000000000000e+00 0.000000000000000000e+00 4.554973821989528604e-01
9.378881987577639689e-01 8.425196850393700254e-01 1.000000000000000000e+00 9.145299145299145005e-01 9.534883720930232842e-01
8.253968253968253510e-01 8.170731707317072656e-01 6.261682242990653791e-01 7.089947089947089554e-01 7.770264198418403989e-01
6.835443037974683334e-01 5.853658536585365502e-01 2.242990654205607448e-01 3.243243243243243423e-01 5.714796762509501971e-01
8.026755852842809569e-01 8.000000000000000444e-01 5.981308411214952825e-01 6.844919786096256287e-01 7.573987538940809561e-01
9.496855345911949797e-01 8.699186991869918284e-01 1.000000000000000000e+00 9.304347826086956097e-01 9.620853080568720905e-01
9.526813880126182577e-01 8.770491803278688270e-01 1.000000000000000000e+00 9.344978165938864212e-01 9.642857142857143016e-01
6.201298701298700866e-01 3.214285714285714524e-01 8.411214953271027583e-02 1.333333333333333315e-01 4.947923931743152814e-01
9.378881987577639689e-01 8.425196850393700254e-01 1.000000000000000000e+00 9.145299145299145005e-01 9.534883720930232842e-01
5.833333333333333703e-01 0.000000000000000000e+00 0.000000000000000000e+00 0.000000000000000000e+00 4.533678756476683946e-01
6.013289036544851029e-01 6.666666666666666574e-02 9.345794392523363789e-03 1.639344262295081706e-02 4.685904229694575207e-01
8.562300319488818090e-01 8.163265306122449161e-01 7.476635514018691309e-01 7.804878048780486965e-01 8.301424553125851258e-01
7.561837455830389132e-01 8.064516129032257563e-01 4.672897196261682207e-01 5.917159763313608600e-01 6.995539507221750775e-01
9.496855345911949797e-01 8.699186991869918284e-01 1.000000000000000000e+00 9.304347826086956097e-01 9.620853080568720905e-01
6.835443037974683334e-01 5.853658536585365502e-01 2.242990654205607448e-01 3.243243243243243423e-01 5.714796762509501971e-01
8.026755852842809569e-01 8.000000000000000444e-01 5.981308411214952825e-01 6.844919786096256287e-01 7.573987538940809561e-01
9.378881987577639689e-01 8.425196850393700254e-01 1.000000000000000000e+00 9.145299145299145005e-01 9.534883720930232842e-01
5.816326530612244694e-01 0.000000000000000000e+00 0.000000000000000000e+00 0.000000000000000000e+00 4.572192513368983913e-01
5.767918088737201687e-01 0.000000000000000000e+00 0.000000000000000000e+00 0.000000000000000000e+00 4.543010752688171894e-01
9.437499999999999778e-01 8.559999999999999831e-01 1.000000000000000000e+00 9.224137931034482873e-01 9.577464788732394929e-01
8.083067092651756713e-01 7.974683544303797778e-01 5.887850467289719170e-01 6.774193548387097419e-01 7.555575719081752961e-01
6.270627062706271015e-01 4.000000000000000222e-01 1.121495327102803724e-01 1.751824817518248256e-01 5.101563990082014222e-01
9.378881987577639689e-01 8.425196850393700254e-01 1.000000000000000000e+00 9.145299145299145005e-01 9.534883720930232842e-01
6.624605678233438377e-01 5.000000000000000000e-01 1.495327102803738206e-01 2.302158273381294806e-01 5.366711170449488533e-01
9.378881987577639689e-01 8.425196850393700254e-01 1.000000000000000000e+00 9.145299145299145005e-01 9.534883720930232842e-01
9.378881987577639689e-01 8.425196850393700254e-01 1.000000000000000000e+00 9.145299145299145005e-01 9.534883720930232842e-01
8.782051282051281937e-01 8.484848484848485084e-01 7.850467289719625930e-01 8.155339805825242427e-01 8.559379986323227829e-01
