6.302250803858521211e-01 3.461538461538461453e-01 8.411214953271027583e-02 1.353383458646616466e-01 5.003894080996884597e-01
9.378881987577639689e-01 8.425196850393700254e-01 1.000000000000000000e+00 9.145299145299145005e-01 9.534883720930232842e-01
9.408099688473520184e-01 8.492063492063491870e-01 1.000000000000000000e+00 9.184549356223175032e-01 9.556074766355140415e-01
9.617834394904458684e-01 8.991596638655462437e-01 1.000000000000000000e+00 9.469026548672566657e-01 9.710144927536231707e-01
6.223021582733813117e-01 5.500000000000000444e-01 1.028037383177570069e-01 1.732283464566929110e-01 5.250860796851942736e-01
9.437499999999999778e-01 8.559999999999999831e-01 1.000000000000000000e+00 9.224137931034482873e-01 9.577464788732394929e-01
8.499999999999999778e-01 8.105263157894736503e-01 7.196261682242990343e-01 7.623762376237622762e-01 8.175595629853890101e-01
6.232876712328767610e-01 4.000000000000000222e-01 5.607476635514018620e-02 9.836065573770491621e-02 5.037130588532457987e-01
9.378881987577639689e-01 8.425196850393700254e-01 1.000000000000000000e+00 9.145299145299145005e-01 9.534883720930232842e-01
6.455696202531645556e-01 4.285714285714285476e-01 1.401869158878504551e-01 2.112676056338028130e-01 5.222465679917720482e-01
7.398119122257053037e-01 7.068965517241379004e-01 3.831775700934579310e-01 4.969696969696969502e-01 6.514944454240874094e-01
9.378881987577639689e-01 8.425196850393700254e-01 1.000000000000000000e+00 9.145299145299145005e-01 9.534883720930232842e-01
9.523809523809523281e-01 8.770491803278688270e-01 1.000000000000000000e+00 9.344978165938864212e-01 9.639423076923077094e-01
5.894039735099337873e-01 0.000000000000000000e+00 0.000000000000000000e+00 0.000000000000000000e+00 4.564102564102563986e-01
9.378881987577639689e-01 8.425196850393700254e-01 1.000000000000000000e+00 9.145299145299145005e-01 9.534883720930232842e-01
7.151898734177215555e-01 6.603773584905660021e-01 3.271028037383177378e-01 4.374999999999999445e-01 6.204892009122210395e-01
5.595667870036100666e-01 1.052631578947368363e-01 1.869158878504672758e-02 3.174603174603174427e-02 4.593457943925233766e-01
7.210031347962382320e-01 6.607142857142856984e-01 3.457943925233644689e-01 4.539877300613496813e-01 6.280858755069652632e-01
5.487364620938628423e-01 0.000000000000000000e+00 0.000000000000000000e+00 0.000000000000000000e+00 4.470588235294117863e-01
9.340277777777777901e-01 9.399999999999999467e-01 8.785046728971962482e-01 9.082125603864734664e-01 9.226777508132389949e-01
7.874999999999999778e-01 7.600000000000000089e-01 5.327102803738317238e-01 6.263736263736263687e-01 7.241016190601553548e-01
9.467084639498433152e-01 8.629032258064516236e-01 1.000000000000000000e+00 9.264069264069264564e-01 9.599056603773584717e-01
6.351791530944624897e-01 3.913043478260869734e-01 8.411214953271027583e-02 1.384615384615384415e-01 5.070560747663550583e-01
9.467084639498433152e-01 8.629032258064516236e-01 1.000000000000000000e+00 9.264069264069264564e-01 9.599056603773584717e-01
5.894039735099337873e-01 0.000000000000000000e+00 0.000000000000000000e+00 0.000000000000000000e+00 4.564102564102563986e-01
9.378881987577639689e-01 8.425196850393700254e-01 1.000000000000000000e+00 9.145299145299145005e-01 9.534883720930232842e-01
6.354515050167224288e-01 4.583333333333333148e-01 1.028037383177570069e-01 1.679389312977099258e-01 5.175477024922118252e-01
6.343042071197411147e-01 3.846153846153846367e-01 9.345794392523364136e-02 1.503759398496240518e-01 5.071250115665772995e-01
5.574912891986062435e-01 0.000000000000000000e+00 0.000000000000000000e+00 0.000000000000000000e+00 4.444444444444444198e-01
5.655172413793103647e-01 0.000000000000000000e+00 0.000000000000000000e+00 0.000000000000000000e+00 4.480874316939890689e-01
6.267123287671232390e-01 4.722222222222222099e-01 1.588785046728971861e-01 2.377622377622377603e-01 5.280879009850971695e-01
7.056856187290969640e-01 7.435897435897436125e-01 2.710280373831775447e-01 3.972602739726027177e-01 6.094723520249220039e-01
9.378881987577639689e-01 8.425196850393700254e-01 1.000000000000000000e+00 9.145299145299145005e-01 9.534883720930232842e-01
6.302250803858521211e-01 3.333333333333333148e-01 7.476635514018691031e-02 1.221374045801526531e-01 4.981674912955836865e-01
5.542168674698795261e-01 4.000000000000000222e-01 7.476635514018691031e-02 1.259842519685039075e-01 4.951296564433328995e-01
9.402515723270440384e-01 8.606557377049179891e-01 9.813084112149532690e-01 9.170305676855895483e-01 9.503698454179031474e-01
9.378881987577639689e-01 8.425196850393700254e-01 1.000000000000000000e+00 9.145299145299145005e-01 9.534883720930232842e-01
