9.496855345911949797e-01 8.699186991869918284e-01 1.000000000000000000e+00 9.304347826086956097e-01 9.620853080568720905e-01
7.056962025316455556e-01 6.521739130434782705e-01 2.803738317757009102e-01 3.921568627450979783e-01 6.019094039261280171e-01
9.378881987577639689e-01 8.425196850393700254e-01 1.000000000000000000e+00 9.145299145299145005e-01 9.534883720930232842e-01
9.523809523809523281e-01 8.770491803278688270e-01 1.000000000000000000e+00 9.344978165938864212e-01 9.639423076923077094e-01
9.378881987577639689e-01 8.425196850393700254e-01 1.000000000000000000e+00 9.145299145299145005e-01 9.534883720930232842e-01
9.378881987577639689e-01 8.425196850393700254e-01 1.000000000000000000e+00 9.145299145299145005e-01 9.534883720930232842e-01
9.378881987577639689e-01 8.425196850393700254e-01 1.000000000000000000e+00 9.145299145299145005e-01 9.534883720930232842e-01
5.958904109589041598e-01 0.000000000000000000e+00 0.000000000000000000e+00 0.000000000000000000e+00 4.702702702702702409e-01
8.051948051948052409e-01 8.507462686567164312e-01 5.327102803738317238e-01 6.551724137931034253e-01 7.414795182963686004e-01
9.378881987577639689e-01 8.425196850393700254e-01 1.000000000000000000e+00 9.145299145299145005e-01 9.534883720930232842e-01
6.112852664576802209e-01 0.000000000000000000e+00 0.000000000000000000e+00 0.000000000000000000e+00 4.599056603773584717e-01
9.378881987577639689e-01 8.425196850393700254e-01 1.000000000000000000e+00 9.145299145299145005e-01 9.534883720930232842e-01
7.269736842105263275e-01 7.500000000000000000e-01 3.364485981308411033e-01 4.645161290322579739e-01 6.377674462735424266e-01
9.272151898734176667e-01 8.559322033898305593e-01 9.439252336448598069e-01 8.977777777777777857e-01 9.312927603630997142e-01
9.585987261146496907e-01 8.983050847457627608e-01 9.906542056074766345e-01 9.422222222222221832e-01 9.663415955573613214e-01
9.378881987577639689e-01 8.425196850393700254e-01 1.000000000000000000e+00 9.145299145299145005e-01 9.534883720930232842e-01
9.648562300319488694e-01 9.067796610169491789e-01 1.000000000000000000e+00 9.511111111111111294e-01 9.733009708737864196e-01
9.378881987577639689e-01 8.425196850393700254e-01 1.000000000000000000e+00 9.145299145299145005e-01 9.534883720930232842e-01
9.378881987577639689e-01 8.425196850393700254e-01 1.000000000000000000e+00 9.145299145299145005e-01 9.534883720930232842e-01
9.378881987577639689e-01 8.425196850393700254e-01 1.000000000000000000e+00 9.145299145299145005e-01 9.534883720930232842e-01
9.408099688473520184e-01 8.492063492063491870e-01 1.000000000000000000e+00 9.184549356223175032e-01 9.556074766355140415e-01
9.496855345911949797e-01 8.699186991869918284e-01 1.000000000000000000e+00 9.304347826086956097e-01 9.620853080568720905e-01
9.378881987577639689e-01 8.425196850393700254e-01 1.000000000000000000e+00 9.145299145299145005e-01 9.534883720930232842e-01
9.378881987577639689e-01 8.425196850393700254e-01 1.000000000000000000e+00 9.145299145299145005e-01 9.534883720930232842e-01
9.272151898734176667e-01 8.559322033898305593e-01 9.439252336448598069e-01 8.977777777777777857e-01 9.312927603630997142e-01
9.585987261146496907e-01 8.983050847457627608e-01 9.906542056074766345e-01 9.422222222222221832e-01 9.663415955573613214e-01
6.234177215189873333e-01 1.666666666666666574e-01 2.803738317757009310e-02 4.800000000000000100e-02 4.781335241246701395e-01
9.435736677115987847e-01 8.559999999999999831e-01 1.000000000000000000e+00 9.224137931034482873e-01 9.575471698113208197e-01
9.378881987577639689e-01 8.425196850393700254e-01 1.000000000000000000e+00 9.145299145299145005e-01 9.534883720930232842e-01
9.378881987577639689e-01 8.425196850393700254e-01 1.000000000000000000e+00 9.145299145299145005e-01 9.534883720930232842e-01
6.329113924050633333e-01 3.200000000000000067e-01 7.476635514018691031e-02 1.212121212121212016e-01 4.967133211107633284e-01
9.378881987577639689e-01 8.425196850393700254e-01 1.000000000000000000e+00 9.145299145299145005e-01 9.534883720930232842e-01
9.378881987577639689e-01 8.425196850393700254e-01 1.000000000000000000e+00 9.145299145299145005e-01 9.534883720930232842e-01
9.365079365079365115e-01 8.655462184873949916e-01 9.626168224299065379e-01 9.115044247787611464e-01 9.428468727534149441e-01
8.892508143322475078e-01 8.686868686868687295e-01 8.037383177570093240e-01 8.349514563106795739e-01 8.693691588785047442e-01
9.378881987577639689e-01 8.425196850393700254e-01 1.000000000000000000e+00 9.145299145299145005e-01 9.534883720930232842e-01
6.163934426229508157e-01 0.000000000000000000e+00 0.000000000000000000e+00 0.000000000000000000e+00 4.747474747474747514e-01
