8.647798742138365080e-01 7.133333333333333748e-01 1.000000000000000000e+00 8.326848249027237747e-01 8.981042654028436045e-01
6.947040498442367262e-01 5.445544554455445940e-01 5.140186915887849928e-01 5.288461538461538547e-01 6.495327102803738484e-01
8.730158730158730229e-01 7.278911564625850650e-01 1.000000000000000000e+00 8.425196850393700254e-01 9.038461538461538547e-01
5.217391304347825942e-01 0.000000000000000000e+00 0.000000000000000000e+00 0.000000000000000000e+00 3.906976744186046457e-01
8.842443729903537442e-01 7.482517482517482277e-01 1.000000000000000000e+00 8.559999999999999831e-01 9.117647058823529216e-01
6.956521739130434590e-01 5.436893203883494952e-01 5.233644859813083583e-01 5.333333333333333259e-01 6.523799174092588249e-01
5.401929260450161197e-01 0.000000000000000000e+00 0.000000000000000000e+00 0.000000000000000000e+00 4.117647058823529216e-01
5.217391304347825942e-01 0.000000000000000000e+00 0.000000000000000000e+00 0.000000000000000000e+00 3.906976744186046457e-01
7.612903225806451069e-01 6.601941747572815933e-01 6.355140186915887446e-01 6.476190476190475387e-01 7.315501127940702286e-01
5.451612903225806495e-01 2.777777777777777624e-02 9.345794392523363789e-03 1.398601398601398600e-02 4.184660006445374836e-01
5.217391304347825942e-01 0.000000000000000000e+00 0.000000000000000000e+00 0.000000000000000000e+00 3.906976744186046457e-01
5.217391304347825942e-01 0.000000000000000000e+00 0.000000000000000000e+00 0.000000000000000000e+00 3.906976744186046457e-01
8.540372670807453437e-01 6.948051948051947591e-01 1.000000000000000000e+00 8.199233716475095024e-01 8.906976744186045902e-01
5.217391304347825942e-01 0.000000000000000000e+00 0.000000000000000000e+00 0.000000000000000000e+00 3.906976744186046457e-01
5.434083601286173737e-01 2.702702702702702853e-02 9.345794392523363789e-03 1.388888888888888638e-02 4.164376030786145488e-01
8.566978193146417286e-01 6.993464052287581278e-01 1.000000000000000000e+00 8.230769230769230393e-01 8.925233644859812410e-01
8.354430379746835555e-01 7.007299270072993025e-01 8.971962616822429792e-01 7.868852459016393297e-01 8.505120064392075463e-01
5.422077922077922496e-01 2.777777777777777624e-02 9.345794392523363789e-03 1.398601398601398600e-02 4.176082205793462121e-01
8.785942492012779326e-01 7.379310344827586521e-01 1.000000000000000000e+00 8.492063492063492980e-01 9.077669902912620659e-01
5.217391304347825942e-01 0.000000000000000000e+00 0.000000000000000000e+00 0.000000000000000000e+00 3.906976744186046457e-01
8.842443729903537442e-01 7.482517482517482277e-01 1.000000000000000000e+00 8.559999999999999831e-01 9.117647058823529216e-01
5.217391304347825942e-01 0.000000000000000000e+00 0.000000000000000000e+00 0.000000000000000000e+00 3.906976744186046457e-01
7.111111111111111382e-01 5.833333333333333703e-01 5.233644859813083583e-01 5.517241379310344751e-01 6.655283968368080894e-01
5.348101265822784445e-01 2.380952380952380820e-02 9.345794392523363789e-03 1.342281879194630670e-02 4.065867727943477394e-01
5.217391304347825942e-01 0.000000000000000000e+00 0.000000000000000000e+00 0.000000000000000000e+00 3.906976744186046457e-01
5.434083601286173737e-01 2.702702702702702853e-02 9.345794392523363789e-03 1.388888888888888638e-02 4.164376030786145488e-01
5.217391304347825942e-01 0.000000000000000000e+00 0.000000000000000000e+00 0.000000000000000000e+00 3.906976744186046457e-01
5.217391304347825942e-01 0.000000000000000000e+00 0.000000000000000000e+00 0.000000000000000000e+00 3.906976744186046457e-01
8.842443729903537442e-01 7.482517482517482277e-01 1.000000000000000000e+00 8.559999999999999831e-01 9.117647058823529216e-01
8.730158730158730229e-01 7.278911564625850650e-01 1.000000000000000000e+00 8.425196850393700254e-01 9.038461538461538547e-01
5.217391304347825942e-01 0.000000000000000000e+00 0.000000000000000000e+00 0.000000000000000000e+00 3.906976744186046457e-01
5.217391304347825942e-01 0.000000000000000000e+00 0.000000000000000000e+00 0.000000000000000000e+00 3.906976744186046457e-01
8.593750000000000000e-01 7.039473684210526550e-01 1.000000000000000000e+00 8.262548262548262690e-01 8.943661971830986213e-01
5.880398671096345176e-01 2.820512820512820484e-01 1.028037383177570069e-01 1.506849315068493067e-01 4.792369207052702973e-01
5.217391304347825942e-01 0.000000000000000000e+00 0.000000000000000000e+00 0.000000000000000000e+00 3.906976744186046457e-01
8.647798742138365080e-01 7.133333333333333748e-01 1.000000000000000000e+00 8.326848249027237747e-01 8.981042654028436045e-01
8.842443729903537442e-01 7.482517482517482277e-01 1.000000000000000000e+00 8.559999999999999831e-01 9.117647058823529216e-01
