5.967741935483871218e-01 3.269230769230769273e-01 1.588785046728971861e-01 2.138364779874213917e-01 4.932323557847244078e-01
8.714733542319749171e-01 7.229729729729730270e-01 1.000000000000000000e+00 8.392156862745098200e-01 9.033018867924528239e-01
6.501650165016501504e-01 5.098039215686274161e-01 2.429906542056074759e-01 3.291139240506328889e-01 5.577198168987220761e-01
7.770491803278688492e-01 7.096774193548387455e-01 6.168224299065420135e-01 6.599999999999999201e-01 7.402293967714527190e-01
5.310559006211179600e-01 0.000000000000000000e+00 0.000000000000000000e+00 0.000000000000000000e+00 3.976744186046511365e-01
5.796610169491525077e-01 9.523809523809523281e-02 1.869158878504672758e-02 3.124999999999999653e-02 4.588138794989063407e-01
5.374592833876221665e-01 2.702702702702702853e-02 9.345794392523363789e-03 1.388888888888888638e-02 4.146728971962616583e-01
5.480769230769231282e-01 0.000000000000000000e+00 0.000000000000000000e+00 0.000000000000000000e+00 4.170731707317072989e-01
9.084967320261437829e-01 7.925925925925926263e-01 1.000000000000000000e+00 8.842975206611569661e-01 9.296482412060301792e-01
8.938906752411575063e-01 7.642857142857142350e-01 1.000000000000000000e+00 8.663967611336031993e-01 9.191176470588235947e-01
8.881789137380191601e-01 7.535211267605633756e-01 1.000000000000000000e+00 8.594377510040159818e-01 9.150485436893203151e-01
9.055374592833875802e-01 7.867647058823529216e-01 1.000000000000000000e+00 8.806584362139917577e-01 9.274999999999999911e-01
7.635782747603834242e-01 6.542056074766354756e-01 6.542056074766354756e-01 6.542056074766354756e-01 7.372969784955992756e-01
5.555555555555555802e-01 3.225806451612903136e-02 9.345794392523363789e-03 1.449275362318840250e-02 4.292960127741510812e-01
8.825396825396825129e-01 7.430555555555555802e-01 1.000000000000000000e+00 8.525896414342629681e-01 9.110576923076922906e-01
5.310559006211179600e-01 0.000000000000000000e+00 0.000000000000000000e+00 0.000000000000000000e+00 3.976744186046511365e-01
5.310559006211179600e-01 0.000000000000000000e+00 0.000000000000000000e+00 0.000000000000000000e+00 3.976744186046511365e-01
8.910256410256410797e-01 7.588652482269503396e-01 1.000000000000000000e+00 8.629032258064516236e-01 9.170731707317072434e-01
7.916666666666666297e-01 6.842105263157894912e-01 7.289719626168223998e-01 7.058823529411765163e-01 7.766811032596306896e-01
9.084967320261437829e-01 7.925925925925926263e-01 1.000000000000000000e+00 8.842975206611569661e-01 9.296482412060301792e-01
8.996763754045307149e-01 7.753623188405797118e-01 1.000000000000000000e+00 8.734693877551020780e-01 9.232673267326731992e-01
5.310559006211179600e-01 0.000000000000000000e+00 0.000000000000000000e+00 0.000000000000000000e+00 3.976744186046511365e-01
5.480769230769231282e-01 0.000000000000000000e+00 0.000000000000000000e+00 0.000000000000000000e+00 4.170731707317072989e-01
7.967213114754098102e-01 6.991150442477875870e-01 7.383177570093457653e-01 7.181818181818181435e-01 7.833002926460870263e-01
5.555555555555555802e-01 3.225806451612903136e-02 9.345794392523363789e-03 1.449275362318840250e-02 4.292960127741510812e-01
8.825396825396825129e-01 7.430555555555555802e-01 1.000000000000000000e+00 8.525896414342629681e-01 9.110576923076922906e-01
5.310559006211179600e-01 0.000000000000000000e+00 0.000000000000000000e+00 0.000000000000000000e+00 3.976744186046511365e-01
5.374592833876221665e-01 2.702702702702702853e-02 9.345794392523363789e-03 1.388888888888888638e-02 4.146728971962616583e-01
5.374592833876221665e-01 2.702702702702702853e-02 9.345794392523363789e-03 1.388888888888888638e-02 4.146728971962616583e-01
5.519480519480519654e-01 3.030303030303030387e-02 9.345794392523363789e-03 1.428571428571428353e-02 4.250709071465104683e-01
5.310559006211179600e-01 0.000000000000000000e+00 0.000000000000000000e+00 0.000000000000000000e+00 3.976744186046511365e-01
5.434083601286173737e-01 2.702702702702702853e-02 9.345794392523363789e-03 1.388888888888888638e-02 4.164376030786145488e-01
8.742138364779874493e-01 7.278911564625850650e-01 1.000000000000000000e+00 8.425196850393700254e-01 9.052132701421801153e-01
9.144736842105263275e-01 8.045112781954887327e-01 1.000000000000000000e+00 8.916666666666667185e-01 9.340101522842639836e-01
5.424836601307189143e-01 5.405405405405405705e-02 1.869158878504672758e-02 2.777777777777777277e-02 4.214060959000610618e-01
5.566343042071197900e-01 3.125000000000000000e-02 9.345794392523363789e-03 1.438848920863309254e-02 4.279402239289348819e-01
5.518394648829431093e-01 3.448275862068965469e-02 9.345794392523363789e-03 1.470588235294117453e-02 4.317562305295949421e-01
