8.825396825396825129e-01 7.430555555555555802e-01 1.000000000000000000e+00 8.525896414342629681e-01 9.110576923076922906e-01
5.824915824915825047e-01 9.523809523809523281e-02 1.869158878504672758e-02 3.124999999999999653e-02 4.593457943925233766e-01
8.714733542319749171e-01 7.229729729729730270e-01 1.000000000000000000e+00 8.392156862745098200e-01 9.033018867924528239e-01
5.310559006211179600e-01 0.000000000000000000e+00 0.000000000000000000e+00 0.000000000000000000e+00 3.976744186046511365e-01
8.797468354430380000e-01 7.379310344827586521e-01 1.000000000000000000e+00 8.492063492063492980e-01 9.090909090909090606e-01
5.673076923076922906e-01 1.956521739130434867e-01 8.411214953271027583e-02 1.176470588235294101e-01 4.518121723273307300e-01
5.374592833876221665e-01 2.702702702702702853e-02 9.345794392523363789e-03 1.388888888888888638e-02 4.146728971962616583e-01
5.477707006369426646e-01 2.702702702702702853e-02 9.345794392523363789e-03 1.388888888888888638e-02 4.177163754571311949e-01
6.040268456375839090e-01 3.428571428571428603e-01 1.121495327102803724e-01 1.690140845070422504e-01 4.958653422713705794e-01
5.966666666666666785e-01 3.409090909090908839e-01 1.401869158878504551e-01 1.986754966887417373e-01 4.949639242651687199e-01
5.310559006211179600e-01 0.000000000000000000e+00 0.000000000000000000e+00 0.000000000000000000e+00 3.976744186046511365e-01
5.530546623794212469e-01 2.941176470588235253e-02 9.345794392523363789e-03 1.418439716312056530e-02 4.237905442550851665e-01
7.626582278481012223e-01 6.481481481481481399e-01 6.542056074766354756e-01 6.511627906976742430e-01 7.361937128292267429e-01
5.310559006211179600e-01 0.000000000000000000e+00 0.000000000000000000e+00 0.000000000000000000e+00 3.976744186046511365e-01
5.374592833876221665e-01 2.702702702702702853e-02 9.345794392523363789e-03 1.388888888888888638e-02 4.146728971962616583e-01
8.769716088328075587e-01 7.328767123287671659e-01 1.000000000000000000e+00 8.458498023715415037e-01 9.071428571428571397e-01
7.916666666666666297e-01 6.909090909090909172e-01 7.102803738317756688e-01 7.004608294930875223e-01 7.722133576475951333e-01
5.451612903225806495e-01 5.263157894736841813e-02 1.869158878504672758e-02 2.758620689655172376e-02 4.206758436536071066e-01
8.899676375404530493e-01 7.625899280575539896e-01 9.906542056074766345e-01 8.617886178861788871e-01 9.136439344869066170e-01
5.341614906832298226e-01 2.222222222222222307e-02 9.345794392523363789e-03 1.315789473684210627e-02 4.023473158009128192e-01
8.797468354430380000e-01 7.379310344827586521e-01 1.000000000000000000e+00 8.492063492063492980e-01 9.090909090909090606e-01
5.519480519480519654e-01 8.108108108108108558e-02 2.803738317757009310e-02 4.166666666666666435e-02 4.294415771609242927e-01
6.102236421725240056e-01 3.636363636363636465e-01 1.869158878504672827e-01 2.469135802469135665e-01 5.085064876145539703e-01
5.566343042071197900e-01 3.125000000000000000e-02 9.345794392523363789e-03 1.438848920863309254e-02 4.279402239289348819e-01
5.310559006211179600e-01 0.000000000000000000e+00 0.000000000000000000e+00 0.000000000000000000e+00 3.976744186046511365e-01
5.374592833876221665e-01 2.702702702702702853e-02 9.345794392523363789e-03 1.388888888888888638e-02 4.146728971962616583e-01
5.310559006211179600e-01 0.000000000000000000e+00 0.000000000000000000e+00 0.000000000000000000e+00 3.976744186046511365e-01
5.310559006211179600e-01 0.000000000000000000e+00 0.000000000000000000e+00 0.000000000000000000e+00 3.976744186046511365e-01
8.797468354430380000e-01 7.379310344827586521e-01 1.000000000000000000e+00 8.492063492063492980e-01 9.090909090909090606e-01
8.910256410256410797e-01 7.588652482269503396e-01 1.000000000000000000e+00 8.629032258064516236e-01 9.170731707317072434e-01
5.310559006211179600e-01 0.000000000000000000e+00 0.000000000000000000e+00 0.000000000000000000e+00 3.976744186046511365e-01
5.365079365079364893e-01 2.439024390243902524e-02 9.345794392523363789e-03 1.351351351351351079e-02 4.085190510424154819e-01
8.910256410256410797e-01 7.588652482269503396e-01 1.000000000000000000e+00 8.629032258064516236e-01 9.170731707317072434e-01
5.890410958904109817e-01 2.758620689655172376e-01 7.476635514018691031e-02 1.176470588235293963e-01 4.806264208133367299e-01
5.411392405063291111e-01 0.000000000000000000e+00 0.000000000000000000e+00 0.000000000000000000e+00 4.090909090909090606e-01
8.825396825396825129e-01 7.430555555555555802e-01 1.000000000000000000e+00 8.525896414342629681e-01 9.110576923076922906e-01
8.594249201277954775e-01 7.266187050359712574e-01 9.439252336448598069e-01 8.211382113821137363e-01 8.797296071136919693e-01
