5.310559006211179600e-01 0.000000000000000000e+00 0.000000000000000000e+00 0.000000000000000000e+00 3.976744186046511365e-01
5.310559006211179600e-01 0.000000000000000000e+00 0.000000000000000000e+00 0.000000000000000000e+00 3.976744186046511365e-01
5.493421052631578538e-01 3.125000000000000000e-02 9.345794392523363789e-03 1.438848920863309254e-02 4.259926941505763343e-01
8.967741935483870552e-01 7.697841726618704916e-01 1.000000000000000000e+00 8.699186991869918284e-01 9.211822660098522020e-01
9.114754098360655643e-01 7.985074626865671377e-01 1.000000000000000000e+00 8.879668049792530660e-01 9.318181818181818787e-01
6.699029126213592589e-01 5.342465753424657793e-01 3.644859813084111999e-01 4.333333333333332926e-01 5.980845748126213390e-01
9.084967320261437829e-01 7.925925925925926263e-01 1.000000000000000000e+00 8.842975206611569661e-01 9.296482412060301792e-01
8.853503184713376051e-01 7.482517482517482277e-01 1.000000000000000000e+00 8.559999999999999831e-01 9.130434782608696231e-01
5.310559006211179600e-01 0.000000000000000000e+00 0.000000000000000000e+00 0.000000000000000000e+00 3.976744186046511365e-01
5.993485342019544415e-01 3.095238095238095344e-01 1.214953271028037379e-01 1.744966442953020114e-01 4.882476635514018670e-01
5.310559006211179600e-01 0.000000000000000000e+00 0.000000000000000000e+00 0.000000000000000000e+00 3.976744186046511365e-01
5.555555555555555802e-01 3.225806451612903136e-02 9.345794392523363789e-03 1.449275362318840250e-02 4.292960127741510812e-01
5.411392405063291111e-01 0.000000000000000000e+00 0.000000000000000000e+00 0.000000000000000000e+00 4.090909090909090606e-01
5.310559006211179600e-01 0.000000000000000000e+00 0.000000000000000000e+00 0.000000000000000000e+00 3.976744186046511365e-01
8.853503184713376051e-01 7.482517482517482277e-01 1.000000000000000000e+00 8.559999999999999831e-01 9.130434782608696231e-01
5.392156862745097756e-01 2.777777777777777624e-02 9.345794392523363789e-03 1.398601398601398600e-02 4.167331987037993235e-01
8.742138364779874493e-01 7.278911564625850650e-01 1.000000000000000000e+00 8.425196850393700254e-01 9.052132701421801153e-01
8.853503184713376051e-01 7.482517482517482277e-01 1.000000000000000000e+00 8.559999999999999831e-01 9.130434782608696231e-01
5.374592833876221665e-01 2.702702702702702853e-02 9.345794392523363789e-03 1.388888888888888638e-02 4.146728971962616583e-01
5.310559006211179600e-01 0.000000000000000000e+00 0.000000000000000000e+00 0.000000000000000000e+00 3.976744186046511365e-01
7.817589576547231411e-01 6.785714285714286031e-01 7.102803738317756688e-01 6.940639269406393419e-01 7.651401869158879210e-01
8.714733542319749171e-01 7.229729729729730270e-01 1.000000000000000000e+00 8.392156862745098200e-01 9.033018867924528239e-01
5.310559006211179600e-01 0.000000000000000000e+00 0.000000000000000000e+00 0.000000000000000000e+00 3.976744186046511365e-01
5.394321766561513964e-01 0.000000000000000000e+00 0.000000000000000000e+00 0.000000000000000000e+00 4.071428571428571397e-01
5.310559006211179600e-01 0.000000000000000000e+00 0.000000000000000000e+00 0.000000000000000000e+00 3.976744186046511365e-01
8.853503184713376051e-01 7.482517482517482277e-01 1.000000000000000000e+00 8.559999999999999831e-01 9.130434782608696231e-01
5.394321766561513964e-01 0.000000000000000000e+00 0.000000000000000000e+00 0.000000000000000000e+00 4.071428571428571397e-01
5.635179153094462823e-01 6.451612903225806273e-02 1.869158878504672758e-02 2.898550724637680501e-02 4.368457943925233566e-01
5.480769230769231282e-01 0.000000000000000000e+00 0.000000000000000000e+00 0.000000000000000000e+00 4.170731707317072989e-01
5.335463258785942964e-01 0.000000000000000000e+00 0.000000000000000000e+00 0.000000000000000000e+00 4.053398058252427050e-01
5.310559006211179600e-01 0.000000000000000000e+00 0.000000000000000000e+00 0.000000000000000000e+00 3.976744186046511365e-01
9.084967320261437829e-01 7.925925925925926263e-01 1.000000000000000000e+00 8.842975206611569661e-01 9.296482412060301792e-01
5.454545454545454142e-01 2.857142857142857054e-02 9.345794392523363789e-03 1.408450704225351971e-02 4.200957827684009271e-01
7.973856209150327334e-01 7.227722772277227481e-01 6.822429906542055722e-01 7.019230769230768718e-01 7.707697365331329653e-01
8.714733542319749171e-01 7.229729729729730270e-01 1.000000000000000000e+00 8.392156862745098200e-01 9.033018867924528239e-01
8.742138364779874493e-01 7.278911564625850650e-01 1.000000000000000000e+00 8.425196850393700254e-01 9.052132701421801153e-01
5.480769230769231282e-01 0.000000000000000000e+00 0.000000000000000000e+00 0.000000000000000000e+00 4.170731707317072989e-01
