6.559485530546623755e-01 5.000000000000000000e-01 1.401869158878504551e-01 2.189781021897810043e-01 5.333287520615722643e-01
9.440993788819875832e-01 8.559999999999999831e-01 1.000000000000000000e+00 9.224137931034482873e-01 9.581395348837209447e-01
9.619047619047619291e-01 8.991596638655462437e-01 1.000000000000000000e+00 9.469026548672566657e-01 9.711538461538461453e-01
9.440993788819875832e-01 8.559999999999999831e-01 1.000000000000000000e+00 9.224137931034482873e-01 9.581395348837209447e-01
7.687500000000000444e-01 7.462686567164179552e-01 4.672897196261682207e-01 5.747126436781609948e-01 6.937387565266991407e-01
9.529780564263322651e-01 8.770491803278688270e-01 1.000000000000000000e+00 9.344978165938864212e-01 9.646226415094338869e-01
7.201257861635219637e-01 6.875000000000000000e-01 3.084112149532710068e-01 4.258064516129032584e-01 6.186605837799531438e-01
8.338983050847457168e-01 9.264705882352941568e-01 5.887850467289719170e-01 7.199999999999999734e-01 7.810946510240605045e-01
9.440993788819875832e-01 8.559999999999999831e-01 1.000000000000000000e+00 9.224137931034482873e-01 9.581395348837209447e-01
6.996699669966996993e-01 7.352941176470588758e-01 2.336448598130841103e-01 3.546099290780141966e-01 5.938632462330726280e-01
8.548387096774193727e-01 8.780487804878048808e-01 6.728971962616822067e-01 7.619047619047618625e-01 8.118180562589200067e-01
9.440993788819875832e-01 8.559999999999999831e-01 1.000000000000000000e+00 9.224137931034482873e-01 9.581395348837209447e-01
9.528301886792452935e-01 8.770491803278688270e-01 1.000000000000000000e+00 9.344978165938864212e-01 9.644549763033175571e-01
6.196721311475409388e-01 9.090909090909091161e-02 9.345794392523363789e-03 1.694915254237287783e-02 4.794203719437364342e-01
9.440993788819875832e-01 8.559999999999999831e-01 1.000000000000000000e+00 9.224137931034482873e-01 9.581395348837209447e-01
9.555555555555556024e-01 8.842975206611570771e-01 1.000000000000000000e+00 9.385964912280702066e-01 9.663461538461538547e-01
6.569579288025889641e-01 5.185185185185184897e-01 1.308411214953270896e-01 2.089552238805970075e-01 5.332423429258813519e-01
8.829113924050633333e-01 8.571428571428570953e-01 7.850467289719625930e-01 8.195121951219511702e-01 8.590305415194741112e-01
6.096774193548386567e-01 0.000000000000000000e+00 0.000000000000000000e+00 0.000000000000000000e+00 4.655172413793103314e-01
9.496855345911949797e-01 8.699186991869918284e-01 1.000000000000000000e+00 9.304347826086956097e-01 9.620853080568720905e-01
9.440993788819875832e-01 8.559999999999999831e-01 1.000000000000000000e+00 9.224137931034482873e-01 9.581395348837209447e-01
9.529780564263322651e-01 8.770491803278688270e-01 1.000000000000000000e+00 9.344978165938864212e-01 9.646226415094338869e-01
9.588607594936708889e-01 8.916666666666667185e-01 1.000000000000000000e+00 9.427312775330397576e-01 9.688995215311004827e-01
9.470404984423675954e-01 8.629032258064516236e-01 1.000000000000000000e+00 9.264069264069264564e-01 9.602803738317757798e-01
6.196721311475409388e-01 9.090909090909091161e-02 9.345794392523363789e-03 1.694915254237287783e-02 4.794203719437364342e-01
9.440993788819875832e-01 8.559999999999999831e-01 1.000000000000000000e+00 9.224137931034482873e-01 9.581395348837209447e-01
6.765676567656765394e-01 6.551724137931034253e-01 1.775700934579439172e-01 2.794117647058823595e-01 5.632748426473394021e-01
7.974683544303797778e-01 8.115942028985507761e-01 5.233644859813083583e-01 6.363636363636362425e-01 7.305817645217547174e-01
5.681818181818182323e-01 0.000000000000000000e+00 0.000000000000000000e+00 0.000000000000000000e+00 4.777070063694267565e-01
5.993265993265993741e-01 0.000000000000000000e+00 0.000000000000000000e+00 0.000000000000000000e+00 4.684210526315789602e-01
9.495268138801261637e-01 8.760330578512396382e-01 9.906542056074766345e-01 9.298245614035086648e-01 9.596128170894525633e-01
9.468750000000000222e-01 8.629032258064516236e-01 1.000000000000000000e+00 9.264069264069264564e-01 9.600938967136150026e-01
9.440993788819875832e-01 8.559999999999999831e-01 1.000000000000000000e+00 9.224137931034482873e-01 9.581395348837209447e-01
6.428571428571429047e-01 4.400000000000000022e-01 1.028037383177570069e-01 1.666666666666666852e-01 5.165759985121123332e-01
5.627530364372469451e-01 4.736842105263157632e-01 8.411214953271027583e-02 1.428571428571428492e-01 5.063417890520693909e-01
9.588607594936708889e-01 8.916666666666667185e-01 1.000000000000000000e+00 9.427312775330397576e-01 9.688995215311004827e-01
9.440993788819875832e-01 8.559999999999999831e-01 1.000000000000000000e+00 9.224137931034482873e-01 9.581395348837209447e-01
