9.440993788819875832e-01 8.559999999999999831e-01 1.000000000000000000e+00 9.224137931034482873e-01 9.581395348837209447e-01
7.566666666666667096e-01 8.399999999999999689e-01 3.925233644859812965e-01 5.350318471337579540e-01 6.755362936419543329e-01
9.440993788819875832e-01 8.559999999999999831e-01 1.000000000000000000e+00 9.224137931034482873e-01 9.581395348837209447e-01
8.451612903225806939e-01 8.641975308641974829e-01 6.542056074766354756e-01 7.446808510638297518e-01 8.000092076792043594e-01
9.440993788819875832e-01 8.559999999999999831e-01 1.000000000000000000e+00 9.224137931034482873e-01 9.581395348837209447e-01
9.440993788819875832e-01 8.559999999999999831e-01 1.000000000000000000e+00 9.224137931034482873e-01 9.581395348837209447e-01
9.440993788819875832e-01 8.559999999999999831e-01 1.000000000000000000e+00 9.224137931034482873e-01 9.581395348837209447e-01
6.053511705685619138e-01 1.333333333333333315e-01 1.869158878504672758e-02 3.278688524590163411e-02 4.754916277258566804e-01
8.714733542319749171e-01 8.367346938775510612e-01 7.663551401869158619e-01 7.999999999999999334e-01 8.454417210368541102e-01
9.470404984423675954e-01 8.629032258064516236e-01 1.000000000000000000e+00 9.264069264069264564e-01 9.602803738317757798e-01
9.467084639498433152e-01 8.629032258064516236e-01 1.000000000000000000e+00 9.264069264069264564e-01 9.599056603773584717e-01
9.440993788819875832e-01 8.559999999999999831e-01 1.000000000000000000e+00 9.224137931034482873e-01 9.581395348837209447e-01
6.538461538461538547e-01 4.799999999999999822e-01 1.121495327102803724e-01 1.818181818181818232e-01 5.243674492819694333e-01
9.440993788819875832e-01 8.559999999999999831e-01 1.000000000000000000e+00 9.224137931034482873e-01 9.581395348837209447e-01
9.499999999999999556e-01 8.699186991869918284e-01 1.000000000000000000e+00 9.304347826086956097e-01 9.624413145539906234e-01
9.440993788819875832e-01 8.559999999999999831e-01 1.000000000000000000e+00 9.224137931034482873e-01 9.581395348837209447e-01
9.588607594936708889e-01 8.983050847457627608e-01 9.906542056074766345e-01 9.422222222222221832e-01 9.666189688324464679e-01
9.440993788819875832e-01 8.559999999999999831e-01 1.000000000000000000e+00 9.224137931034482873e-01 9.581395348837209447e-01
9.440993788819875832e-01 8.559999999999999831e-01 1.000000000000000000e+00 9.224137931034482873e-01 9.581395348837209447e-01
9.440993788819875832e-01 8.559999999999999831e-01 1.000000000000000000e+00 9.224137931034482873e-01 9.581395348837209447e-01
9.440993788819875832e-01 8.559999999999999831e-01 1.000000000000000000e+00 9.224137931034482873e-01 9.581395348837209447e-01
9.467084639498433152e-01 8.629032258064516236e-01 1.000000000000000000e+00 9.264069264069264564e-01 9.599056603773584717e-01
9.440993788819875832e-01 8.559999999999999831e-01 1.000000000000000000e+00 9.224137931034482873e-01 9.581395348837209447e-01
9.440993788819875832e-01 8.559999999999999831e-01 1.000000000000000000e+00 9.224137931034482873e-01 9.581395348837209447e-01
9.440993788819875832e-01 8.559999999999999831e-01 1.000000000000000000e+00 9.224137931034482873e-01 9.581395348837209447e-01
9.499999999999999556e-01 8.699186991869918284e-01 1.000000000000000000e+00 9.304347826086956097e-01 9.624413145539906234e-01
9.343749999999999556e-01 8.583333333333332815e-01 9.626168224299065379e-01 9.074889867841409163e-01 9.414023079285682716e-01
9.150943396226415283e-01 8.703703703703703498e-01 8.785046728971962482e-01 8.744186046511628341e-01 9.060769809983610923e-01
9.440993788819875832e-01 8.559999999999999831e-01 1.000000000000000000e+00 9.224137931034482873e-01 9.581395348837209447e-01
9.440993788819875832e-01 8.559999999999999831e-01 1.000000000000000000e+00 9.224137931034482873e-01 9.581395348837209447e-01
9.090909090909090606e-01 9.072164948453608213e-01 8.224299065420560551e-01 8.627450980392157298e-01 8.888268935695354811e-01
9.440993788819875832e-01 8.559999999999999831e-01 1.000000000000000000e+00 9.224137931034482873e-01 9.581395348837209447e-01
9.440993788819875832e-01 8.559999999999999831e-01 1.000000000000000000e+00 9.224137931034482873e-01 9.581395348837209447e-01
9.529780564263322651e-01 8.770491803278688270e-01 1.000000000000000000e+00 9.344978165938864212e-01 9.646226415094338869e-01
9.468750000000000222e-01 8.629032258064516236e-01 1.000000000000000000e+00 9.264069264069264564e-01 9.600938967136150026e-01
9.440993788819875832e-01 8.559999999999999831e-01 1.000000000000000000e+00 9.224137931034482873e-01 9.581395348837209447e-01
7.383177570093457653e-01 6.949152542372881713e-01 3.831775700934579310e-01 4.939759036144578119e-01 6.495327102803737374e-01
