6.600660066006600601e-01 5.714285714285713969e-01 1.495327102803738206e-01 2.370370370370369906e-01 5.441541102422278176e-01
9.440993788819875832e-01 8.559999999999999831e-01 1.000000000000000000e+00 9.224137931034482873e-01 9.581395348837209447e-01
9.470404984423675954e-01 8.629032258064516236e-01 1.000000000000000000e+00 9.264069264069264564e-01 9.602803738317757798e-01
9.499999999999999556e-01 8.699186991869918284e-01 1.000000000000000000e+00 9.304347826086956097e-01 9.624413145539906234e-01
9.520766773162939733e-01 8.898305084745762317e-01 9.813084112149532690e-01 9.333333333333332371e-01 9.591008075492242213e-01
9.529780564263322651e-01 8.770491803278688270e-01 1.000000000000000000e+00 9.344978165938864212e-01 9.646226415094338869e-01
9.274447949526813950e-01 8.750000000000000000e-01 9.158878504672897103e-01 8.949771689497716398e-01 9.246105919003114737e-01
6.942675159235668358e-01 6.571428571428571397e-01 2.149532710280373793e-01 3.239436619718309984e-01 5.784911282676418187e-01
9.470404984423675954e-01 8.629032258064516236e-01 1.000000000000000000e+00 9.264069264069264564e-01 9.602803738317757798e-01
9.529780564263322651e-01 8.770491803278688270e-01 1.000000000000000000e+00 9.344978165938864212e-01 9.646226415094338869e-01
6.112956810631229310e-01 0.000000000000000000e+00 0.000000000000000000e+00 0.000000000000000000e+00 4.742268041237113207e-01
9.439252336448598069e-01 8.559999999999999831e-01 1.000000000000000000e+00 9.224137931034482873e-01 9.579439252336447996e-01
9.556962025316455556e-01 8.842975206611570771e-01 1.000000000000000000e+00 9.385964912280702066e-01 9.665071770334927592e-01
8.814102564102563875e-01 8.431372549019607865e-01 8.037383177570093240e-01 8.229665071770334572e-01 8.628447686346022438e-01
9.440993788819875832e-01 8.559999999999999831e-01 1.000000000000000000e+00 9.224137931034482873e-01 9.581395348837209447e-01
9.529780564263322651e-01 8.770491803278688270e-01 1.000000000000000000e+00 9.344978165938864212e-01 9.646226415094338869e-01
9.440993788819875832e-01 8.559999999999999831e-01 1.000000000000000000e+00 9.224137931034482873e-01 9.581395348837209447e-01
6.477987421383647471e-01 4.193548387096774355e-01 1.214953271028037379e-01 1.884057971014492794e-01 5.180936351153828667e-01
9.496855345911949797e-01 8.699186991869918284e-01 1.000000000000000000e+00 9.304347826086956097e-01 9.620853080568720905e-01
6.531986531986532230e-01 5.714285714285713969e-01 1.495327102803738206e-01 2.370370370370369906e-01 5.431874077717658844e-01
6.421725239616613568e-01 3.913043478260869734e-01 8.411214953271027583e-02 1.384615384615384415e-01 5.080754922420832598e-01
7.185430463576158999e-01 7.894736842105263275e-01 2.803738317757009102e-01 4.137931034482758008e-01 6.196740953750300429e-01
7.641196013289036637e-01 8.103448275862068506e-01 4.392523364485981241e-01 5.696969696969697017e-01 6.912756527603814982e-01
9.499999999999999556e-01 8.699186991869918284e-01 1.000000000000000000e+00 9.304347826086956097e-01 9.624413145539906234e-01
8.814102564102563875e-01 8.431372549019607865e-01 8.037383177570093240e-01 8.229665071770334572e-01 8.628447686346022438e-01
9.440993788819875832e-01 8.559999999999999831e-01 1.000000000000000000e+00 9.224137931034482873e-01 9.581395348837209447e-01
9.440993788819875832e-01 8.559999999999999831e-01 1.000000000000000000e+00 9.224137931034482873e-01 9.581395348837209447e-01
6.513157894736841813e-01 5.263157894736841813e-01 9.345794392523364136e-02 1.587301587301587213e-01 5.238863323687081852e-01
5.958904109589041598e-01 0.000000000000000000e+00 0.000000000000000000e+00 0.000000000000000000e+00 4.702702702702702409e-01
9.529780564263322651e-01 8.770491803278688270e-01 1.000000000000000000e+00 9.344978165938864212e-01 9.646226415094338869e-01
9.558359621451104626e-01 8.842975206611570771e-01 1.000000000000000000e+00 9.385964912280702066e-01 9.666666666666666741e-01
9.528301886792452935e-01 8.770491803278688270e-01 1.000000000000000000e+00 9.344978165938864212e-01 9.644549763033175571e-01
9.440993788819875832e-01 8.559999999999999831e-01 1.000000000000000000e+00 9.224137931034482873e-01 9.581395348837209447e-01
9.528301886792452935e-01 8.770491803278688270e-01 1.000000000000000000e+00 9.344978165938864212e-01 9.644549763033175571e-01
9.440993788819875832e-01 8.559999999999999831e-01 1.000000000000000000e+00 9.224137931034482873e-01 9.581395348837209447e-01
9.440993788819875832e-01 8.559999999999999831e-01 1.000000000000000000e+00 9.224137931034482873e-01 9.581395348837209447e-01
9.235668789808917367e-01 8.807339449541284893e-01 8.971962616822429792e-01 8.888888888888888395e-01 9.171971646575466375e-01
