5.738255033557047025e-01 4.545454545454545581e-02 9.345794392523363789e-03 1.550387596899224611e-02 4.496990752067328012e-01
5.509554140127388422e-01 0.000000000000000000e+00 0.000000000000000000e+00 0.000000000000000000e+00 4.178743961352656688e-01
6.083916083916084405e-01 1.428571428571428492e-01 9.345794392523363789e-03 1.754385964912280604e-02 4.879131206599487958e-01
9.003215434083601254e-01 7.753623188405797118e-01 1.000000000000000000e+00 8.734693877551020780e-01 9.240196078431371918e-01
9.003215434083601254e-01 7.753623188405797118e-01 1.000000000000000000e+00 8.734693877551020780e-01 9.240196078431371918e-01
6.743421052631578538e-01 5.714285714285713969e-01 2.990654205607476412e-01 3.926380368098158491e-01 5.886190046966174316e-01
8.888888888888888395e-01 7.535211267605633756e-01 1.000000000000000000e+00 8.594377510040159818e-01 9.158653846153845812e-01
5.986622073578595771e-01 2.592592592592592449e-01 6.542056074766354479e-02 1.044776119402985037e-01 4.806269470404984090e-01
5.523809523809524169e-01 2.777777777777777624e-02 9.345794392523363789e-03 1.398601398601398600e-02 4.205382818116462085e-01
6.557377049180327377e-01 5.172413793103448620e-01 2.803738317757009102e-01 3.636363636363637020e-01 5.694798451807797646e-01
5.509554140127388422e-01 0.000000000000000000e+00 0.000000000000000000e+00 0.000000000000000000e+00 4.178743961352656688e-01
6.375838926174496324e-01 4.857142857142857095e-01 1.588785046728971861e-01 2.394366197183098732e-01 5.323188334882810180e-01
5.904436860068259518e-01 6.666666666666666574e-02 9.345794392523363789e-03 1.639344262295081706e-02 4.670384885941111230e-01
6.461038961038960693e-01 4.821428571428571508e-01 2.523364485981308136e-01 3.312883435582821834e-01 5.540289208164782542e-01
8.777429467084639780e-01 7.328767123287671659e-01 1.000000000000000000e+00 8.458498023715415037e-01 9.080188679245282390e-01
5.924657534246575707e-01 7.142857142857142461e-02 9.345794392523363789e-03 1.652892561983470773e-02 4.695377620611265179e-01
8.832807570977917466e-01 7.430555555555555802e-01 1.000000000000000000e+00 8.525896414342629681e-01 9.119047619047618847e-01
9.180327868852459217e-01 8.106060606060605522e-01 1.000000000000000000e+00 8.953974895397489586e-01 9.368686868686868507e-01
5.723684210526315264e-01 4.000000000000000083e-02 9.345794392523363789e-03 1.515151515151515020e-02 4.437591916125053215e-01
5.576923076923077094e-01 3.030303030303030387e-02 9.345794392523363789e-03 1.428571428571428353e-02 4.266241167084567354e-01
8.860759493670885556e-01 7.482517482517482277e-01 1.000000000000000000e+00 8.559999999999999831e-01 9.138755980861243966e-01
8.888888888888888395e-01 7.535211267605633756e-01 1.000000000000000000e+00 8.594377510040159818e-01 9.158653846153845812e-01
5.372670807453415742e-01 0.000000000000000000e+00 0.000000000000000000e+00 0.000000000000000000e+00 4.023255813953488524e-01
5.742574257425742124e-01 4.166666666666666435e-02 9.345794392523363789e-03 1.526717557251908164e-02 4.459994278085065433e-01
6.461038961038960693e-01 4.821428571428571508e-01 2.523364485981308136e-01 3.312883435582821834e-01 5.540289208164782542e-01
8.777429467084639780e-01 7.328767123287671659e-01 1.000000000000000000e+00 8.458498023715415037e-01 9.080188679245282390e-01
5.799999999999999600e-01 8.695652173913043237e-02 1.869158878504672758e-02 3.076923076923076400e-02 4.549416493148031870e-01
8.825396825396825129e-01 7.500000000000000000e-01 9.813084112149532690e-01 8.502024291497976005e-01 9.065195902228611047e-01
5.625000000000000000e-01 3.571428571428571230e-02 9.345794392523363789e-03 1.481481481481481191e-02 4.361449784145358111e-01
7.419354838709677491e-01 6.516853932584270037e-01 5.420560747663550893e-01 5.918367346938775420e-01 6.946733575802217509e-01
5.946843853820598103e-01 2.727272727272727071e-01 8.411214953271027583e-02 1.285714285714285587e-01 4.802004046632623036e-01
9.003215434083601254e-01 7.753623188405797118e-01 1.000000000000000000e+00 8.734693877551020780e-01 9.240196078431371918e-01
5.612903225806451513e-01 3.225806451612903136e-02 9.345794392523363789e-03 1.449275362318840250e-02 4.307812715804980597e-01
8.178807947019867131e-01 7.600000000000000089e-01 7.102803738317756688e-01 7.342995169082127127e-01 7.936017253774263480e-01
8.832807570977917466e-01 7.430555555555555802e-01 1.000000000000000000e+00 8.525896414342629681e-01 9.119047619047618847e-01
8.832807570977917466e-01 7.430555555555555802e-01 1.000000000000000000e+00 8.525896414342629681e-01 9.119047619047618847e-01
6.073825503355704258e-01 3.076923076923077094e-01 7.476635514018691031e-02 1.203007518796992414e-01 4.902627587219259286e-01
