8.945686900958466081e-01 7.642857142857142350e-01 1.000000000000000000e+00 8.663967611336031993e-01 9.199029126213591478e-01
6.199999999999999956e-01 3.939393939393939226e-01 1.214953271028037379e-01 1.857142857142856929e-01 5.089341920488111848e-01
8.645161290322580516e-01 7.559055118110236116e-01 8.971962616822429792e-01 8.205128205128203733e-01 8.722434510381658068e-01
5.723684210526315264e-01 4.000000000000000083e-02 9.345794392523363789e-03 1.515151515151515020e-02 4.437591916125053215e-01
8.860759493670885556e-01 7.482517482517482277e-01 1.000000000000000000e+00 8.559999999999999831e-01 9.138755980861243966e-01
6.253968253968253954e-01 4.067796610169491789e-01 2.242990654205607448e-01 2.891566265060240837e-01 5.280149173256649675e-01
5.856164383561643927e-01 1.111111111111111049e-01 1.869158878504672758e-02 3.200000000000000067e-02 4.661025511492801199e-01
5.876288659793814650e-01 6.666666666666666574e-02 9.345794392523363789e-03 1.639344262295081706e-02 4.666294189353920596e-01
7.556270096463022501e-01 6.666666666666666297e-01 5.794392523364485514e-01 6.199999999999998845e-01 7.137392340113614120e-01
8.989898989898990056e-01 8.468468468468468568e-01 8.785046728971962482e-01 8.623853211009173680e-01 8.945154943433348826e-01
5.627009646302251200e-01 6.060606060606060774e-02 1.869158878504672758e-02 2.857142857142856707e-02 4.333654022356606128e-01
5.896551724137930606e-01 1.250000000000000000e-01 1.869158878504672758e-02 3.252032520325202902e-02 4.710944282723047993e-01
5.691318327974276281e-01 1.707317073170731836e-01 6.542056074766354479e-02 9.459459459459459985e-02 4.493769470404984090e-01
5.548387096774193283e-01 0.000000000000000000e+00 0.000000000000000000e+00 0.000000000000000000e+00 4.236453201970443172e-01
5.552050473186119772e-01 7.499999999999999722e-02 2.803738317757009310e-02 4.081632653061224858e-02 4.259234534935468774e-01
9.032258064516128782e-01 7.810218978102190235e-01 1.000000000000000000e+00 8.770491803278688270e-01 9.261083743842364324e-01
8.284789644012945375e-01 7.410714285714286031e-01 7.757009345794392274e-01 7.579908675799087447e-01 8.160682890718977678e-01
5.805369127516778471e-01 5.000000000000000278e-02 9.345794392523363789e-03 1.574803149606298844e-02 4.549346773009736999e-01
7.894736842105263275e-01 7.362637362637363125e-01 6.261682242990653791e-01 6.767676767676767957e-01 7.521704065657762728e-01
5.844594594594594295e-01 5.555555555555555247e-02 9.345794392523363789e-03 1.600000000000000033e-02 4.596993522227166284e-01
8.832807570977917466e-01 7.430555555555555802e-01 1.000000000000000000e+00 8.525896414342629681e-01 9.119047619047618847e-01
5.761589403973509382e-01 4.347826086956521618e-02 9.345794392523363789e-03 1.538461538461538200e-02 4.482626407860051954e-01
7.916666666666666297e-01 6.909090909090909172e-01 7.102803738317756688e-01 7.004608294930875223e-01 7.722133576475951333e-01
6.897689768976897895e-01 6.101694915254237683e-01 3.364485981308411033e-01 4.337349397590361533e-01 6.095508296776654955e-01
5.548387096774193283e-01 0.000000000000000000e+00 0.000000000000000000e+00 0.000000000000000000e+00 4.236453201970443172e-01
5.552050473186119772e-01 7.499999999999999722e-02 2.803738317757009310e-02 4.081632653061224858e-02 4.259234534935468774e-01
5.960264900662252119e-01 2.580645161290322509e-01 7.476635514018691031e-02 1.159420289855072200e-01 4.784088185957344752e-01
5.594855305466237549e-01 3.125000000000000000e-02 9.345794392523363789e-03 1.438848920863309254e-02 4.286925050393988745e-01
8.832807570977917466e-01 7.430555555555555802e-01 1.000000000000000000e+00 8.525896414342629681e-01 9.119047619047618847e-01
8.945686900958466081e-01 7.642857142857142350e-01 1.000000000000000000e+00 8.663967611336031993e-01 9.199029126213591478e-01
5.761589403973509382e-01 4.347826086956521618e-02 9.345794392523363789e-03 1.538461538461538200e-02 4.482626407860051954e-01
5.912162162162162282e-01 1.111111111111111049e-01 1.869158878504672758e-02 3.200000000000000067e-02 4.670177520644810398e-01
9.061488673139158623e-01 7.867647058823529216e-01 1.000000000000000000e+00 8.806584362139917577e-01 9.282178217821781541e-01
7.915309446254071846e-01 7.216494845360824639e-01 6.542056074766354756e-01 6.862745098039215730e-01 7.596028037383176779e-01
8.433333333333333792e-01 7.941176470588234837e-01 7.570093457943924964e-01 7.751196172248803196e-01 8.241005278194760697e-01
9.032258064516128782e-01 7.810218978102190235e-01 1.000000000000000000e+00 8.770491803278688270e-01 9.261083743842364324e-01
8.860759493670885556e-01 7.482517482517482277e-01 1.000000000000000000e+00 8.559999999999999831e-01 9.138755980861243966e-01
