5.844594594594594295e-01 5.555555555555555247e-02 9.345794392523363789e-03 1.600000000000000033e-02 4.596993522227166284e-01
8.832807570977917466e-01 7.430555555555555802e-01 1.000000000000000000e+00 8.525896414342629681e-01 9.119047619047618847e-01
8.945686900958466081e-01 7.642857142857142350e-01 1.000000000000000000e+00 8.663967611336031993e-01 9.199029126213591478e-01
9.120521172638436092e-01 7.985074626865671377e-01 1.000000000000000000e+00 8.879668049792530660e-01 9.324999999999999956e-01
5.785953177257524560e-01 8.695652173913043237e-02 1.869158878504672758e-02 3.076923076923076400e-02 4.546582943925233655e-01
5.852842809364549037e-01 9.523809523809523281e-02 1.869158878504672758e-02 3.124999999999999653e-02 4.598666277258566804e-01
5.766666666666666607e-01 4.545454545454545581e-02 9.345794392523363789e-03 1.550387596899224611e-02 4.502687521185414488e-01
5.737704918032786594e-01 7.407407407407406996e-02 1.869158878504672758e-02 2.985074626865671585e-02 4.462144812612102163e-01
8.974358974358974672e-01 7.697841726618704916e-01 1.000000000000000000e+00 8.699186991869918284e-01 9.219512195121950526e-01
8.974358974358974672e-01 7.697841726618704916e-01 1.000000000000000000e+00 8.699186991869918284e-01 9.219512195121950526e-01
8.974358974358974672e-01 7.697841726618704916e-01 1.000000000000000000e+00 8.699186991869918284e-01 9.219512195121950526e-01
8.917197452229299603e-01 7.588652482269503396e-01 1.000000000000000000e+00 8.629032258064516236e-01 9.178743961352656688e-01
6.323024054982817610e-01 5.000000000000000000e-01 1.028037383177570069e-01 1.705426356589147263e-01 5.215105648110524017e-01
6.351351351351350871e-01 4.848484848484848619e-01 1.495327102803738206e-01 2.285714285714285365e-01 5.297928101666419254e-01
8.917197452229299603e-01 7.588652482269503396e-01 1.000000000000000000e+00 8.629032258064516236e-01 9.178743961352656688e-01
5.918367346938775420e-01 1.176470588235294101e-01 1.869158878504672758e-02 3.225806451612902442e-02 4.692388425208656177e-01
5.747508305647840432e-01 4.347826086956521618e-02 9.345794392523363789e-03 1.538461538461538200e-02 4.479718662684265551e-01
6.858974358974359031e-01 5.600000000000000533e-01 3.925233644859812965e-01 4.615384615384615641e-01 6.157738773649419350e-01
6.169491525423729250e-01 3.846153846153846367e-01 9.345794392523364136e-02 1.503759398496240518e-01 5.041757804732551751e-01
8.945686900958466081e-01 7.642857142857142350e-01 1.000000000000000000e+00 8.663967611336031993e-01 9.199029126213591478e-01
8.917197452229299603e-01 7.588652482269503396e-01 1.000000000000000000e+00 8.629032258064516236e-01 9.178743961352656688e-01
6.067796610169491345e-01 3.333333333333333148e-01 8.411214953271027583e-02 1.343283582089551953e-01 4.941837343408231886e-01
5.544871794871795156e-01 2.941176470588235253e-02 9.345794392523363789e-03 1.418439716312056530e-02 4.241850923182128308e-01
5.833333333333333703e-01 9.090909090909091161e-02 1.869158878504672758e-02 3.100775193798449222e-02 4.575323228899326744e-01
6.351351351351350871e-01 4.848484848484848619e-01 1.495327102803738206e-01 2.285714285714285365e-01 5.297928101666419254e-01
8.917197452229299603e-01 7.588652482269503396e-01 1.000000000000000000e+00 8.629032258064516236e-01 9.178743961352656688e-01
5.686274509803921351e-01 3.703703703703703498e-02 9.345794392523363789e-03 1.492537313432835792e-02 4.393462640304324762e-01
5.709570957095709831e-01 4.000000000000000083e-02 9.345794392523363789e-03 1.515151515151515020e-02 4.434484074003432474e-01
5.488958990536277893e-01 2.631578947368420907e-02 9.345794392523363789e-03 1.379310344827586188e-02 4.165776591010235119e-01
5.742574257425742124e-01 4.166666666666666435e-02 9.345794392523363789e-03 1.526717557251908164e-02 4.459994278085065433e-01
5.780730897009966895e-01 4.545454545454545581e-02 9.345794392523363789e-03 1.550387596899224611e-02 4.505491858560554119e-01
5.951557093425605682e-01 8.333333333333332871e-02 9.345794392523363789e-03 1.680672268907562952e-02 4.744531169764814038e-01
9.061488673139158623e-01 7.867647058823529216e-01 1.000000000000000000e+00 8.806584362139917577e-01 9.282178217821781541e-01
5.709570957095709831e-01 4.000000000000000083e-02 9.345794392523363789e-03 1.515151515151515020e-02 4.434484074003432474e-01
6.083916083916084405e-01 1.428571428571428492e-01 9.345794392523363789e-03 1.754385964912280604e-02 4.879131206599487958e-01
5.771812080536913303e-01 4.761904761904761640e-02 9.345794392523363789e-03 1.562499999999999827e-02 4.523168762538532506e-01
6.097560975609755962e-01 2.222222222222222099e-01 1.869158878504672758e-02 3.448275862068965469e-02 4.899013499480789346e-01
