9.252336448598130758e-01 8.167938931297710203e-01 1.000000000000000000e+00 8.991596638655461327e-01 9.439252336448598069e-01
5.849056603773584717e-01 4.347826086956521618e-01 9.345794392523364136e-02 1.538461538461538547e-01 5.055897314562877165e-01
5.529010238907849928e-01 0.000000000000000000e+00 0.000000000000000000e+00 0.000000000000000000e+00 4.354838709677419373e-01
9.223602484472049889e-01 8.106060606060605522e-01 1.000000000000000000e+00 8.953974895397489586e-01 9.418604651162790775e-01
5.320754716981132004e-01 0.000000000000000000e+00 0.000000000000000000e+00 0.000000000000000000e+00 4.462025316455696111e-01
9.223602484472049889e-01 8.106060606060605522e-01 1.000000000000000000e+00 8.953974895397489586e-01 9.418604651162790775e-01
5.841269841269841612e-01 0.000000000000000000e+00 0.000000000000000000e+00 0.000000000000000000e+00 4.423076923076922906e-01
6.447368421052631637e-01 4.827586206896551935e-01 1.308411214953270896e-01 2.058823529411764330e-01 5.273494947578157843e-01
6.153846153846154188e-01 3.666666666666666408e-01 1.028037383177570069e-01 1.605839416058394142e-01 5.019227024922118252e-01
5.835962145110410448e-01 0.000000000000000000e+00 0.000000000000000000e+00 0.000000000000000000e+00 4.404761904761904656e-01
5.147058823529411242e-01 0.000000000000000000e+00 0.000000000000000000e+00 0.000000000000000000e+00 4.242424242424242542e-01
5.401459854014598605e-01 0.000000000000000000e+00 0.000000000000000000e+00 0.000000000000000000e+00 4.431137724550898160e-01
5.960264900662252119e-01 0.000000000000000000e+00 0.000000000000000000e+00 0.000000000000000000e+00 4.615384615384615641e-01
5.895765472312703981e-01 0.000000000000000000e+00 0.000000000000000000e+00 0.000000000000000000e+00 4.525000000000000133e-01
5.056179775280899014e-01 0.000000000000000000e+00 0.000000000000000000e+00 0.000000000000000000e+00 4.218750000000000000e-01
5.892255892255892080e-01 0.000000000000000000e+00 0.000000000000000000e+00 0.000000000000000000e+00 4.605263157894736725e-01
5.276752767527674859e-01 0.000000000000000000e+00 0.000000000000000000e+00 0.000000000000000000e+00 4.359756097560975596e-01
5.505226480836237224e-01 0.000000000000000000e+00 0.000000000000000000e+00 0.000000000000000000e+00 4.388888888888888840e-01
5.769230769230768718e-01 0.000000000000000000e+00 0.000000000000000000e+00 0.000000000000000000e+00 4.390243902439024404e-01
6.262295081967212962e-01 3.703703703703703498e-01 9.345794392523364136e-02 1.492537313432835688e-01 5.037996790333238994e-01
6.310344827586207295e-01 5.000000000000000000e-01 1.308411214953270896e-01 2.074074074074073737e-01 5.271691946274450480e-01
9.310344827586206629e-01 8.294573643410853014e-01 1.000000000000000000e+00 9.067796610169490679e-01 9.481132075471698784e-01
5.018867924528301883e-01 0.000000000000000000e+00 0.000000000000000000e+00 0.000000000000000000e+00 4.208860759493671111e-01
5.785953177257524560e-01 0.000000000000000000e+00 0.000000000000000000e+00 0.000000000000000000e+00 4.505208333333333148e-01
5.895765472312703981e-01 0.000000000000000000e+00 0.000000000000000000e+00 0.000000000000000000e+00 4.525000000000000133e-01
5.056179775280899014e-01 0.000000000000000000e+00 0.000000000000000000e+00 0.000000000000000000e+00 4.218750000000000000e-01
5.164835164835165360e-01 0.000000000000000000e+00 0.000000000000000000e+00 0.000000000000000000e+00 4.246987951807228989e-01
5.000000000000000000e-01 0.000000000000000000e+00 0.000000000000000000e+00 0.000000000000000000e+00 4.203821656050955591e-01
4.358974358974359031e-01 0.000000000000000000e+00 0.000000000000000000e+00 0.000000000000000000e+00 4.015748031496063075e-01
9.223602484472049889e-01 8.106060606060605522e-01 1.000000000000000000e+00 8.953974895397489586e-01 9.418604651162790775e-01
5.897435897435897578e-01 0.000000000000000000e+00 0.000000000000000000e+00 0.000000000000000000e+00 4.487804878048780588e-01
5.319148936170212671e-01 0.000000000000000000e+00 0.000000000000000000e+00 0.000000000000000000e+00 4.285714285714286031e-01
5.751633986928104125e-01 0.000000000000000000e+00 0.000000000000000000e+00 0.000000000000000000e+00 4.422110552763819369e-01
5.253623188405797118e-01 0.000000000000000000e+00 0.000000000000000000e+00 0.000000000000000000e+00 4.289940828402366568e-01
9.223602484472049889e-01 8.106060606060605522e-01 1.000000000000000000e+00 8.953974895397489586e-01 9.418604651162790775e-01
9.310344827586206629e-01 8.294573643410853014e-01 1.000000000000000000e+00 9.067796610169490679e-01 9.481132075471698784e-01
9.223602484472049889e-01 8.106060606060605522e-01 1.000000000000000000e+00 8.953974895397489586e-01 9.418604651162790775e-01
