4.863813229571984365e-01 0.000000000000000000e+00 0.000000000000000000e+00 0.000000000000000000e+00 4.166666666666666852e-01
5.600000000000000533e-01 0.000000000000000000e+00 0.000000000000000000e+00 0.000000000000000000e+00 4.352331606217616500e-01
4.628099173553719137e-01 0.000000000000000000e+00 0.000000000000000000e+00 0.000000000000000000e+00 4.148148148148148029e-01
7.689530685920578090e-01 8.412698412698412787e-01 4.953271028037383172e-01 6.235294117647058876e-01 7.182517866959867714e-01
4.803149606299212393e-01 0.000000000000000000e+00 0.000000000000000000e+00 0.000000000000000000e+00 4.149659863945578397e-01
8.316831683168316447e-01 7.916666666666666297e-01 7.102803738317756688e-01 7.487684729064038036e-01 8.041197787526225271e-01
6.156462585034013779e-01 3.928571428571428492e-01 1.028037383177570069e-01 1.629629629629629484e-01 5.059473237043329297e-01
5.819397993311036243e-01 0.000000000000000000e+00 0.000000000000000000e+00 0.000000000000000000e+00 4.531250000000000000e-01
5.132075471698113178e-01 0.000000000000000000e+00 0.000000000000000000e+00 0.000000000000000000e+00 4.303797468354430555e-01
5.285714285714285809e-01 0.000000000000000000e+00 0.000000000000000000e+00 0.000000000000000000e+00 4.277456647398844014e-01
5.287769784172662302e-01 0.000000000000000000e+00 0.000000000000000000e+00 0.000000000000000000e+00 4.298245614035087758e-01
6.456953642384105629e-01 5.000000000000000000e-01 1.682242990654205517e-01 2.517482517482517168e-01 5.379583033788641888e-01
5.585284280936454460e-01 0.000000000000000000e+00 0.000000000000000000e+00 0.000000000000000000e+00 4.348958333333333148e-01
4.823529411764705954e-01 0.000000000000000000e+00 0.000000000000000000e+00 0.000000000000000000e+00 4.155405405405405705e-01
9.185667752442996381e-01 8.416666666666666741e-01 9.439252336448598069e-01 8.898678414096916622e-01 9.244626168224299168e-01
5.494880546075084915e-01 0.000000000000000000e+00 0.000000000000000000e+00 0.000000000000000000e+00 4.327956989247311870e-01
9.223602484472049889e-01 8.106060606060605522e-01 1.000000000000000000e+00 8.953974895397489586e-01 9.418604651162790775e-01
6.118881118881118741e-01 4.230769230769230727e-01 1.028037383177570069e-01 1.654135338345864847e-01 5.095024278180962929e-01
5.147058823529411242e-01 0.000000000000000000e+00 0.000000000000000000e+00 0.000000000000000000e+00 4.242424242424242542e-01
5.400696864111498297e-01 0.000000000000000000e+00 0.000000000000000000e+00 0.000000000000000000e+00 4.305555555555555802e-01
5.508771929824561875e-01 0.000000000000000000e+00 0.000000000000000000e+00 0.000000000000000000e+00 4.410112359550562022e-01
7.171717171717171269e-01 7.254901960784313486e-01 3.457943925233644689e-01 4.683544303797468333e-01 6.360550909985243084e-01
4.883720930232557933e-01 0.000000000000000000e+00 0.000000000000000000e+00 0.000000000000000000e+00 4.172185430463576372e-01
5.658362989323842962e-01 0.000000000000000000e+00 0.000000000000000000e+00 0.000000000000000000e+00 4.568965517241379004e-01
4.823529411764705954e-01 0.000000000000000000e+00 0.000000000000000000e+00 0.000000000000000000e+00 4.155405405405405705e-01
9.185667752442996381e-01 8.416666666666666741e-01 9.439252336448598069e-01 8.898678414096916622e-01 9.244626168224299168e-01
5.425531914893616525e-01 0.000000000000000000e+00 0.000000000000000000e+00 0.000000000000000000e+00 4.371428571428571663e-01
5.335689045936395924e-01 0.000000000000000000e+00 0.000000000000000000e+00 0.000000000000000000e+00 4.289772727272727071e-01
5.457746478873239937e-01 0.000000000000000000e+00 0.000000000000000000e+00 0.000000000000000000e+00 4.378531073446327859e-01
5.251798561151078681e-01 0.000000000000000000e+00 0.000000000000000000e+00 0.000000000000000000e+00 4.269005847953216692e-01
5.251798561151078681e-01 0.000000000000000000e+00 0.000000000000000000e+00 0.000000000000000000e+00 4.269005847953216692e-01
5.819397993311036243e-01 0.000000000000000000e+00 0.000000000000000000e+00 0.000000000000000000e+00 4.531250000000000000e-01
5.531914893617021489e-01 0.000000000000000000e+00 0.000000000000000000e+00 0.000000000000000000e+00 4.457142857142857295e-01
5.986842105263158187e-01 2.857142857142856984e-01 9.345794392523364136e-02 1.408450704225351902e-01 4.832771953128706111e-01
9.223602484472049889e-01 8.106060606060605522e-01 1.000000000000000000e+00 8.953974895397489586e-01 9.418604651162790775e-01
9.223602484472049889e-01 8.106060606060605522e-01 1.000000000000000000e+00 8.953974895397489586e-01 9.418604651162790775e-01
9.297124600638977387e-01 8.455284552845528934e-01 9.719626168224299034e-01 9.043478260869565188e-01 9.398648035568460957e-01
