5.540069686411149830e-01 0.000000000000000000e+00 0.000000000000000000e+00 0.000000000000000000e+00 4.416666666666666519e-01
9.223602484472049889e-01 8.106060606060605522e-01 1.000000000000000000e+00 8.953974895397489586e-01 9.418604651162790775e-01
4.823529411764705954e-01 0.000000000000000000e+00 0.000000000000000000e+00 0.000000000000000000e+00 4.155405405405405705e-01
5.923344947735191823e-01 2.916666666666666852e-01 6.542056074766354479e-02 1.068702290076335715e-01 4.854880581516095028e-01
5.147058823529411242e-01 0.000000000000000000e+00 0.000000000000000000e+00 0.000000000000000000e+00 4.242424242424242542e-01
5.319148936170212671e-01 0.000000000000000000e+00 0.000000000000000000e+00 0.000000000000000000e+00 4.285714285714286031e-01
4.961538461538461675e-01 0.000000000000000000e+00 0.000000000000000000e+00 0.000000000000000000e+00 4.215686274509803932e-01
5.368421052631578982e-01 0.000000000000000000e+00 0.000000000000000000e+00 0.000000000000000000e+00 4.297752808988763995e-01
9.392971246006389663e-01 8.492063492063491870e-01 1.000000000000000000e+00 9.184549356223175032e-01 9.538834951456310884e-01
7.304075235109718234e-01 6.567164179104477695e-01 4.112149532710280275e-01 5.057471264367815467e-01 6.513621936166460458e-01
5.684931506849315586e-01 0.000000000000000000e+00 0.000000000000000000e+00 0.000000000000000000e+00 4.486486486486486180e-01
6.006825938566553447e-01 3.214285714285714524e-01 8.411214953271027583e-02 1.333333333333333315e-01 4.909808059491507781e-01
4.823529411764705954e-01 0.000000000000000000e+00 0.000000000000000000e+00 0.000000000000000000e+00 4.155405405405405705e-01
5.501730103806228289e-01 0.000000000000000000e+00 0.000000000000000000e+00 0.000000000000000000e+00 4.368131868131868156e-01
9.223602484472049889e-01 8.106060606060605522e-01 1.000000000000000000e+00 8.953974895397489586e-01 9.418604651162790775e-01
5.319148936170212671e-01 0.000000000000000000e+00 0.000000000000000000e+00 0.000000000000000000e+00 4.285714285714286031e-01
5.037593984962406291e-01 0.000000000000000000e+00 0.000000000000000000e+00 0.000000000000000000e+00 4.213836477987421558e-01
5.352112676056337559e-01 0.000000000000000000e+00 0.000000000000000000e+00 0.000000000000000000e+00 4.293785310734463123e-01
5.600000000000000533e-01 0.000000000000000000e+00 0.000000000000000000e+00 0.000000000000000000e+00 4.352331606217616500e-01
5.457746478873239937e-01 0.000000000000000000e+00 0.000000000000000000e+00 0.000000000000000000e+00 4.378531073446327859e-01
9.278996865203761324e-01 8.230769230769230393e-01 1.000000000000000000e+00 9.029535864978902593e-01 9.457547169811320042e-01
5.000000000000000000e-01 0.000000000000000000e+00 0.000000000000000000e+00 0.000000000000000000e+00 4.203821656050955591e-01
5.563139931740613831e-01 0.000000000000000000e+00 0.000000000000000000e+00 0.000000000000000000e+00 4.381720430107526876e-01
9.331210191082802696e-01 8.359375000000000000e-01 1.000000000000000000e+00 9.106382978723404076e-01 9.492753623188405765e-01
5.501730103806228289e-01 0.000000000000000000e+00 0.000000000000000000e+00 0.000000000000000000e+00 4.368131868131868156e-01
9.223602484472049889e-01 8.106060606060605522e-01 1.000000000000000000e+00 8.953974895397489586e-01 9.418604651162790775e-01
4.942528735632183978e-01 0.000000000000000000e+00 0.000000000000000000e+00 0.000000000000000000e+00 4.188311688311688319e-01
5.714285714285713969e-01 0.000000000000000000e+00 0.000000000000000000e+00 0.000000000000000000e+00 4.624277456647398754e-01
5.605536332179931192e-01 0.000000000000000000e+00 0.000000000000000000e+00 0.000000000000000000e+00 4.450549450549450281e-01
5.938566552901023421e-01 2.000000000000000111e-01 3.738317757009345516e-02 6.299212598425195375e-02 4.756808360968746707e-01
5.268817204301075030e-01 0.000000000000000000e+00 0.000000000000000000e+00 0.000000000000000000e+00 4.273255813953488191e-01
5.357142857142856984e-01 0.000000000000000000e+00 0.000000000000000000e+00 0.000000000000000000e+00 4.335260115606936471e-01
7.027972027972028135e-01 7.750000000000000222e-01 2.897196261682242757e-01 4.217687074829931659e-01 6.197201482796428351e-01
5.185185185185184897e-01 0.000000000000000000e+00 0.000000000000000000e+00 0.000000000000000000e+00 4.294478527607362150e-01
4.980988593155893374e-01 0.000000000000000000e+00 0.000000000000000000e+00 0.000000000000000000e+00 4.198717948717948789e-01
4.698795180722891707e-01 0.000000000000000000e+00 0.000000000000000000e+00 0.000000000000000000e+00 4.119718309859154992e-01
5.911949685534590992e-01 0.000000000000000000e+00 0.000000000000000000e+00 0.000000000000000000e+00 4.454976303317535469e-01
