8.726708074534161863e-01 7.229729729729730270e-01 1.000000000000000000e+00 8.392156862745098200e-01 9.046511627906976827e-01
5.627009646302251200e-01 3.225806451612903136e-02 9.345794392523363789e-03 1.449275362318840250e-02 4.311434854315557286e-01
5.420560747663550893e-01 0.000000000000000000e+00 0.000000000000000000e+00 0.000000000000000000e+00 4.065420560747663448e-01
8.892405063291138889e-01 7.535211267605633756e-01 1.000000000000000000e+00 8.594377510040159818e-01 9.162679425837321201e-01
5.420560747663550893e-01 0.000000000000000000e+00 0.000000000000000000e+00 0.000000000000000000e+00 4.065420560747663448e-01
8.781250000000000444e-01 7.328767123287671659e-01 1.000000000000000000e+00 8.458498023715415037e-01 9.084507042253521236e-01
5.420560747663550893e-01 0.000000000000000000e+00 0.000000000000000000e+00 0.000000000000000000e+00 4.065420560747663448e-01
5.420560747663550893e-01 0.000000000000000000e+00 0.000000000000000000e+00 0.000000000000000000e+00 4.065420560747663448e-01
7.192429022082018619e-01 5.999999999999999778e-01 5.046728971962616273e-01 5.482233502538070846e-01 6.666221628838450153e-01
5.420560747663550893e-01 0.000000000000000000e+00 0.000000000000000000e+00 0.000000000000000000e+00 4.065420560747663448e-01
5.420560747663550893e-01 0.000000000000000000e+00 0.000000000000000000e+00 0.000000000000000000e+00 4.065420560747663448e-01
5.420560747663550893e-01 0.000000000000000000e+00 0.000000000000000000e+00 0.000000000000000000e+00 4.065420560747663448e-01
9.153094462540716236e-01 8.045112781954887327e-01 1.000000000000000000e+00 8.916666666666667185e-01 9.350000000000000533e-01
9.153094462540716236e-01 8.045112781954887327e-01 1.000000000000000000e+00 8.916666666666667185e-01 9.350000000000000533e-01
5.420560747663550893e-01 0.000000000000000000e+00 0.000000000000000000e+00 0.000000000000000000e+00 4.065420560747663448e-01
9.183006535947711990e-01 8.106060606060605522e-01 1.000000000000000000e+00 8.953974895397489586e-01 9.371859296482412116e-01
5.591054313099041995e-01 3.030303030303030387e-02 9.345794392523363789e-03 1.428571428571428353e-02 4.270029942836403025e-01
5.420560747663550893e-01 0.000000000000000000e+00 0.000000000000000000e+00 0.000000000000000000e+00 4.065420560747663448e-01
5.420560747663550893e-01 0.000000000000000000e+00 0.000000000000000000e+00 0.000000000000000000e+00 4.065420560747663448e-01
5.537974683544303334e-01 2.777777777777777624e-02 9.345794392523363789e-03 1.398601398601398600e-02 4.209408397799936918e-01
9.035369774919613794e-01 7.810218978102190235e-01 1.000000000000000000e+00 8.770491803278688270e-01 9.264705882352940458e-01
8.920634920634921139e-01 7.588652482269503396e-01 1.000000000000000000e+00 8.629032258064516236e-01 9.182692307692308376e-01
5.420560747663550893e-01 0.000000000000000000e+00 0.000000000000000000e+00 0.000000000000000000e+00 4.065420560747663448e-01
8.598726114649681840e-01 7.441860465116278966e-01 8.971962616822429792e-01 8.135593220338981357e-01 8.688879859135852923e-01
9.153094462540716236e-01 8.045112781954887327e-01 1.000000000000000000e+00 8.916666666666667185e-01 9.350000000000000533e-01
5.420560747663550893e-01 0.000000000000000000e+00 0.000000000000000000e+00 0.000000000000000000e+00 4.065420560747663448e-01
5.420560747663550893e-01 0.000000000000000000e+00 0.000000000000000000e+00 0.000000000000000000e+00 4.065420560747663448e-01
5.420560747663550893e-01 0.000000000000000000e+00 0.000000000000000000e+00 0.000000000000000000e+00 4.065420560747663448e-01
5.420560747663550893e-01 0.000000000000000000e+00 0.000000000000000000e+00 0.000000000000000000e+00 4.065420560747663448e-01
8.977635782747603876e-01 7.697841726618704916e-01 1.000000000000000000e+00 8.699186991869918284e-01 9.223300970873786753e-01
5.420560747663550893e-01 0.000000000000000000e+00 0.000000000000000000e+00 0.000000000000000000e+00 4.065420560747663448e-01
5.420560747663550893e-01 0.000000000000000000e+00 0.000000000000000000e+00 0.000000000000000000e+00 4.065420560747663448e-01
5.420560747663550893e-01 0.000000000000000000e+00 0.000000000000000000e+00 0.000000000000000000e+00 4.065420560747663448e-01
5.420560747663550893e-01 0.000000000000000000e+00 0.000000000000000000e+00 0.000000000000000000e+00 4.065420560747663448e-01
8.977635782747603876e-01 7.697841726618704916e-01 1.000000000000000000e+00 8.699186991869918284e-01 9.223300970873786753e-01
8.892405063291138889e-01 7.535211267605633756e-01 1.000000000000000000e+00 8.594377510040159818e-01 9.162679425837321201e-01
9.153094462540716236e-01 8.045112781954887327e-01 1.000000000000000000e+00 8.916666666666667185e-01 9.350000000000000533e-01
