5.520504731861198833e-01 2.702702702702702853e-02 9.345794392523363789e-03 1.388888888888888638e-02 4.189586114819758844e-01
8.892405063291138889e-01 7.535211267605633756e-01 1.000000000000000000e+00 8.594377510040159818e-01 9.162679425837321201e-01
6.962025316455696666e-01 5.679012345679012030e-01 4.299065420560747586e-01 4.893617021276596146e-01 6.312212136117694161e-01
5.695792880258899737e-01 6.666666666666666574e-02 1.869158878504672758e-02 2.919708029197079849e-02 4.400388636994540525e-01
5.420560747663550893e-01 0.000000000000000000e+00 0.000000000000000000e+00 0.000000000000000000e+00 4.065420560747663448e-01
5.420560747663550893e-01 0.000000000000000000e+00 0.000000000000000000e+00 0.000000000000000000e+00 4.065420560747663448e-01
5.420560747663550893e-01 0.000000000000000000e+00 0.000000000000000000e+00 0.000000000000000000e+00 4.065420560747663448e-01
5.420560747663550893e-01 0.000000000000000000e+00 0.000000000000000000e+00 0.000000000000000000e+00 4.065420560747663448e-01
9.153094462540716236e-01 8.045112781954887327e-01 1.000000000000000000e+00 8.916666666666667185e-01 9.350000000000000533e-01
6.038961038961039307e-01 3.076923076923077094e-01 1.121495327102803724e-01 1.643835616438356351e-01 4.889105872506626094e-01
8.920634920634921139e-01 7.588652482269503396e-01 1.000000000000000000e+00 8.629032258064516236e-01 9.182692307692308376e-01
8.983606557377049606e-01 8.064516129032257563e-01 9.345794392523364413e-01 8.658008658008657932e-01 9.066836590201077239e-01
5.420560747663550893e-01 0.000000000000000000e+00 0.000000000000000000e+00 0.000000000000000000e+00 4.065420560747663448e-01
5.420560747663550893e-01 0.000000000000000000e+00 0.000000000000000000e+00 0.000000000000000000e+00 4.065420560747663448e-01
8.977635782747603876e-01 7.697841726618704916e-01 1.000000000000000000e+00 8.699186991869918284e-01 9.223300970873786753e-01
5.520504731861198833e-01 2.702702702702702853e-02 9.345794392523363789e-03 1.388888888888888638e-02 4.189586114819758844e-01
5.420560747663550893e-01 0.000000000000000000e+00 0.000000000000000000e+00 0.000000000000000000e+00 4.065420560747663448e-01
5.420560747663550893e-01 0.000000000000000000e+00 0.000000000000000000e+00 0.000000000000000000e+00 4.065420560747663448e-01
5.420560747663550893e-01 0.000000000000000000e+00 0.000000000000000000e+00 0.000000000000000000e+00 4.065420560747663448e-01
9.397993311036789699e-01 8.559999999999999831e-01 1.000000000000000000e+00 9.224137931034482873e-01 9.531250000000000000e-01
7.572815533980582492e-01 6.818181818181817677e-01 5.607476635514018204e-01 6.153846153846154188e-01 7.110669010826315972e-01
5.420560747663550893e-01 0.000000000000000000e+00 0.000000000000000000e+00 0.000000000000000000e+00 4.065420560747663448e-01
6.038338658146964466e-01 3.191489361702127825e-01 1.401869158878504551e-01 1.948051948051947868e-01 4.924235550313038612e-01
8.892405063291138889e-01 7.535211267605633756e-01 1.000000000000000000e+00 8.594377510040159818e-01 9.162679425837321201e-01
5.420560747663550893e-01 0.000000000000000000e+00 0.000000000000000000e+00 0.000000000000000000e+00 4.065420560747663448e-01
8.977635782747603876e-01 7.697841726618704916e-01 1.000000000000000000e+00 8.699186991869918284e-01 9.223300970873786753e-01
5.420560747663550893e-01 0.000000000000000000e+00 0.000000000000000000e+00 0.000000000000000000e+00 4.065420560747663448e-01
5.420560747663550893e-01 0.000000000000000000e+00 0.000000000000000000e+00 0.000000000000000000e+00 4.065420560747663448e-01
5.420560747663550893e-01 0.000000000000000000e+00 0.000000000000000000e+00 0.000000000000000000e+00 4.065420560747663448e-01
5.420560747663550893e-01 0.000000000000000000e+00 0.000000000000000000e+00 0.000000000000000000e+00 4.065420560747663448e-01
5.420560747663550893e-01 0.000000000000000000e+00 0.000000000000000000e+00 0.000000000000000000e+00 4.065420560747663448e-01
5.420560747663550893e-01 0.000000000000000000e+00 0.000000000000000000e+00 0.000000000000000000e+00 4.065420560747663448e-01
8.821656050955414274e-01 7.573529411764705621e-01 9.626168224299065379e-01 8.477366255144032081e-01 9.015982662874169051e-01
5.420560747663550893e-01 0.000000000000000000e+00 0.000000000000000000e+00 0.000000000000000000e+00 4.065420560747663448e-01
8.892405063291138889e-01 7.535211267605633756e-01 1.000000000000000000e+00 8.594377510040159818e-01 9.162679425837321201e-01
5.420560747663550893e-01 0.000000000000000000e+00 0.000000000000000000e+00 0.000000000000000000e+00 4.065420560747663448e-01
5.420560747663550893e-01 0.000000000000000000e+00 0.000000000000000000e+00 0.000000000000000000e+00 4.065420560747663448e-01
