5.420560747663550893e-01 0.000000000000000000e+00 0.000000000000000000e+00 0.000000000000000000e+00 4.065420560747663448e-01
5.420560747663550893e-01 0.000000000000000000e+00 0.000000000000000000e+00 0.000000000000000000e+00 4.065420560747663448e-01
5.420560747663550893e-01 0.000000000000000000e+00 0.000000000000000000e+00 0.000000000000000000e+00 4.065420560747663448e-01
5.803278688524590168e-01 1.111111111111111049e-01 2.803738317757009310e-02 4.477611940298507204e-02 4.534126309827243850e-01
8.750000000000000000e-01 8.000000000000000444e-01 8.598130841121495171e-01 8.288288288288289118e-01 8.715309075383083082e-01
8.892405063291138889e-01 7.535211267605633756e-01 1.000000000000000000e+00 8.594377510040159818e-01 9.162679425837321201e-01
8.726708074534161863e-01 7.229729729729730270e-01 1.000000000000000000e+00 8.392156862745098200e-01 9.046511627906976827e-01
7.443365695792880654e-01 6.666666666666666297e-01 5.233644859813083583e-01 5.863874345549737743e-01 6.923753122975848662e-01
5.420560747663550893e-01 0.000000000000000000e+00 0.000000000000000000e+00 0.000000000000000000e+00 4.065420560747663448e-01
7.579617834394904996e-01 6.597938144329896781e-01 5.981308411214952825e-01 6.274509803921567430e-01 7.193552756332114440e-01
5.420560747663550893e-01 0.000000000000000000e+00 0.000000000000000000e+00 0.000000000000000000e+00 4.065420560747663448e-01
8.808777429467085085e-01 7.379310344827586521e-01 1.000000000000000000e+00 8.492063492063492980e-01 9.103773584905661131e-01
5.420560747663550893e-01 0.000000000000000000e+00 0.000000000000000000e+00 0.000000000000000000e+00 4.065420560747663448e-01
5.420560747663550893e-01 0.000000000000000000e+00 0.000000000000000000e+00 0.000000000000000000e+00 4.065420560747663448e-01
8.977635782747603876e-01 7.697841726618704916e-01 1.000000000000000000e+00 8.699186991869918284e-01 9.223300970873786753e-01
5.420560747663550893e-01 0.000000000000000000e+00 0.000000000000000000e+00 0.000000000000000000e+00 4.065420560747663448e-01
8.892405063291138889e-01 7.535211267605633756e-01 1.000000000000000000e+00 8.594377510040159818e-01 9.162679425837321201e-01
8.892405063291138889e-01 7.535211267605633756e-01 1.000000000000000000e+00 8.594377510040159818e-01 9.162679425837321201e-01
5.420560747663550893e-01 0.000000000000000000e+00 0.000000000000000000e+00 0.000000000000000000e+00 4.065420560747663448e-01
5.420560747663550893e-01 0.000000000000000000e+00 0.000000000000000000e+00 0.000000000000000000e+00 4.065420560747663448e-01
5.591054313099041995e-01 3.030303030303030387e-02 9.345794392523363789e-03 1.428571428571428353e-02 4.270029942836403025e-01
5.718954248366012738e-01 3.846153846153846367e-02 9.345794392523363789e-03 1.503759398496240518e-02 4.418588268445028389e-01
5.420560747663550893e-01 0.000000000000000000e+00 0.000000000000000000e+00 0.000000000000000000e+00 4.065420560747663448e-01
5.420560747663550893e-01 0.000000000000000000e+00 0.000000000000000000e+00 0.000000000000000000e+00 4.065420560747663448e-01
5.420560747663550893e-01 0.000000000000000000e+00 0.000000000000000000e+00 0.000000000000000000e+00 4.065420560747663448e-01
8.977635782747603876e-01 7.697841726618704916e-01 1.000000000000000000e+00 8.699186991869918284e-01 9.223300970873786753e-01
8.920634920634921139e-01 7.588652482269503396e-01 1.000000000000000000e+00 8.629032258064516236e-01 9.182692307692308376e-01
5.420560747663550893e-01 0.000000000000000000e+00 0.000000000000000000e+00 0.000000000000000000e+00 4.065420560747663448e-01
5.420560747663550893e-01 0.000000000000000000e+00 0.000000000000000000e+00 0.000000000000000000e+00 4.065420560747663448e-01
5.420560747663550893e-01 0.000000000000000000e+00 0.000000000000000000e+00 0.000000000000000000e+00 4.065420560747663448e-01
5.420560747663550893e-01 0.000000000000000000e+00 0.000000000000000000e+00 0.000000000000000000e+00 4.065420560747663448e-01
9.093851132686083805e-01 7.925925925925926263e-01 1.000000000000000000e+00 8.842975206611569661e-01 9.306930693069306315e-01
5.420560747663550893e-01 0.000000000000000000e+00 0.000000000000000000e+00 0.000000000000000000e+00 4.065420560747663448e-01
5.420560747663550893e-01 0.000000000000000000e+00 0.000000000000000000e+00 0.000000000000000000e+00 4.065420560747663448e-01
8.836477987421383906e-01 7.430555555555555802e-01 1.000000000000000000e+00 8.525896414342629681e-01 9.123222748815165151e-01
8.836477987421383906e-01 7.430555555555555802e-01 1.000000000000000000e+00 8.525896414342629681e-01 9.123222748815165151e-01
8.920634920634921139e-01 7.588652482269503396e-01 1.000000000000000000e+00 8.629032258064516236e-01 9.182692307692308376e-01
