5.631067961165048263e-01 3.333333333333333287e-02 9.345794392523363789e-03 1.459854014598539924e-02 4.328907189784398368e-01
9.003215434083601254e-01 7.753623188405797118e-01 1.000000000000000000e+00 8.734693877551020780e-01 9.240196078431371918e-01
7.227722772277227481e-01 6.666666666666666297e-01 4.299065420560747586e-01 5.227272727272727071e-01 6.562798016402823231e-01
5.454545454545454142e-01 2.500000000000000139e-02 9.345794392523363789e-03 1.360544217687074606e-02 4.126917651207899773e-01
5.372670807453415742e-01 0.000000000000000000e+00 0.000000000000000000e+00 0.000000000000000000e+00 4.023255813953488524e-01
5.541401273885350198e-01 2.857142857142857054e-02 9.345794392523363789e-03 1.408450704225351971e-02 4.225472933315272961e-01
5.631067961165048263e-01 3.333333333333333287e-02 9.345794392523363789e-03 1.459854014598539924e-02 4.328907189784398368e-01
5.372670807453415742e-01 0.000000000000000000e+00 0.000000000000000000e+00 0.000000000000000000e+00 4.023255813953488524e-01
9.210526315789473450e-01 8.167938931297710203e-01 1.000000000000000000e+00 8.991596638655461327e-01 9.390862944162435832e-01
5.517241379310344751e-01 7.142857142857142461e-02 2.803738317757009310e-02 4.026845637583892357e-02 4.220375595133133428e-01
8.322368421052631637e-01 7.692307692307692735e-01 7.476635514018691309e-01 7.582938388625591886e-01 8.129180701171783152e-01
8.807947019867549132e-01 8.086956521739130377e-01 8.691588785046728827e-01 8.378378378378378288e-01 8.781691828420800094e-01
5.372670807453415742e-01 0.000000000000000000e+00 0.000000000000000000e+00 0.000000000000000000e+00 4.023255813953488524e-01
5.372670807453415742e-01 0.000000000000000000e+00 0.000000000000000000e+00 0.000000000000000000e+00 4.023255813953488524e-01
8.805031446540880768e-01 7.379310344827586521e-01 1.000000000000000000e+00 8.492063492063492980e-01 9.099526066350711595e-01
5.437499999999999556e-01 2.439024390243902524e-02 9.345794392523363789e-03 1.351351351351351079e-02 4.107761835812381856e-01
5.372670807453415742e-01 0.000000000000000000e+00 0.000000000000000000e+00 0.000000000000000000e+00 4.023255813953488524e-01
5.372670807453415742e-01 0.000000000000000000e+00 0.000000000000000000e+00 0.000000000000000000e+00 4.023255813953488524e-01
5.372670807453415742e-01 0.000000000000000000e+00 0.000000000000000000e+00 0.000000000000000000e+00 4.023255813953488524e-01
9.120521172638436092e-01 7.985074626865671377e-01 1.000000000000000000e+00 8.879668049792530660e-01 9.324999999999999956e-01
8.164556962025316666e-01 7.024793388429751984e-01 7.943925233644859585e-01 7.456140350877192846e-01 8.110718597683673758e-01
5.372670807453415742e-01 0.000000000000000000e+00 0.000000000000000000e+00 0.000000000000000000e+00 4.023255813953488524e-01
8.681672025723472519e-01 7.578125000000000000e-01 9.065420560747663448e-01 8.255319148936169915e-01 8.772906358805204752e-01
8.974358974358974672e-01 7.697841726618704916e-01 1.000000000000000000e+00 8.699186991869918284e-01 9.219512195121950526e-01
5.372670807453415742e-01 0.000000000000000000e+00 0.000000000000000000e+00 0.000000000000000000e+00 4.023255813953488524e-01
8.805031446540880768e-01 7.379310344827586521e-01 1.000000000000000000e+00 8.492063492063492980e-01 9.099526066350711595e-01
5.631067961165048263e-01 3.333333333333333287e-02 9.345794392523363789e-03 1.459854014598539924e-02 4.328907189784398368e-01
5.372670807453415742e-01 0.000000000000000000e+00 0.000000000000000000e+00 0.000000000000000000e+00 4.023255813953488524e-01
5.372670807453415742e-01 0.000000000000000000e+00 0.000000000000000000e+00 0.000000000000000000e+00 4.023255813953488524e-01
5.742574257425742124e-01 4.166666666666666435e-02 9.345794392523363789e-03 1.526717557251908164e-02 4.459994278085065433e-01
5.372670807453415742e-01 0.000000000000000000e+00 0.000000000000000000e+00 0.000000000000000000e+00 4.023255813953488524e-01
5.372670807453415742e-01 0.000000000000000000e+00 0.000000000000000000e+00 0.000000000000000000e+00 4.023255813953488524e-01
8.758389261744966570e-01 8.301886792452830566e-01 8.224299065420560551e-01 8.262910798122067302e-01 8.640945344228605496e-01
5.742574257425742124e-01 4.166666666666666435e-02 9.345794392523363789e-03 1.526717557251908164e-02 4.459994278085065433e-01
8.917197452229299603e-01 7.588652482269503396e-01 1.000000000000000000e+00 8.629032258064516236e-01 9.178743961352656688e-01
5.372670807453415742e-01 0.000000000000000000e+00 0.000000000000000000e+00 0.000000000000000000e+00 4.023255813953488524e-01
5.454545454545454142e-01 2.500000000000000139e-02 9.345794392523363789e-03 1.360544217687074606e-02 4.126917651207899773e-01
