8.888888888888888395e-01 7.535211267605633756e-01 1.000000000000000000e+00 8.594377510040159818e-01 9.158653846153845812e-01
5.912162162162162282e-01 1.111111111111111049e-01 1.869158878504672758e-02 3.200000000000000067e-02 4.670177520644810398e-01
5.454545454545454142e-01 2.500000000000000139e-02 9.345794392523363789e-03 1.360544217687074606e-02 4.126917651207899773e-01
8.917197452229299603e-01 7.588652482269503396e-01 1.000000000000000000e+00 8.629032258064516236e-01 9.178743961352656688e-01
5.471698113207547065e-01 2.564102564102564014e-02 9.345794392523363789e-03 1.369863013698630061e-02 4.146255038313327868e-01
9.120521172638436092e-01 7.985074626865671377e-01 1.000000000000000000e+00 8.879668049792530660e-01 9.324999999999999956e-01
5.372670807453415742e-01 0.000000000000000000e+00 0.000000000000000000e+00 0.000000000000000000e+00 4.023255813953488524e-01
5.576923076923077094e-01 3.030303030303030387e-02 9.345794392523363789e-03 1.428571428571428353e-02 4.266241167084567354e-01
6.062717770034843356e-01 1.250000000000000000e-01 9.345794392523363789e-03 1.739130434782608717e-02 4.852284527518172519e-01
5.372670807453415742e-01 0.000000000000000000e+00 0.000000000000000000e+00 0.000000000000000000e+00 4.023255813953488524e-01
5.372670807453415742e-01 0.000000000000000000e+00 0.000000000000000000e+00 0.000000000000000000e+00 4.023255813953488524e-01
5.372670807453415742e-01 0.000000000000000000e+00 0.000000000000000000e+00 0.000000000000000000e+00 4.023255813953488524e-01
9.210526315789473450e-01 8.167938931297710203e-01 1.000000000000000000e+00 8.991596638655461327e-01 9.390862944162435832e-01
9.210526315789473450e-01 8.167938931297710203e-01 1.000000000000000000e+00 8.991596638655461327e-01 9.390862944162435832e-01
5.372670807453415742e-01 0.000000000000000000e+00 0.000000000000000000e+00 0.000000000000000000e+00 4.023255813953488524e-01
9.210526315789473450e-01 8.167938931297710203e-01 1.000000000000000000e+00 8.991596638655461327e-01 9.390862944162435832e-01
5.631067961165048263e-01 3.333333333333333287e-02 9.345794392523363789e-03 1.459854014598539924e-02 4.328907189784398368e-01
5.372670807453415742e-01 0.000000000000000000e+00 0.000000000000000000e+00 0.000000000000000000e+00 4.023255813953488524e-01
5.723472668810289932e-01 1.388888888888888951e-01 4.672897196261682068e-02 6.993006993006992134e-02 4.473840938244456611e-01
7.062706270627062688e-01 6.406250000000000000e-01 3.831775700934579310e-01 4.795321637426900874e-01 6.329153156589738538e-01
8.917197452229299603e-01 7.588652482269503396e-01 1.000000000000000000e+00 8.629032258064516236e-01 9.178743961352656688e-01
9.003215434083601254e-01 7.753623188405797118e-01 1.000000000000000000e+00 8.734693877551020780e-01 9.240196078431371918e-01
5.372670807453415742e-01 0.000000000000000000e+00 0.000000000000000000e+00 0.000000000000000000e+00 4.023255813953488524e-01
8.917197452229299603e-01 7.588652482269503396e-01 1.000000000000000000e+00 8.629032258064516236e-01 9.178743961352656688e-01
9.210526315789473450e-01 8.167938931297710203e-01 1.000000000000000000e+00 8.991596638655461327e-01 9.390862944162435832e-01
5.372670807453415742e-01 0.000000000000000000e+00 0.000000000000000000e+00 0.000000000000000000e+00 4.023255813953488524e-01
5.372670807453415742e-01 0.000000000000000000e+00 0.000000000000000000e+00 0.000000000000000000e+00 4.023255813953488524e-01
5.372670807453415742e-01 0.000000000000000000e+00 0.000000000000000000e+00 0.000000000000000000e+00 4.023255813953488524e-01
5.372670807453415742e-01 0.000000000000000000e+00 0.000000000000000000e+00 0.000000000000000000e+00 4.023255813953488524e-01
8.805031446540880768e-01 7.379310344827586521e-01 1.000000000000000000e+00 8.492063492063492980e-01 9.099526066350711595e-01
5.372670807453415742e-01 0.000000000000000000e+00 0.000000000000000000e+00 0.000000000000000000e+00 4.023255813953488524e-01
5.742574257425742124e-01 4.166666666666666435e-02 9.345794392523363789e-03 1.526717557251908164e-02 4.459994278085065433e-01
5.372670807453415742e-01 0.000000000000000000e+00 0.000000000000000000e+00 0.000000000000000000e+00 4.023255813953488524e-01
5.372670807453415742e-01 0.000000000000000000e+00 0.000000000000000000e+00 0.000000000000000000e+00 4.023255813953488524e-01
8.805031446540880768e-01 7.379310344827586521e-01 1.000000000000000000e+00 8.492063492063492980e-01 9.099526066350711595e-01
8.917197452229299603e-01 7.588652482269503396e-01 1.000000000000000000e+00 8.629032258064516236e-01 9.178743961352656688e-01
9.210526315789473450e-01 8.167938931297710203e-01 1.000000000000000000e+00 8.991596638655461327e-01 9.390862944162435832e-01
