5.372670807453415742e-01 0.000000000000000000e+00 0.000000000000000000e+00 0.000000000000000000e+00 4.023255813953488524e-01
5.742574257425742124e-01 4.166666666666666435e-02 9.345794392523363789e-03 1.526717557251908164e-02 4.459994278085065433e-01
5.898305084745762983e-01 6.250000000000000000e-02 9.345794392523363789e-03 1.626016260162601451e-02 4.647792801749850433e-01
6.072607260726072820e-01 3.235294117647058987e-01 1.028037383177570069e-01 1.560283687943262443e-01 4.927283997711233710e-01
8.877887788778877631e-01 8.067226890756302726e-01 8.971962616822429792e-01 8.495575221238937935e-01 8.899246614533664612e-01
8.917197452229299603e-01 7.588652482269503396e-01 1.000000000000000000e+00 8.629032258064516236e-01 9.178743961352656688e-01
8.888888888888888395e-01 7.535211267605633756e-01 1.000000000000000000e+00 8.594377510040159818e-01 9.158653846153845812e-01
6.528662420382165266e-01 4.848484848484848619e-01 2.990654205607476412e-01 3.699421965317918892e-01 5.674071064156395172e-01
5.372670807453415742e-01 0.000000000000000000e+00 0.000000000000000000e+00 0.000000000000000000e+00 4.023255813953488524e-01
6.721854304635761501e-01 5.769230769230768718e-01 2.803738317757009102e-01 3.773584905660377076e-01 5.837766594775940510e-01
5.372670807453415742e-01 0.000000000000000000e+00 0.000000000000000000e+00 0.000000000000000000e+00 4.023255813953488524e-01
8.888888888888888395e-01 7.535211267605633756e-01 1.000000000000000000e+00 8.594377510040159818e-01 9.158653846153845812e-01
5.372670807453415742e-01 0.000000000000000000e+00 0.000000000000000000e+00 0.000000000000000000e+00 4.023255813953488524e-01
6.468646864686468101e-01 5.000000000000000000e-01 2.149532710280373793e-01 3.006535947712418166e-01 5.488031661262635641e-01
8.973509933774834746e-01 8.166666666666666519e-01 9.158878504672897103e-01 8.634361233480175590e-01 9.015336688233883677e-01
5.742574257425742124e-01 4.166666666666666435e-02 9.345794392523363789e-03 1.526717557251908164e-02 4.459994278085065433e-01
9.003215434083601254e-01 7.753623188405797118e-01 1.000000000000000000e+00 8.734693877551020780e-01 9.240196078431371918e-01
8.917197452229299603e-01 7.588652482269503396e-01 1.000000000000000000e+00 8.629032258064516236e-01 9.178743961352656688e-01
5.742574257425742124e-01 4.166666666666666435e-02 9.345794392523363789e-03 1.526717557251908164e-02 4.459994278085065433e-01
5.742574257425742124e-01 4.166666666666666435e-02 9.345794392523363789e-03 1.526717557251908164e-02 4.459994278085065433e-01
6.279863481228669109e-01 4.583333333333333148e-01 1.028037383177570069e-01 1.679389312977099258e-01 5.164556325997387010e-01
5.517241379310344751e-01 7.142857142857142461e-02 2.803738317757009310e-02 4.026845637583892357e-02 4.220375595133133428e-01
5.372670807453415742e-01 0.000000000000000000e+00 0.000000000000000000e+00 0.000000000000000000e+00 4.023255813953488524e-01
5.742574257425742124e-01 4.166666666666666435e-02 9.345794392523363789e-03 1.526717557251908164e-02 4.459994278085065433e-01
6.468646864686468101e-01 5.000000000000000000e-01 2.149532710280373793e-01 3.006535947712418166e-01 5.488031661262635641e-01
8.973509933774834746e-01 8.166666666666666519e-01 9.158878504672897103e-01 8.634361233480175590e-01 9.015336688233883677e-01
8.974358974358974672e-01 7.697841726618704916e-01 1.000000000000000000e+00 8.699186991869918284e-01 9.219512195121950526e-01
5.372670807453415742e-01 0.000000000000000000e+00 0.000000000000000000e+00 0.000000000000000000e+00 4.023255813953488524e-01
5.372670807453415742e-01 0.000000000000000000e+00 0.000000000000000000e+00 0.000000000000000000e+00 4.023255813953488524e-01
5.372670807453415742e-01 0.000000000000000000e+00 0.000000000000000000e+00 0.000000000000000000e+00 4.023255813953488524e-01
5.631067961165048263e-01 3.333333333333333287e-02 9.345794392523363789e-03 1.459854014598539924e-02 4.328907189784398368e-01
9.120521172638436092e-01 7.985074626865671377e-01 1.000000000000000000e+00 8.879668049792530660e-01 9.324999999999999956e-01
5.825242718446601575e-01 1.944444444444444475e-01 6.542056074766354479e-02 9.790209790209790375e-02 4.609281021560099334e-01
5.559105431309904199e-01 2.941176470588235253e-02 9.345794392523363789e-03 1.418439716312056530e-02 4.245758098176208306e-01
8.805031446540880768e-01 7.379310344827586521e-01 1.000000000000000000e+00 8.492063492063492980e-01 9.099526066350711595e-01
8.777429467084639780e-01 7.328767123287671659e-01 1.000000000000000000e+00 8.458498023715415037e-01 9.080188679245282390e-01
9.271523178807946630e-01 8.294573643410853014e-01 1.000000000000000000e+00 9.067796610169490679e-01 9.435897435897435681e-01
