5.259259259259259078e-01 0.000000000000000000e+00 0.000000000000000000e+00 0.000000000000000000e+00 4.355828220858895539e-01
5.311355311355311359e-01 0.000000000000000000e+00 0.000000000000000000e+00 0.000000000000000000e+00 4.367469879518072196e-01
5.151515151515151381e-01 0.000000000000000000e+00 0.000000000000000000e+00 0.000000000000000000e+00 4.331210191082802696e-01
9.134615384615384359e-01 8.636363636363636465e-01 8.878504672897196137e-01 8.755760368663594306e-01 9.073398677912012378e-01
5.223880597014924909e-01 0.000000000000000000e+00 0.000000000000000000e+00 0.000000000000000000e+00 4.347826086956521618e-01
6.045751633986927720e-01 0.000000000000000000e+00 0.000000000000000000e+00 0.000000000000000000e+00 4.648241206030150896e-01
5.993690851735016256e-01 0.000000000000000000e+00 0.000000000000000000e+00 0.000000000000000000e+00 4.523809523809523836e-01
5.872483221476509918e-01 0.000000000000000000e+00 0.000000000000000000e+00 0.000000000000000000e+00 4.581151832460733098e-01
5.616438356164383805e-01 0.000000000000000000e+00 0.000000000000000000e+00 0.000000000000000000e+00 4.432432432432432678e-01
5.172413793103448620e-01 0.000000000000000000e+00 0.000000000000000000e+00 0.000000000000000000e+00 4.383116883116883189e-01
5.709459459459459429e-01 0.000000000000000000e+00 0.000000000000000000e+00 0.000000000000000000e+00 4.470899470899470929e-01
5.858585858585858563e-01 0.000000000000000000e+00 0.000000000000000000e+00 0.000000000000000000e+00 4.578947368421052433e-01
5.492957746478873693e-01 0.000000000000000000e+00 0.000000000000000000e+00 0.000000000000000000e+00 4.406779661016949068e-01
4.557522123893805177e-01 0.000000000000000000e+00 0.000000000000000000e+00 0.000000000000000000e+00 4.327731092436974958e-01
9.485530546623793802e-01 8.760330578512396382e-01 9.906542056074766345e-01 9.298245614035086648e-01 9.585623969213853401e-01
5.345454545454545459e-01 0.000000000000000000e+00 0.000000000000000000e+00 0.000000000000000000e+00 4.375000000000000000e-01
9.347826086956522174e-01 8.359375000000000000e-01 1.000000000000000000e+00 9.106382978723404076e-01 9.511627906976743985e-01
6.655844155844156118e-01 5.588235294117647189e-01 1.775700934579439172e-01 2.695035460992907250e-01 5.514716138931510248e-01
5.379061371841155070e-01 0.000000000000000000e+00 0.000000000000000000e+00 0.000000000000000000e+00 4.382352941176470562e-01
5.771812080536913303e-01 0.000000000000000000e+00 0.000000000000000000e+00 0.000000000000000000e+00 4.502617801047120727e-01
5.870967741935483319e-01 0.000000000000000000e+00 0.000000000000000000e+00 0.000000000000000000e+00 4.482758620689655249e-01
9.519230769230768718e-01 8.770491803278688270e-01 1.000000000000000000e+00 9.344978165938864212e-01 9.634146341463415419e-01
5.076923076923076650e-01 0.000000000000000000e+00 0.000000000000000000e+00 0.000000000000000000e+00 4.313725490196078649e-01
6.813559322033898580e-01 7.407407407407406996e-01 1.869158878504672827e-01 2.985074626865671377e-01 5.748409226486379531e-01
4.557522123893805177e-01 0.000000000000000000e+00 0.000000000000000000e+00 0.000000000000000000e+00 4.327731092436974958e-01
9.485530546623793802e-01 8.760330578512396382e-01 9.906542056074766345e-01 9.298245614035086648e-01 9.585623969213853401e-01
5.886287625418060721e-01 0.000000000000000000e+00 0.000000000000000000e+00 0.000000000000000000e+00 4.583333333333333148e-01
4.836065573770491621e-01 0.000000000000000000e+00 0.000000000000000000e+00 0.000000000000000000e+00 4.306569343065693722e-01
5.214007782101167665e-01 0.000000000000000000e+00 0.000000000000000000e+00 0.000000000000000000e+00 4.466666666666666563e-01
4.728033472803347403e-01 0.000000000000000000e+00 0.000000000000000000e+00 0.000000000000000000e+00 4.280303030303030387e-01
5.492957746478873693e-01 0.000000000000000000e+00 0.000000000000000000e+00 0.000000000000000000e+00 4.406779661016949068e-01
6.057692307692307265e-01 0.000000000000000000e+00 0.000000000000000000e+00 0.000000000000000000e+00 4.609756097560975818e-01
5.690235690235689869e-01 0.000000000000000000e+00 0.000000000000000000e+00 0.000000000000000000e+00 4.447368421052631526e-01
6.398713826366559942e-01 3.809523809523809312e-01 7.476635514018691031e-02 1.249999999999999861e-01 5.055204324720542486e-01
9.347826086956522174e-01 8.359375000000000000e-01 1.000000000000000000e+00 9.106382978723404076e-01 9.511627906976743985e-01
9.347826086956522174e-01 8.359375000000000000e-01 1.000000000000000000e+00 9.106382978723404076e-01 9.511627906976743985e-01
8.539682539682539320e-01 8.279569892473118697e-01 7.196261682242990343e-01 7.700000000000000178e-01 8.213515456506111923e-01
