5.669014084507042472e-01 0.000000000000000000e+00 0.000000000000000000e+00 0.000000000000000000e+00 4.548022598870056221e-01
9.347826086956522174e-01 8.359375000000000000e-01 1.000000000000000000e+00 9.106382978723404076e-01 9.511627906976743985e-01
5.492957746478873693e-01 0.000000000000000000e+00 0.000000000000000000e+00 0.000000000000000000e+00 4.406779661016949068e-01
6.258503401360544505e-01 4.400000000000000022e-01 1.028037383177570069e-01 1.666666666666666852e-01 5.139687140786645125e-01
5.631399317406143856e-01 0.000000000000000000e+00 0.000000000000000000e+00 0.000000000000000000e+00 4.435483870967741882e-01
5.187969924812030342e-01 0.000000000000000000e+00 0.000000000000000000e+00 0.000000000000000000e+00 4.339622641509434109e-01
5.591397849462365066e-01 0.000000000000000000e+00 0.000000000000000000e+00 0.000000000000000000e+00 4.534883720930232842e-01
5.830618892508143691e-01 0.000000000000000000e+00 0.000000000000000000e+00 0.000000000000000000e+00 4.475000000000000089e-01
9.492063492063491648e-01 8.699186991869918284e-01 1.000000000000000000e+00 9.304347826086956097e-01 9.615384615384615641e-01
6.555555555555555580e-01 7.500000000000000000e-01 1.962616822429906482e-01 3.111111111111110605e-01 5.766584484834584856e-01
6.071428571428570953e-01 2.307692307692307820e-01 5.607476635514018620e-02 9.022556390977443108e-02 4.782861393964755736e-01
6.435986159169549969e-01 5.909090909090909394e-01 1.214953271028037379e-01 2.015503875968992220e-01 5.360223888261270719e-01
5.773195876288659267e-01 0.000000000000000000e+00 0.000000000000000000e+00 0.000000000000000000e+00 4.565217391304348116e-01
5.395683453237409832e-01 0.000000000000000000e+00 0.000000000000000000e+00 0.000000000000000000e+00 4.385964912280702066e-01
9.347826086956522174e-01 8.359375000000000000e-01 1.000000000000000000e+00 9.106382978723404076e-01 9.511627906976743985e-01
5.133079847908744719e-01 0.000000000000000000e+00 0.000000000000000000e+00 0.000000000000000000e+00 4.326923076923077094e-01
5.395683453237409832e-01 0.000000000000000000e+00 0.000000000000000000e+00 0.000000000000000000e+00 4.385964912280702066e-01
5.866666666666666696e-01 0.000000000000000000e+00 0.000000000000000000e+00 0.000000000000000000e+00 4.559585492227979375e-01
5.714285714285713969e-01 0.000000000000000000e+00 0.000000000000000000e+00 0.000000000000000000e+00 4.491978609625668639e-01
5.884244372990353744e-01 0.000000000000000000e+00 0.000000000000000000e+00 0.000000000000000000e+00 4.485294117647058987e-01
9.519230769230768718e-01 8.770491803278688270e-01 1.000000000000000000e+00 9.344978165938864212e-01 9.634146341463415419e-01
4.960629921259842590e-01 0.000000000000000000e+00 0.000000000000000000e+00 0.000000000000000000e+00 4.285714285714286031e-01
5.444839857651245785e-01 0.000000000000000000e+00 0.000000000000000000e+00 0.000000000000000000e+00 4.396551724137930939e-01
9.493670886075948889e-01 8.699186991869918284e-01 1.000000000000000000e+00 9.304347826086956097e-01 9.617224880382775343e-01
5.395683453237409832e-01 0.000000000000000000e+00 0.000000000000000000e+00 0.000000000000000000e+00 4.385964912280702066e-01
9.347826086956522174e-01 8.359375000000000000e-01 1.000000000000000000e+00 9.106382978723404076e-01 9.511627906976743985e-01
5.038759689922480689e-01 0.000000000000000000e+00 0.000000000000000000e+00 0.000000000000000000e+00 4.304635761589403753e-01
5.683453237410072134e-01 0.000000000000000000e+00 0.000000000000000000e+00 0.000000000000000000e+00 4.619883040935672813e-01
6.322580645161289814e-01 3.599999999999999867e-01 8.411214953271027583e-02 1.363636363636363535e-01 5.026472077712811348e-01
6.103448275862068950e-01 3.750000000000000000e-01 8.411214953271027583e-02 1.374045801526717347e-01 5.010724682089781057e-01
5.058365758754863606e-01 0.000000000000000000e+00 0.000000000000000000e+00 0.000000000000000000e+00 4.333333333333333481e-01
5.169811320754716943e-01 0.000000000000000000e+00 0.000000000000000000e+00 0.000000000000000000e+00 4.335443037974683334e-01
9.488817891373801938e-01 8.699186991869918284e-01 1.000000000000000000e+00 9.304347826086956097e-01 9.611650485436893376e-01
9.369085173501576769e-01 8.536585365853658347e-01 9.813084112149532690e-01 9.130434782608695121e-01 9.477970627503337075e-01
4.879999999999999893e-01 0.000000000000000000e+00 0.000000000000000000e+00 0.000000000000000000e+00 4.265734265734265618e-01
5.151515151515151381e-01 0.000000000000000000e+00 0.000000000000000000e+00 0.000000000000000000e+00 4.331210191082802696e-01
6.322580645161289814e-01 3.478260869565217295e-01 7.476635514018691031e-02 1.230769230769230560e-01 5.004373647622116783e-01
