6.900958466453673834e-01 6.315789473684210176e-01 2.242990654205607448e-01 3.310344827586206851e-01 5.781689501860085567e-01
6.274509803921568540e-01 3.599999999999999867e-01 8.411214953271027583e-02 1.363636363636363535e-01 5.018550697412293982e-01
5.631768953068592154e-01 0.000000000000000000e+00 0.000000000000000000e+00 0.000000000000000000e+00 4.588235294117646856e-01
9.347826086956522174e-01 8.359375000000000000e-01 1.000000000000000000e+00 9.106382978723404076e-01 9.511627906976743985e-01
6.094276094276094291e-01 0.000000000000000000e+00 0.000000000000000000e+00 0.000000000000000000e+00 4.763157894736841924e-01
9.347826086956522174e-01 8.359375000000000000e-01 1.000000000000000000e+00 9.106382978723404076e-01 9.511627906976743985e-01
5.999999999999999778e-01 0.000000000000000000e+00 0.000000000000000000e+00 0.000000000000000000e+00 4.507042253521126862e-01
5.963636363636363180e-01 4.166666666666666852e-01 9.345794392523364136e-02 1.526717557251908441e-01 5.050623052959500869e-01
6.070175438596491224e-01 4.074074074074073848e-01 1.028037383177570069e-01 1.641791044776119424e-01 5.064580489341593550e-01
5.771812080536913303e-01 0.000000000000000000e+00 0.000000000000000000e+00 0.000000000000000000e+00 4.502617801047120727e-01
4.960629921259842590e-01 0.000000000000000000e+00 0.000000000000000000e+00 0.000000000000000000e+00 4.285714285714286031e-01
5.659722222222222099e-01 0.000000000000000000e+00 0.000000000000000000e+00 0.000000000000000000e+00 4.502762430939226679e-01
9.488817891373801938e-01 8.699186991869918284e-01 1.000000000000000000e+00 9.304347826086956097e-01 9.611650485436893376e-01
9.488817891373801938e-01 8.699186991869918284e-01 1.000000000000000000e+00 9.304347826086956097e-01 9.611650485436893376e-01
5.395683453237409832e-01 0.000000000000000000e+00 0.000000000000000000e+00 0.000000000000000000e+00 4.385964912280702066e-01
7.019230769230768718e-01 6.521739130434782705e-01 2.803738317757009102e-01 3.921568627450979783e-01 6.011625256439481202e-01
5.959595959595959114e-01 0.000000000000000000e+00 0.000000000000000000e+00 0.000000000000000000e+00 4.657894736842105310e-01
5.646258503401360151e-01 0.000000000000000000e+00 0.000000000000000000e+00 0.000000000000000000e+00 4.438502673796791420e-01
6.012461059190030710e-01 0.000000000000000000e+00 0.000000000000000000e+00 0.000000000000000000e+00 4.509345794392523588e-01
9.347826086956522174e-01 8.359375000000000000e-01 1.000000000000000000e+00 9.106382978723404076e-01 9.511627906976743985e-01
6.819672131147540561e-01 6.190476190476190688e-01 2.429906542056074759e-01 3.489932885906040227e-01 5.810912866987634207e-01
8.398692810457516478e-01 8.536585365853658347e-01 6.542056074766354756e-01 7.407407407407406996e-01 7.969520499694734417e-01
5.133079847908744719e-01 0.000000000000000000e+00 0.000000000000000000e+00 0.000000000000000000e+00 4.326923076923077094e-01
5.827586206896552268e-01 0.000000000000000000e+00 0.000000000000000000e+00 0.000000000000000000e+00 4.617486338797814338e-01
9.488817891373801938e-01 8.699186991869918284e-01 1.000000000000000000e+00 9.304347826086956097e-01 9.611650485436893376e-01
5.395683453237409832e-01 0.000000000000000000e+00 0.000000000000000000e+00 0.000000000000000000e+00 4.385964912280702066e-01
5.516014234875444844e-01 0.000000000000000000e+00 0.000000000000000000e+00 0.000000000000000000e+00 4.454022988505746961e-01
5.276752767527674859e-01 0.000000000000000000e+00 0.000000000000000000e+00 0.000000000000000000e+00 4.359756097560975596e-01
5.057915057915057799e-01 0.000000000000000000e+00 0.000000000000000000e+00 0.000000000000000000e+00 4.309210526315789269e-01
9.347826086956522174e-01 8.359375000000000000e-01 1.000000000000000000e+00 9.106382978723404076e-01 9.511627906976743985e-01
5.816326530612244694e-01 0.000000000000000000e+00 0.000000000000000000e+00 0.000000000000000000e+00 4.572192513368983913e-01
5.586206896551724199e-01 0.000000000000000000e+00 0.000000000000000000e+00 0.000000000000000000e+00 4.426229508196721230e-01
5.622775800711743432e-01 0.000000000000000000e+00 0.000000000000000000e+00 0.000000000000000000e+00 4.540229885057471271e-01
5.933333333333333792e-01 0.000000000000000000e+00 0.000000000000000000e+00 0.000000000000000000e+00 4.611398963730569678e-01
9.347826086956522174e-01 8.359375000000000000e-01 1.000000000000000000e+00 9.106382978723404076e-01 9.511627906976743985e-01
9.492063492063491648e-01 8.699186991869918284e-01 1.000000000000000000e+00 9.304347826086956097e-01 9.615384615384615641e-01
9.347826086956522174e-01 8.359375000000000000e-01 1.000000000000000000e+00 9.106382978723404076e-01 9.511627906976743985e-01
