5.940594059405940319e-01 5.555555555555555247e-02 9.345794392523363789e-03 1.600000000000000033e-02 4.613055502574860967e-01
8.993710691823899595e-01 7.697841726618704916e-01 1.000000000000000000e+00 8.699186991869918284e-01 9.241706161137440700e-01
6.101694915254237683e-01 1.000000000000000056e-01 9.345794392523363789e-03 1.709401709401709227e-02 4.807367269834956769e-01
5.967213114754098546e-01 1.363636363636363535e-01 2.803738317757009310e-02 4.651162790697674354e-02 4.660388936089870371e-01
5.646687697160883701e-01 0.000000000000000000e+00 0.000000000000000000e+00 0.000000000000000000e+00 4.261904761904761751e-01
6.013289036544851029e-01 1.176470588235294101e-01 1.869158878504672758e-02 3.225806451612902442e-02 4.706860005780904022e-01
5.960264900662252119e-01 5.882352941176470507e-02 9.345794392523363789e-03 1.612903225806451221e-02 4.636472561706205808e-01
6.254180602006689238e-01 3.809523809523809312e-01 7.476635514018691031e-02 1.249999999999999861e-01 5.035290109034268324e-01
9.533333333333333659e-01 8.842975206611570771e-01 1.000000000000000000e+00 9.385964912280702066e-01 9.637305699481865107e-01
5.750798722044728750e-01 3.571428571428571230e-02 9.345794392523363789e-03 1.481481481481481191e-02 4.391389166137374400e-01
7.941176470588234837e-01 7.619047619047618625e-01 5.981308411214952825e-01 6.701570680628271548e-01 7.488141642793406660e-01
6.185567010309278579e-01 1.666666666666666574e-01 9.345794392523363789e-03 1.769911504424778390e-02 4.910859406745224920e-01
5.750798722044728750e-01 3.571428571428571230e-02 9.345794392523363789e-03 1.481481481481481191e-02 4.391389166137374400e-01
6.286644951140064608e-01 4.000000000000000222e-01 1.308411214953270896e-01 1.971830985915492551e-01 5.129205607476635675e-01
9.137380191693290632e-01 7.985074626865671377e-01 1.000000000000000000e+00 8.879668049792530660e-01 9.344660194174757573e-01
5.940594059405940319e-01 5.555555555555555247e-02 9.345794392523363789e-03 1.600000000000000033e-02 4.613055502574860967e-01
5.928338762214984126e-01 1.250000000000000000e-01 2.803738317757009310e-02 4.580152671755725186e-02 4.615186915887850017e-01
5.646687697160883701e-01 0.000000000000000000e+00 0.000000000000000000e+00 0.000000000000000000e+00 4.261904761904761751e-01
5.863192182410423836e-01 4.545454545454545581e-02 9.345794392523363789e-03 1.550387596899224611e-02 4.521728971962616361e-01
9.377049180327868827e-01 8.492063492063491870e-01 1.000000000000000000e+00 9.184549356223175032e-01 9.520202020202020998e-01
6.555183946488294389e-01 5.666666666666666519e-01 1.588785046728971861e-01 2.481751824817517993e-01 5.455850856697818108e-01
6.070287539936102261e-01 2.894736842105263275e-01 1.028037383177570069e-01 1.517241379310344807e-01 4.858678885763542121e-01
6.756756756756756577e-01 6.774193548387096309e-01 1.962616822429906482e-01 3.043478260869565410e-01 5.716758146664688844e-01
8.478964401294498687e-01 7.830188679245283501e-01 7.757009345794392274e-01 7.793427230046948706e-01 8.309197742204126325e-01
6.286644951140064608e-01 4.000000000000000222e-01 1.308411214953270896e-01 1.971830985915492551e-01 5.129205607476635675e-01
9.137380191693290632e-01 7.985074626865671377e-01 1.000000000000000000e+00 8.879668049792530660e-01 9.344660194174757573e-01
5.750798722044728750e-01 3.571428571428571230e-02 9.345794392523363789e-03 1.481481481481481191e-02 4.391389166137374400e-01
5.863192182410423836e-01 4.545454545454545581e-02 9.345794392523363789e-03 1.550387596899224611e-02 4.521728971962616361e-01
6.140939597315435705e-01 2.500000000000000000e-01 3.738317757009345516e-02 6.504065040650405805e-02 4.872779762196017272e-01
5.825242718446601575e-01 4.166666666666666435e-02 9.345794392523363789e-03 1.526717557251908164e-02 4.477422041269547015e-01
5.825242718446601575e-01 4.166666666666666435e-02 9.345794392523363789e-03 1.526717557251908164e-02 4.477422041269547015e-01
5.940594059405940319e-01 5.555555555555555247e-02 9.345794392523363789e-03 1.600000000000000033e-02 4.613055502574860967e-01
8.980891719745223156e-01 7.862595419847328015e-01 9.626168224299065379e-01 8.655462184873948805e-01 9.136755609734074079e-01
6.020066889632107454e-01 7.142857142857142461e-02 9.345794392523363789e-03 1.652892561983470773e-02 4.708187305295949421e-01
9.166666666666666297e-01 8.045112781954887327e-01 1.000000000000000000e+00 8.916666666666667185e-01 9.365853658536584803e-01
6.026490066225165254e-01 1.578947368421052544e-01 2.803738317757009310e-02 4.761904761904762334e-02 4.729930505631439464e-01
5.921052631578946901e-01 5.263157894736841813e-02 9.345794392523363789e-03 1.587301587301587213e-02 4.589876180084443424e-01
