5.750798722044728750e-01 3.571428571428571230e-02 9.345794392523363789e-03 1.481481481481481191e-02 4.391389166137374400e-01
5.750798722044728750e-01 3.571428571428571230e-02 9.345794392523363789e-03 1.481481481481481191e-02 4.391389166137374400e-01
6.185567010309278579e-01 1.666666666666666574e-01 9.345794392523363789e-03 1.769911504424778390e-02 4.910859406745224920e-01
6.053511705685619138e-01 1.333333333333333315e-01 1.869158878504672758e-02 3.278688524590163411e-02 4.754916277258566804e-01
9.377049180327868827e-01 8.492063492063491870e-01 1.000000000000000000e+00 9.184549356223175032e-01 9.520202020202020998e-01
6.531986531986532230e-01 5.769230769230768718e-01 1.401869158878504551e-01 2.255639097744360777e-01 5.411460895228725754e-01
9.108280254777070262e-01 7.925925925925926263e-01 1.000000000000000000e+00 8.842975206611569661e-01 9.323671497584541390e-01
5.750798722044728750e-01 3.571428571428571230e-02 9.345794392523363789e-03 1.481481481481481191e-02 4.391389166137374400e-01
6.221498371335505428e-01 3.636363636363636465e-01 1.121495327102803724e-01 1.714285714285714302e-01 5.035747663551402020e-01
8.129032258064515792e-01 7.525773195876288568e-01 6.822429906542055722e-01 7.156862745098038214e-01 7.820081948344920209e-01
5.863192182410423836e-01 4.545454545454545581e-02 9.345794392523363789e-03 1.550387596899224611e-02 4.521728971962616361e-01
9.377049180327868827e-01 8.492063492063491870e-01 1.000000000000000000e+00 9.184549356223175032e-01 9.520202020202020998e-01
5.646687697160883701e-01 0.000000000000000000e+00 0.000000000000000000e+00 0.000000000000000000e+00 4.261904761904761751e-01
6.655518394648829439e-01 6.060606060606060774e-01 1.869158878504672827e-01 2.857142857142856984e-01 5.596037772585669146e-01
9.166666666666666297e-01 8.045112781954887327e-01 1.000000000000000000e+00 8.916666666666667185e-01 9.365853658536584803e-01
5.980066445182724566e-01 6.250000000000000000e-02 9.345794392523363789e-03 1.626016260162601451e-02 4.660131033818286639e-01
9.022082018927445324e-01 7.753623188405797118e-01 1.000000000000000000e+00 8.734693877551020780e-01 9.261904761904761196e-01
9.285714285714286031e-01 8.294573643410853014e-01 1.000000000000000000e+00 9.067796610169490679e-01 9.452736318407960470e-01
5.787781350482315013e-01 3.846153846153846367e-02 9.345794392523363789e-03 1.503759398496240518e-02 4.433983873923400543e-01
5.953947368421053099e-01 1.000000000000000056e-01 1.869158878504672758e-02 3.149606299212597688e-02 4.636605152047060807e-01
6.094276094276094291e-01 1.538461538461538547e-01 1.869158878504672758e-02 3.333333333333333287e-02 4.803984259714707550e-01
6.122448979591836871e-01 1.111111111111111049e-01 9.345794392523363789e-03 1.724137931034482735e-02 4.832825228647109062e-01
5.646687697160883701e-01 0.000000000000000000e+00 0.000000000000000000e+00 0.000000000000000000e+00 4.261904761904761751e-01
5.750798722044728750e-01 3.571428571428571230e-02 9.345794392523363789e-03 1.481481481481481191e-02 4.391389166137374400e-01
6.655518394648829439e-01 6.060606060606060774e-01 1.869158878504672827e-01 2.857142857142856984e-01 5.596037772585669146e-01
9.166666666666666297e-01 8.045112781954887327e-01 1.000000000000000000e+00 8.916666666666667185e-01 9.365853658536584803e-01
9.079365079365079305e-01 7.867647058823529216e-01 1.000000000000000000e+00 8.806584362139917577e-01 9.302884615384615641e-01
6.053511705685619138e-01 1.333333333333333315e-01 1.869158878504672758e-02 3.278688524590163411e-02 4.754916277258566804e-01
5.787781350482315013e-01 3.846153846153846367e-02 9.345794392523363789e-03 1.503759398496240518e-02 4.433983873923400543e-01
6.064516129032258007e-01 2.727272727272727071e-01 8.411214953271027583e-02 1.285714285714285587e-01 4.829427742737442686e-01
5.940594059405940319e-01 5.555555555555555247e-02 9.345794392523363789e-03 1.600000000000000033e-02 4.613055502574860967e-01
9.255663430420711935e-01 8.230769230769230393e-01 1.000000000000000000e+00 9.029535864978902593e-01 9.430693069306931298e-01
5.750798722044728750e-01 3.571428571428571230e-02 9.345794392523363789e-03 1.481481481481481191e-02 4.391389166137374400e-01
6.360544217687075230e-01 5.000000000000000000e-01 7.476635514018691031e-02 1.300813008130081161e-01 5.159928032385426855e-01
9.137380191693290632e-01 7.985074626865671377e-01 1.000000000000000000e+00 8.879668049792530660e-01 9.344660194174757573e-01
8.937500000000000444e-01 7.588652482269503396e-01 1.000000000000000000e+00 8.629032258064516236e-01 9.201877934272301163e-01
8.907284768211920500e-01 8.490566037735849392e-01 8.411214953271027861e-01 8.450704225352113630e-01 8.795351066379103466e-01
