9.108280254777070262e-01 7.925925925925926263e-01 1.000000000000000000e+00 8.842975206611569661e-01 9.323671497584541390e-01
6.219931271477663337e-01 2.857142857142856984e-01 1.869158878504672758e-02 3.508771929824561209e-02 4.957588378707842303e-01
5.806451612903226200e-01 4.000000000000000083e-02 9.345794392523363789e-03 1.515151515151515020e-02 4.455595967036508065e-01
8.993710691823899595e-01 7.697841726618704916e-01 1.000000000000000000e+00 8.699186991869918284e-01 9.241706161137440700e-01
5.863192182410423836e-01 4.545454545454545581e-02 9.345794392523363789e-03 1.550387596899224611e-02 4.521728971962616361e-01
9.108280254777070262e-01 7.925925925925926263e-01 1.000000000000000000e+00 8.842975206611569661e-01 9.323671497584541390e-01
6.435986159169549969e-01 6.999999999999999556e-01 6.542056074766354479e-02 1.196581196581196493e-01 5.244685221320735113e-01
5.940594059405940319e-01 5.555555555555555247e-02 9.345794392523363789e-03 1.600000000000000033e-02 4.613055502574860967e-01
7.564935064935064402e-01 7.105263157894736725e-01 5.046728971962616273e-01 5.901639344262293863e-01 6.976100804389268051e-01
6.198630136986301720e-01 2.500000000000000000e-01 1.869158878504672758e-02 3.478260869565217434e-02 4.931295781763071484e-01
5.646687697160883701e-01 0.000000000000000000e+00 0.000000000000000000e+00 0.000000000000000000e+00 4.261904761904761751e-01
5.714285714285713969e-01 3.333333333333333287e-02 9.345794392523363789e-03 1.459854014598539924e-02 4.349613587347231913e-01
9.377049180327868827e-01 8.492063492063491870e-01 1.000000000000000000e+00 9.184549356223175032e-01 9.520202020202020998e-01
9.377049180327868827e-01 8.492063492063491870e-01 1.000000000000000000e+00 9.184549356223175032e-01 9.520202020202020998e-01
5.646687697160883701e-01 0.000000000000000000e+00 0.000000000000000000e+00 0.000000000000000000e+00 4.261904761904761751e-01
9.255663430420711935e-01 8.230769230769230393e-01 1.000000000000000000e+00 9.029535864978902593e-01 9.430693069306931298e-01
5.940594059405940319e-01 5.555555555555555247e-02 9.345794392523363789e-03 1.600000000000000033e-02 4.613055502574860967e-01
5.646687697160883701e-01 0.000000000000000000e+00 0.000000000000000000e+00 0.000000000000000000e+00 4.261904761904761751e-01
5.940594059405940319e-01 5.555555555555555247e-02 9.345794392523363789e-03 1.600000000000000033e-02 4.613055502574860967e-01
5.999999999999999778e-01 6.666666666666666574e-02 9.345794392523363789e-03 1.639344262295081706e-02 4.684034671444481379e-01
9.108280254777070262e-01 7.925925925925926263e-01 1.000000000000000000e+00 8.842975206611569661e-01 9.323671497584541390e-01
6.338983050847457612e-01 4.705882352941176405e-01 7.476635514018691031e-02 1.290322580645160977e-01 5.134470073573275117e-01
5.806451612903226200e-01 4.000000000000000083e-02 9.345794392523363789e-03 1.515151515151515020e-02 4.455595967036508065e-01
6.666666666666666297e-01 5.400000000000000355e-01 2.523364485981308136e-01 3.439490445859872958e-01 5.692375312297585088e-01
9.377049180327868827e-01 8.492063492063491870e-01 1.000000000000000000e+00 9.184549356223175032e-01 9.520202020202020998e-01
5.646687697160883701e-01 0.000000000000000000e+00 0.000000000000000000e+00 0.000000000000000000e+00 4.261904761904761751e-01
6.220735785953177555e-01 3.499999999999999778e-01 6.542056074766354479e-02 1.102362204724409295e-01 4.988561137071650387e-01
5.646687697160883701e-01 0.000000000000000000e+00 0.000000000000000000e+00 0.000000000000000000e+00 4.261904761904761751e-01
5.646687697160883701e-01 0.000000000000000000e+00 0.000000000000000000e+00 0.000000000000000000e+00 4.261904761904761751e-01
9.137380191693290632e-01 7.985074626865671377e-01 1.000000000000000000e+00 8.879668049792530660e-01 9.344660194174757573e-01
5.787781350482315013e-01 3.846153846153846367e-02 9.345794392523363789e-03 1.503759398496240518e-02 4.433983873923400543e-01
5.787781350482315013e-01 3.846153846153846367e-02 9.345794392523363789e-03 1.503759398496240518e-02 4.433983873923400543e-01
5.901639344262294973e-01 5.000000000000000278e-02 9.345794392523363789e-03 1.574803149606298844e-02 4.566930992164636716e-01
6.254180602006689238e-01 3.809523809523809312e-01 7.476635514018691031e-02 1.249999999999999861e-01 5.035290109034268324e-01
9.137380191693290632e-01 7.985074626865671377e-01 1.000000000000000000e+00 8.879668049792530660e-01 9.344660194174757573e-01
9.108280254777070262e-01 7.925925925925926263e-01 1.000000000000000000e+00 8.842975206611569661e-01 9.323671497584541390e-01
9.377049180327868827e-01 8.492063492063491870e-01 1.000000000000000000e+00 9.184549356223175032e-01 9.520202020202020998e-01
