9.472049689440993347e-01 8.629032258064516236e-01 1.000000000000000000e+00 9.264069264069264564e-01 9.604651162790698304e-01
7.435064935064935598e-01 7.916666666666666297e-01 3.551401869158878344e-01 4.903225806451612656e-01 6.526944715673966835e-01
9.472049689440993347e-01 8.629032258064516236e-01 1.000000000000000000e+00 9.264069264069264564e-01 9.604651162790698304e-01
9.025974025974026205e-01 9.052631578947368807e-01 8.037383177570093240e-01 8.514851485148514643e-01 8.794810991770121156e-01
5.249042145593869613e-01 0.000000000000000000e+00 0.000000000000000000e+00 0.000000000000000000e+00 4.448051948051948146e-01
9.517684887459807452e-01 8.770491803278688270e-01 1.000000000000000000e+00 9.344978165938864212e-01 9.632352941176470784e-01
6.145454545454545059e-01 5.333333333333333259e-01 7.476635514018691031e-02 1.311475409836065364e-01 5.165498442367600918e-01
5.405405405405405705e-01 1.250000000000000000e-01 1.869158878504672758e-02 3.252032520325202902e-02 4.632931628135760205e-01
5.827067669172932840e-01 4.166666666666666852e-01 9.345794392523364136e-02 1.526717557251908441e-01 5.027038147299124349e-01
7.095709570957096091e-01 7.317073170731707155e-01 2.803738317757009102e-01 4.054054054054053724e-01 6.121256913980545056e-01
5.490909090909090740e-01 0.000000000000000000e+00 0.000000000000000000e+00 0.000000000000000000e+00 4.494047619047619180e-01
8.235294117647058432e-01 8.533333333333333881e-01 5.981308411214952825e-01 7.032967032967032406e-01 7.714272296059738743e-01
9.682539682539682557e-01 9.145299145299145005e-01 1.000000000000000000e+00 9.553571428571429047e-01 9.759615384615384359e-01
9.561128526645767955e-01 8.842975206611570771e-01 1.000000000000000000e+00 9.385964912280702066e-01 9.669811320754717610e-01
4.765957446808510856e-01 0.000000000000000000e+00 0.000000000000000000e+00 0.000000000000000000e+00 4.375000000000000000e-01
9.561128526645767955e-01 8.842975206611570771e-01 1.000000000000000000e+00 9.385964912280702066e-01 9.669811320754717610e-01
7.058823529411765163e-01 7.931034482758620996e-01 2.149532710280373793e-01 3.382352941176470784e-01 5.924012586295965832e-01
6.100386100386100408e-01 6.250000000000000000e-01 1.401869158878504551e-01 2.290076335877862523e-01 5.404881947860304958e-01
7.258064516129032473e-01 7.894736842105263275e-01 2.803738317757009102e-01 4.137931034482758008e-01 6.204824823903135611e-01
9.472049689440993347e-01 8.629032258064516236e-01 1.000000000000000000e+00 9.264069264069264564e-01 9.604651162790698304e-01
6.957928802588996264e-01 7.096774193548387455e-01 2.056074766355140138e-01 3.188405797101449002e-01 5.805265105949847237e-01
6.217948717948718063e-01 2.380952380952380820e-01 4.672897196261682068e-02 7.812500000000000000e-02 4.843400957374059401e-01
9.554140127388535131e-01 8.907563025210084584e-01 9.906542056074766345e-01 9.380530973451327581e-01 9.639261366201633541e-01
9.561128526645767955e-01 8.842975206611570771e-01 1.000000000000000000e+00 9.385964912280702066e-01 9.669811320754717610e-01
9.561128526645767955e-01 8.842975206611570771e-01 1.000000000000000000e+00 9.385964912280702066e-01 9.669811320754717610e-01
4.765957446808510856e-01 0.000000000000000000e+00 0.000000000000000000e+00 0.000000000000000000e+00 4.375000000000000000e-01
5.938566552901023421e-01 0.000000000000000000e+00 0.000000000000000000e+00 0.000000000000000000e+00 4.677419354838709964e-01
8.108974358974359031e-01 8.428571428571428603e-01 5.514018691588784549e-01 6.666666666666666297e-01 7.488716662867562768e-01
5.104602510460251041e-01 1.428571428571428492e-01 1.869158878504672758e-02 3.305785123966941547e-02 4.638912489379778958e-01
6.375838926174496324e-01 4.545454545454545303e-01 4.672897196261682068e-02 8.474576271186441689e-02 5.076576796985858842e-01
9.673202614379085018e-01 9.145299145299145005e-01 1.000000000000000000e+00 9.553571428571429047e-01 9.748743718592964846e-01
9.591194968553459210e-01 8.916666666666667185e-01 1.000000000000000000e+00 9.427312775330397576e-01 9.691943127962086013e-01
9.431438127090301382e-01 9.245283018867924696e-01 9.158878504672897103e-01 9.201877934272301163e-01 9.371105919003115403e-01
9.706840390879478697e-01 9.224137931034482873e-01 1.000000000000000000e+00 9.596412556053811604e-01 9.774999999999999245e-01
9.377049180327868827e-01 9.074074074074074403e-01 9.158878504672897103e-01 9.116279069767442289e-01 9.326913999811194955e-01
7.467105263157894912e-01 7.777777777777777901e-01 3.925233644859812965e-01 5.217391304347825942e-01 6.658048294511125231e-01
9.472049689440993347e-01 8.629032258064516236e-01 1.000000000000000000e+00 9.264069264069264564e-01 9.604651162790698304e-01
