5.285171102661596620e-01 0.000000000000000000e+00 0.000000000000000000e+00 0.000000000000000000e+00 4.455128205128204844e-01
6.236933797909407495e-01 4.705882352941176405e-01 7.476635514018691031e-02 1.290322580645160977e-01 5.123831775700934399e-01
5.858585858585858563e-01 0.000000000000000000e+00 0.000000000000000000e+00 0.000000000000000000e+00 4.578947368421052433e-01
5.871212121212121549e-01 4.444444444444444198e-01 7.476635514018691031e-02 1.280000000000000027e-01 5.055360438121316857e-01
5.931034482758620330e-01 0.000000000000000000e+00 0.000000000000000000e+00 0.000000000000000000e+00 4.699453551912568527e-01
5.485074626865671377e-01 0.000000000000000000e+00 0.000000000000000000e+00 0.000000000000000000e+00 4.565217391304348116e-01
5.664062500000000000e-01 3.333333333333333148e-01 3.738317757009345516e-02 6.722689075630251809e-02 4.918459512011540968e-01
5.999999999999999778e-01 0.000000000000000000e+00 0.000000000000000000e+00 0.000000000000000000e+00 4.581280788177339858e-01
9.678456591639871265e-01 9.145299145299145005e-01 1.000000000000000000e+00 9.553571428571429047e-01 9.754901960784313486e-01
9.710610932475883805e-01 9.224137931034482873e-01 1.000000000000000000e+00 9.596412556053811604e-01 9.779411764705883137e-01
5.559566787003610289e-01 0.000000000000000000e+00 0.000000000000000000e+00 0.000000000000000000e+00 4.529411764705882359e-01
5.755395683453237154e-01 0.000000000000000000e+00 0.000000000000000000e+00 0.000000000000000000e+00 4.678362573099414945e-01
9.617834394904458684e-01 8.991596638655462437e-01 1.000000000000000000e+00 9.469026548672566657e-01 9.710144927536231707e-01
5.490909090909090740e-01 0.000000000000000000e+00 0.000000000000000000e+00 0.000000000000000000e+00 4.494047619047619180e-01
5.261044176706827225e-01 0.000000000000000000e+00 0.000000000000000000e+00 0.000000000000000000e+00 4.612676056338028130e-01
5.862068965517240882e-01 0.000000000000000000e+00 0.000000000000000000e+00 0.000000000000000000e+00 4.644808743169399068e-01
5.551470588235294379e-01 0.000000000000000000e+00 0.000000000000000000e+00 0.000000000000000000e+00 4.575757575757575801e-01
5.333333333333333259e-01 3.076923076923077094e-01 3.738317757009345516e-02 6.666666666666666574e-02 4.848570023188812916e-01
5.886287625418060721e-01 0.000000000000000000e+00 0.000000000000000000e+00 0.000000000000000000e+00 4.583333333333333148e-01
5.084745762711864181e-01 0.000000000000000000e+00 0.000000000000000000e+00 0.000000000000000000e+00 4.651162790697674354e-01
6.391752577319587125e-01 5.555555555555555802e-01 9.345794392523364136e-02 1.600000000000000033e-01 5.249898415278342334e-01
5.137254901960783826e-01 0.000000000000000000e+00 0.000000000000000000e+00 0.000000000000000000e+00 4.425675675675675436e-01
6.178571428571428825e-01 5.000000000000000000e-01 7.476635514018691031e-02 1.300813008130081161e-01 5.142617902868564794e-01
9.591194968553459210e-01 8.916666666666667185e-01 1.000000000000000000e+00 9.427312775330397576e-01 9.691943127962086013e-01
5.490909090909090740e-01 0.000000000000000000e+00 0.000000000000000000e+00 0.000000000000000000e+00 4.494047619047619180e-01
5.261044176706827225e-01 0.000000000000000000e+00 0.000000000000000000e+00 0.000000000000000000e+00 4.612676056338028130e-01
5.457875457875457359e-01 0.000000000000000000e+00 0.000000000000000000e+00 0.000000000000000000e+00 4.487951807228915957e-01
5.328185328185328640e-01 0.000000000000000000e+00 0.000000000000000000e+00 0.000000000000000000e+00 4.539473684210526550e-01
5.993485342019544415e-01 0.000000000000000000e+00 0.000000000000000000e+00 0.000000000000000000e+00 4.600000000000000200e-01
5.555555555555555802e-01 4.736842105263157632e-01 8.411214953271027583e-02 1.428571428571428492e-01 5.052913688840021678e-01
5.363984674329501656e-01 0.000000000000000000e+00 0.000000000000000000e+00 0.000000000000000000e+00 4.545454545454545303e-01
5.622775800711743432e-01 0.000000000000000000e+00 0.000000000000000000e+00 0.000000000000000000e+00 4.540229885057471271e-01
6.823104693140794597e-01 7.209302325581394832e-01 2.897196261682242757e-01 4.133333333333333304e-01 6.095656954370533009e-01
6.050724637681159646e-01 0.000000000000000000e+00 0.000000000000000000e+00 0.000000000000000000e+00 4.940828402366864158e-01
4.272300469483568119e-01 0.000000000000000000e+00 0.000000000000000000e+00 0.000000000000000000e+00 4.292452830188679402e-01
5.407407407407407440e-01 0.000000000000000000e+00 0.000000000000000000e+00 0.000000000000000000e+00 4.478527607361963425e-01
9.591194968553459210e-01 8.916666666666667185e-01 1.000000000000000000e+00 9.427312775330397576e-01 9.691943127962086013e-01
