5.749999999999999556e-01 0.000000000000000000e+00 0.000000000000000000e+00 0.000000000000000000e+00 4.653179190751445260e-01
9.561128526645767955e-01 8.842975206611570771e-01 1.000000000000000000e+00 9.385964912280702066e-01 9.669811320754717610e-01
9.111111111111110938e-01 8.761904761904761862e-01 8.598130841121495171e-01 8.679245283018867108e-01 8.986565420560748141e-01
5.510948905109489537e-01 0.000000000000000000e+00 0.000000000000000000e+00 0.000000000000000000e+00 4.520958083832335439e-01
5.638297872340425343e-01 0.000000000000000000e+00 0.000000000000000000e+00 0.000000000000000000e+00 4.542857142857142927e-01
5.758620689655172820e-01 0.000000000000000000e+00 0.000000000000000000e+00 0.000000000000000000e+00 4.562841530054644879e-01
6.258741258741258306e-01 5.000000000000000000e-01 7.476635514018691031e-02 1.300813008130081161e-01 5.150368088550096868e-01
9.620253164556962222e-01 8.991596638655462437e-01 1.000000000000000000e+00 9.469026548672566657e-01 9.712918660287082062e-01
5.843137254901961120e-01 5.333333333333333259e-01 7.476635514018691031e-02 1.311475409836065364e-01 5.137345289214447774e-01
5.471698113207547065e-01 0.000000000000000000e+00 0.000000000000000000e+00 0.000000000000000000e+00 4.588607594936708889e-01
5.927152317880794996e-01 0.000000000000000000e+00 0.000000000000000000e+00 0.000000000000000000e+00 4.589743589743589536e-01
5.934426229508196204e-01 0.000000000000000000e+00 0.000000000000000000e+00 0.000000000000000000e+00 4.570707070707070718e-01
6.101694915254237683e-01 0.000000000000000000e+00 0.000000000000000000e+00 0.000000000000000000e+00 4.787234042553191737e-01
5.490909090909090740e-01 0.000000000000000000e+00 0.000000000000000000e+00 0.000000000000000000e+00 4.494047619047619180e-01
5.632653061224489610e-01 5.000000000000000000e-01 6.542056074766354479e-02 1.157024793388429645e-01 5.073479615332520121e-01
5.839160839160839611e-01 0.000000000000000000e+00 0.000000000000000000e+00 0.000000000000000000e+00 4.664804469273742815e-01
5.684210526315789380e-01 0.000000000000000000e+00 0.000000000000000000e+00 0.000000000000000000e+00 4.550561797752809001e-01
6.423841059602648507e-01 4.705882352941176405e-01 7.476635514018691031e-02 1.290322580645160977e-01 5.143062544931703561e-01
9.318181818181817677e-01 9.215686274509803377e-01 8.785046728971962482e-01 8.995215311004784997e-01 9.193518389361602372e-01
6.949152542372881713e-01 7.073170731707316694e-01 2.710280373831775447e-01 3.918918918918918859e-01 6.035991250745674774e-01
4.896265560165974917e-01 0.000000000000000000e+00 0.000000000000000000e+00 0.000000000000000000e+00 4.402985074626865614e-01
6.315789473684210176e-01 5.625000000000000000e-01 8.411214953271027583e-02 1.463414634146341375e-01 5.223931534180404901e-01
5.633802816901408717e-01 0.000000000000000000e+00 0.000000000000000000e+00 0.000000000000000000e+00 4.519774011299435013e-01
7.928802588996763934e-01 8.644067796610169774e-01 4.766355140186915862e-01 6.144578313253011848e-01 7.185157768113259458e-01
5.490909090909090740e-01 0.000000000000000000e+00 0.000000000000000000e+00 0.000000000000000000e+00 4.494047619047619180e-01
5.632653061224489610e-01 5.000000000000000000e-01 6.542056074766354479e-02 1.157024793388429645e-01 5.073479615332520121e-01
6.518771331058020868e-01 6.315789473684210176e-01 1.121495327102803724e-01 1.904761904761904934e-01 5.372575620540649410e-01
5.622775800711743432e-01 0.000000000000000000e+00 0.000000000000000000e+00 0.000000000000000000e+00 4.540229885057471271e-01
5.361216730038023126e-01 0.000000000000000000e+00 0.000000000000000000e+00 0.000000000000000000e+00 4.519230769230769273e-01
5.797101449275362528e-01 0.000000000000000000e+00 0.000000000000000000e+00 0.000000000000000000e+00 4.733727810650887324e-01
5.569105691056910334e-01 4.375000000000000000e-01 6.542056074766354479e-02 1.138211382113820946e-01 5.003361796544072426e-01
9.531250000000000000e-01 8.770491803278688270e-01 1.000000000000000000e+00 9.344978165938864212e-01 9.647887323943661331e-01
5.669014084507042472e-01 0.000000000000000000e+00 0.000000000000000000e+00 0.000000000000000000e+00 4.548022598870056221e-01
5.514705882352941568e-01 0.000000000000000000e+00 0.000000000000000000e+00 0.000000000000000000e+00 4.545454545454545303e-01
9.472049689440993347e-01 8.629032258064516236e-01 1.000000000000000000e+00 9.264069264069264564e-01 9.604651162790698304e-01
6.245614035087719840e-01 5.000000000000000000e-01 7.476635514018691031e-02 1.300813008130081161e-01 5.149112674577338566e-01
9.561128526645767955e-01 8.842975206611570771e-01 1.000000000000000000e+00 9.385964912280702066e-01 9.669811320754717610e-01
