8.867924528301887044e-01 7.482517482517482277e-01 1.000000000000000000e+00 8.559999999999999831e-01 9.146919431279620927e-01
5.677419354838709742e-01 3.448275862068965469e-02 9.345794392523363789e-03 1.470588235294117453e-02 4.357073799548822901e-01
9.009584664536741672e-01 7.753623188405797118e-01 1.000000000000000000e+00 8.734693877551020780e-01 9.247572815533980917e-01
5.451713395638628779e-01 0.000000000000000000e+00 0.000000000000000000e+00 0.000000000000000000e+00 4.088785046728972139e-01
5.451713395638628779e-01 0.000000000000000000e+00 0.000000000000000000e+00 0.000000000000000000e+00 4.088785046728972139e-01
5.451713395638628779e-01 0.000000000000000000e+00 0.000000000000000000e+00 0.000000000000000000e+00 4.088785046728972139e-01
5.451713395638628779e-01 0.000000000000000000e+00 0.000000000000000000e+00 0.000000000000000000e+00 4.088785046728972139e-01
5.451713395638628779e-01 0.000000000000000000e+00 0.000000000000000000e+00 0.000000000000000000e+00 4.088785046728972139e-01
5.451713395638628779e-01 0.000000000000000000e+00 0.000000000000000000e+00 0.000000000000000000e+00 4.088785046728972139e-01
5.451713395638628779e-01 0.000000000000000000e+00 0.000000000000000000e+00 0.000000000000000000e+00 4.088785046728972139e-01
5.451713395638628779e-01 0.000000000000000000e+00 0.000000000000000000e+00 0.000000000000000000e+00 4.088785046728972139e-01
5.451713395638628779e-01 0.000000000000000000e+00 0.000000000000000000e+00 0.000000000000000000e+00 4.088785046728972139e-01
9.185667752442996381e-01 8.106060606060605522e-01 1.000000000000000000e+00 8.953974895397489586e-01 9.375000000000000000e-01
9.185667752442996381e-01 8.106060606060605522e-01 1.000000000000000000e+00 8.953974895397489586e-01 9.375000000000000000e-01
5.451713395638628779e-01 0.000000000000000000e+00 0.000000000000000000e+00 0.000000000000000000e+00 4.088785046728972139e-01
9.038461538461538547e-01 7.810218978102190235e-01 1.000000000000000000e+00 8.770491803278688270e-01 9.268292682926828618e-01
8.603174603174603696e-01 7.441860465116278966e-01 8.971962616822429792e-01 8.135593220338981357e-01 8.692712077641985280e-01
5.451713395638628779e-01 0.000000000000000000e+00 0.000000000000000000e+00 0.000000000000000000e+00 4.088785046728972139e-01
9.009584664536741672e-01 7.753623188405797118e-01 1.000000000000000000e+00 8.734693877551020780e-01 9.247572815533980917e-01
5.569620253164556667e-01 2.857142857142857054e-02 9.345794392523363789e-03 1.408450704225351971e-02 4.233331842776013598e-01
5.451713395638628779e-01 0.000000000000000000e+00 0.000000000000000000e+00 0.000000000000000000e+00 4.088785046728972139e-01
5.451713395638628779e-01 0.000000000000000000e+00 0.000000000000000000e+00 0.000000000000000000e+00 4.088785046728972139e-01
5.451713395638628779e-01 0.000000000000000000e+00 0.000000000000000000e+00 0.000000000000000000e+00 4.088785046728972139e-01
5.619047619047619069e-01 5.714285714285714107e-02 1.869158878504672758e-02 2.816901408450703942e-02 4.300188713156002929e-01
9.185667752442996381e-01 8.106060606060605522e-01 1.000000000000000000e+00 8.953974895397489586e-01 9.375000000000000000e-01
5.451713395638628779e-01 0.000000000000000000e+00 0.000000000000000000e+00 0.000000000000000000e+00 4.088785046728972139e-01
5.451713395638628779e-01 0.000000000000000000e+00 0.000000000000000000e+00 0.000000000000000000e+00 4.088785046728972139e-01
5.451713395638628779e-01 0.000000000000000000e+00 0.000000000000000000e+00 0.000000000000000000e+00 4.088785046728972139e-01
5.451713395638628779e-01 0.000000000000000000e+00 0.000000000000000000e+00 0.000000000000000000e+00 4.088785046728972139e-01
5.587301587301587436e-01 2.941176470588235253e-02 9.345794392523363789e-03 1.418439716312056530e-02 4.253459741193385546e-01
5.451713395638628779e-01 0.000000000000000000e+00 0.000000000000000000e+00 0.000000000000000000e+00 4.088785046728972139e-01
5.451713395638628779e-01 0.000000000000000000e+00 0.000000000000000000e+00 0.000000000000000000e+00 4.088785046728972139e-01
5.798045602605863547e-01 1.071428571428571369e-01 2.803738317757009310e-02 4.444444444444444614e-02 4.515186915887849928e-01
5.451713395638628779e-01 0.000000000000000000e+00 0.000000000000000000e+00 0.000000000000000000e+00 4.088785046728972139e-01
5.451713395638628779e-01 0.000000000000000000e+00 0.000000000000000000e+00 0.000000000000000000e+00 4.088785046728972139e-01
8.867924528301887044e-01 7.482517482517482277e-01 1.000000000000000000e+00 8.559999999999999831e-01 9.146919431279620927e-01
9.185667752442996381e-01 8.106060606060605522e-01 1.000000000000000000e+00 8.953974895397489586e-01 9.375000000000000000e-01
