5.451713395638628779e-01 0.000000000000000000e+00 0.000000000000000000e+00 0.000000000000000000e+00 4.088785046728972139e-01
5.451713395638628779e-01 0.000000000000000000e+00 0.000000000000000000e+00 0.000000000000000000e+00 4.088785046728972139e-01
5.451713395638628779e-01 0.000000000000000000e+00 0.000000000000000000e+00 0.000000000000000000e+00 4.088785046728972139e-01
8.349514563106795739e-01 7.545454545454545192e-01 7.757009345794392274e-01 7.649769585253456405e-01 8.210187841214027227e-01
8.782894736842105088e-01 8.070175438596490780e-01 8.598130841121495171e-01 8.325791855203620306e-01 8.740689786042982190e-01
5.746753246753246724e-01 7.142857142857142461e-02 1.869158878504672758e-02 2.962962962962962382e-02 4.446691774771004968e-01
8.812499999999999778e-01 7.379310344827586521e-01 1.000000000000000000e+00 8.492063492063492980e-01 9.107981220657276333e-01
9.009584664536741672e-01 7.753623188405797118e-01 1.000000000000000000e+00 8.734693877551020780e-01 9.247572815533980917e-01
5.451713395638628779e-01 0.000000000000000000e+00 0.000000000000000000e+00 0.000000000000000000e+00 4.088785046728972139e-01
6.825396825396825573e-01 5.479452054794520244e-01 3.738317757009345654e-01 4.444444444444444198e-01 6.075889647735442933e-01
5.451713395638628779e-01 0.000000000000000000e+00 0.000000000000000000e+00 0.000000000000000000e+00 4.088785046728972139e-01
5.587301587301587436e-01 2.941176470588235253e-02 9.345794392523363789e-03 1.418439716312056530e-02 4.253459741193385546e-01
5.451713395638628779e-01 0.000000000000000000e+00 0.000000000000000000e+00 0.000000000000000000e+00 4.088785046728972139e-01
5.451713395638628779e-01 0.000000000000000000e+00 0.000000000000000000e+00 0.000000000000000000e+00 4.088785046728972139e-01
9.067524115755627445e-01 7.867647058823529216e-01 1.000000000000000000e+00 8.806584362139917577e-01 9.289215686274510109e-01
5.451713395638628779e-01 0.000000000000000000e+00 0.000000000000000000e+00 0.000000000000000000e+00 4.088785046728972139e-01
8.867924528301887044e-01 7.482517482517482277e-01 1.000000000000000000e+00 8.559999999999999831e-01 9.146919431279620927e-01
8.867924528301887044e-01 7.482517482517482277e-01 1.000000000000000000e+00 8.559999999999999831e-01 9.146919431279620927e-01
5.451713395638628779e-01 0.000000000000000000e+00 0.000000000000000000e+00 0.000000000000000000e+00 4.088785046728972139e-01
5.451713395638628779e-01 0.000000000000000000e+00 0.000000000000000000e+00 0.000000000000000000e+00 4.088785046728972139e-01
5.552050473186119772e-01 2.777777777777777624e-02 9.345794392523363789e-03 1.398601398601398600e-02 4.213395638629283124e-01
8.867924528301887044e-01 7.482517482517482277e-01 1.000000000000000000e+00 8.559999999999999831e-01 9.146919431279620927e-01
5.451713395638628779e-01 0.000000000000000000e+00 0.000000000000000000e+00 0.000000000000000000e+00 4.088785046728972139e-01
5.451713395638628779e-01 0.000000000000000000e+00 0.000000000000000000e+00 0.000000000000000000e+00 4.088785046728972139e-01
5.451713395638628779e-01 0.000000000000000000e+00 0.000000000000000000e+00 0.000000000000000000e+00 4.088785046728972139e-01
9.067524115755627445e-01 7.867647058823529216e-01 1.000000000000000000e+00 8.806584362139917577e-01 9.289215686274510109e-01
5.451713395638628779e-01 0.000000000000000000e+00 0.000000000000000000e+00 0.000000000000000000e+00 4.088785046728972139e-01
5.451713395638628779e-01 0.000000000000000000e+00 0.000000000000000000e+00 0.000000000000000000e+00 4.088785046728972139e-01
5.451713395638628779e-01 0.000000000000000000e+00 0.000000000000000000e+00 0.000000000000000000e+00 4.088785046728972139e-01
5.451713395638628779e-01 0.000000000000000000e+00 0.000000000000000000e+00 0.000000000000000000e+00 4.088785046728972139e-01
5.451713395638628779e-01 0.000000000000000000e+00 0.000000000000000000e+00 0.000000000000000000e+00 4.088785046728972139e-01
9.215686274509803377e-01 8.167938931297710203e-01 1.000000000000000000e+00 8.991596638655461327e-01 9.396984924623116298e-01
5.451713395638628779e-01 0.000000000000000000e+00 0.000000000000000000e+00 0.000000000000000000e+00 4.088785046728972139e-01
8.603174603174603696e-01 7.441860465116278966e-01 8.971962616822429792e-01 8.135593220338981357e-01 8.692712077641985280e-01
8.840125391849529279e-01 7.430555555555555802e-01 1.000000000000000000e+00 8.525896414342629681e-01 9.127358490566037652e-01
8.840125391849529279e-01 7.430555555555555802e-01 1.000000000000000000e+00 8.525896414342629681e-01 9.127358490566037652e-01
5.552050473186119772e-01 2.777777777777777624e-02 9.345794392523363789e-03 1.398601398601398600e-02 4.213395638629283124e-01
