5.451713395638628779e-01 0.000000000000000000e+00 0.000000000000000000e+00 0.000000000000000000e+00 4.088785046728972139e-01
8.867924528301887044e-01 7.482517482517482277e-01 1.000000000000000000e+00 8.559999999999999831e-01 9.146919431279620927e-01
6.993670886075948889e-01 5.749999999999999556e-01 4.299065420560747586e-01 4.919786096256683616e-01 6.336135581093771396e-01
5.587301587301587436e-01 2.941176470588235253e-02 9.345794392523363789e-03 1.418439716312056530e-02 4.253459741193385546e-01
5.451713395638628779e-01 0.000000000000000000e+00 0.000000000000000000e+00 0.000000000000000000e+00 4.088785046728972139e-01
6.435331230283911630e-01 4.531250000000000000e-01 2.710280373831775447e-01 3.391812865497076390e-01 5.521806853582553742e-01
5.451713395638628779e-01 0.000000000000000000e+00 0.000000000000000000e+00 0.000000000000000000e+00 4.088785046728972139e-01
5.451713395638628779e-01 0.000000000000000000e+00 0.000000000000000000e+00 0.000000000000000000e+00 4.088785046728972139e-01
9.185667752442996381e-01 8.106060606060605522e-01 1.000000000000000000e+00 8.953974895397489586e-01 9.375000000000000000e-01
6.750000000000000444e-01 5.189873417721518889e-01 3.831775700934579310e-01 4.408602150537634379e-01 6.023869071124565711e-01
8.867924528301887044e-01 7.482517482517482277e-01 1.000000000000000000e+00 8.559999999999999831e-01 9.146919431279620927e-01
8.630573248407643616e-01 7.500000000000000000e-01 8.971962616822429792e-01 8.170212765957446388e-01 8.713034448507833707e-01
8.051948051948052409e-01 7.373737373737373479e-01 6.822429906542055722e-01 7.087378640776699212e-01 7.764448784116798619e-01
5.451713395638628779e-01 0.000000000000000000e+00 0.000000000000000000e+00 0.000000000000000000e+00 4.088785046728972139e-01
9.038461538461538547e-01 7.810218978102190235e-01 1.000000000000000000e+00 8.770491803278688270e-01 9.268292682926828618e-01
5.451713395638628779e-01 0.000000000000000000e+00 0.000000000000000000e+00 0.000000000000000000e+00 4.088785046728972139e-01
5.451713395638628779e-01 0.000000000000000000e+00 0.000000000000000000e+00 0.000000000000000000e+00 4.088785046728972139e-01
5.451713395638628779e-01 0.000000000000000000e+00 0.000000000000000000e+00 0.000000000000000000e+00 4.088785046728972139e-01
5.954692556634304523e-01 2.500000000000000000e-01 8.411214953271027583e-02 1.258741258741258584e-01 4.752243915980382538e-01
8.453947368421053099e-01 7.884615384615384359e-01 7.663551401869158619e-01 7.772511848341231433e-01 8.273400066416812804e-01
8.770226537216828655e-01 7.804878048780488076e-01 8.971962616822429792e-01 8.347826086956522396e-01 8.817664476728046541e-01
5.451713395638628779e-01 0.000000000000000000e+00 0.000000000000000000e+00 0.000000000000000000e+00 4.088785046728972139e-01
5.451713395638628779e-01 0.000000000000000000e+00 0.000000000000000000e+00 0.000000000000000000e+00 4.088785046728972139e-01
8.867924528301887044e-01 7.482517482517482277e-01 1.000000000000000000e+00 8.559999999999999831e-01 9.146919431279620927e-01
5.451713395638628779e-01 0.000000000000000000e+00 0.000000000000000000e+00 0.000000000000000000e+00 4.088785046728972139e-01
9.038461538461538547e-01 7.810218978102190235e-01 1.000000000000000000e+00 8.770491803278688270e-01 9.268292682926828618e-01
5.451713395638628779e-01 0.000000000000000000e+00 0.000000000000000000e+00 0.000000000000000000e+00 4.088785046728972139e-01
5.451713395638628779e-01 0.000000000000000000e+00 0.000000000000000000e+00 0.000000000000000000e+00 4.088785046728972139e-01
5.451713395638628779e-01 0.000000000000000000e+00 0.000000000000000000e+00 0.000000000000000000e+00 4.088785046728972139e-01
5.451713395638628779e-01 0.000000000000000000e+00 0.000000000000000000e+00 0.000000000000000000e+00 4.088785046728972139e-01
5.451713395638628779e-01 0.000000000000000000e+00 0.000000000000000000e+00 0.000000000000000000e+00 4.088785046728972139e-01
5.451713395638628779e-01 0.000000000000000000e+00 0.000000000000000000e+00 0.000000000000000000e+00 4.088785046728972139e-01
8.867924528301887044e-01 7.482517482517482277e-01 1.000000000000000000e+00 8.559999999999999831e-01 9.146919431279620927e-01
5.451713395638628779e-01 0.000000000000000000e+00 0.000000000000000000e+00 0.000000000000000000e+00 4.088785046728972139e-01
5.451713395638628779e-01 0.000000000000000000e+00 0.000000000000000000e+00 0.000000000000000000e+00 4.088785046728972139e-01
5.451713395638628779e-01 0.000000000000000000e+00 0.000000000000000000e+00 0.000000000000000000e+00 4.088785046728972139e-01
5.451713395638628779e-01 0.000000000000000000e+00 0.000000000000000000e+00 0.000000000000000000e+00 4.088785046728972139e-01
