5.627009646302251200e-01 3.225806451612903136e-02 9.345794392523363789e-03 1.449275362318840250e-02 4.311434854315557286e-01
9.123376623376623362e-01 7.985074626865671377e-01 1.000000000000000000e+00 8.879668049792530660e-01 9.328358208955224162e-01
7.260726072607260884e-01 6.764705882352941568e-01 4.299065420560747586e-01 5.257142857142856895e-01 6.588308220484455635e-01
5.627009646302251200e-01 3.225806451612903136e-02 9.345794392523363789e-03 1.449275362318840250e-02 4.311434854315557286e-01
5.775577557755775526e-01 4.347826086956521618e-02 9.345794392523363789e-03 1.538461538461538200e-02 4.485504482166697837e-01
7.749196141479099964e-01 6.907216494845360710e-01 6.261682242990653791e-01 6.568627450980392135e-01 7.395547003848267353e-01
5.471698113207547065e-01 0.000000000000000000e+00 0.000000000000000000e+00 0.000000000000000000e+00 4.123222748815165706e-01
5.471698113207547065e-01 0.000000000000000000e+00 0.000000000000000000e+00 0.000000000000000000e+00 4.123222748815165706e-01
9.064516129032258451e-01 7.867647058823529216e-01 1.000000000000000000e+00 8.806584362139917577e-01 9.285714285714286031e-01
6.478405315614618187e-01 5.121951219512195230e-01 1.962616822429906482e-01 2.837837837837837718e-01 5.465844493689180350e-01
9.123376623376623362e-01 7.985074626865671377e-01 1.000000000000000000e+00 8.879668049792530660e-01 9.328358208955224162e-01
8.870431893687708014e-01 8.230088495575220708e-01 8.691588785046728827e-01 8.454545454545454586e-01 8.830330474997590828e-01
8.658146964856230365e-01 7.519379844961240345e-01 9.065420560747663448e-01 8.220338983050846648e-01 8.756011251247618477e-01
5.471698113207547065e-01 0.000000000000000000e+00 0.000000000000000000e+00 0.000000000000000000e+00 4.123222748815165706e-01
9.090909090909090606e-01 7.969924812030074746e-01 9.906542056074766345e-01 8.833333333333333037e-01 9.281629236992606780e-01
5.471698113207547065e-01 0.000000000000000000e+00 0.000000000000000000e+00 0.000000000000000000e+00 4.123222748815165706e-01
5.471698113207547065e-01 0.000000000000000000e+00 0.000000000000000000e+00 0.000000000000000000e+00 4.123222748815165706e-01
5.471698113207547065e-01 0.000000000000000000e+00 0.000000000000000000e+00 0.000000000000000000e+00 4.123222748815165706e-01
8.333333333333333703e-01 7.350427350427350959e-01 8.037383177570093240e-01 7.678571428571429047e-01 8.262594027809435637e-01
9.064516129032258451e-01 7.867647058823529216e-01 1.000000000000000000e+00 8.806584362139917577e-01 9.285714285714286031e-01
6.600660066006600601e-01 5.416666666666666297e-01 2.429906542056074759e-01 3.354838709677419040e-01 5.653728781232119083e-01
5.471698113207547065e-01 0.000000000000000000e+00 0.000000000000000000e+00 0.000000000000000000e+00 4.123222748815165706e-01
5.471698113207547065e-01 0.000000000000000000e+00 0.000000000000000000e+00 0.000000000000000000e+00 4.123222748815165706e-01
8.415841584158415545e-01 7.864077669902912460e-01 7.570093457943924964e-01 7.714285714285714635e-01 8.223822239176044047e-01
5.471698113207547065e-01 0.000000000000000000e+00 0.000000000000000000e+00 0.000000000000000000e+00 4.123222748815165706e-01
9.090909090909090606e-01 7.969924812030074746e-01 9.906542056074766345e-01 8.833333333333333037e-01 9.281629236992606780e-01
5.471698113207547065e-01 0.000000000000000000e+00 0.000000000000000000e+00 0.000000000000000000e+00 4.123222748815165706e-01
5.471698113207547065e-01 0.000000000000000000e+00 0.000000000000000000e+00 0.000000000000000000e+00 4.123222748815165706e-01
5.471698113207547065e-01 0.000000000000000000e+00 0.000000000000000000e+00 0.000000000000000000e+00 4.123222748815165706e-01
5.993150684931506378e-01 8.333333333333332871e-02 9.345794392523363789e-03 1.680672268907562952e-02 4.749431674665318681e-01
5.471698113207547065e-01 0.000000000000000000e+00 0.000000000000000000e+00 0.000000000000000000e+00 4.123222748815165706e-01
5.645161290322581182e-01 3.333333333333333287e-02 9.345794392523363789e-03 1.459854014598539924e-02 4.332443257676902304e-01
8.920634920634921139e-01 7.588652482269503396e-01 1.000000000000000000e+00 8.629032258064516236e-01 9.182692307692308376e-01
5.852842809364549037e-01 5.263157894736841813e-02 9.345794392523363789e-03 1.587301587301587213e-02 4.577978971962616273e-01
5.627009646302251200e-01 3.225806451612903136e-02 9.345794392523363789e-03 1.449275362318840250e-02 4.311434854315557286e-01
5.471698113207547065e-01 0.000000000000000000e+00 0.000000000000000000e+00 0.000000000000000000e+00 4.123222748815165706e-01
5.555555555555555802e-01 2.857142857142857054e-02 9.345794392523363789e-03 1.408450704225351971e-02 4.229421279654924093e-01
