8.836477987421383906e-01 7.430555555555555802e-01 1.000000000000000000e+00 8.525896414342629681e-01 9.123222748815165151e-01
6.232394366197182567e-01 5.000000000000000000e-01 2.803738317757009310e-02 5.309734513274336209e-02 5.055441153175985747e-01
8.864353312302839516e-01 7.482517482517482277e-01 1.000000000000000000e+00 8.559999999999999831e-01 9.142857142857142572e-01
5.471698113207547065e-01 0.000000000000000000e+00 0.000000000000000000e+00 0.000000000000000000e+00 4.123222748815165706e-01
5.573248407643311975e-01 2.941176470588235253e-02 9.345794392523363789e-03 1.418439716312056530e-02 4.249627522687254300e-01
5.645161290322581182e-01 3.333333333333333287e-02 9.345794392523363789e-03 1.459854014598539924e-02 4.332443257676902304e-01
5.471698113207547065e-01 0.000000000000000000e+00 0.000000000000000000e+00 0.000000000000000000e+00 4.123222748815165706e-01
5.627009646302251200e-01 3.225806451612903136e-02 9.345794392523363789e-03 1.449275362318840250e-02 4.311434854315557286e-01
5.912162162162162282e-01 6.250000000000000000e-02 9.345794392523363789e-03 1.626016260162601451e-02 4.649903575137219747e-01
5.876623376623376638e-01 2.058823529411764608e-01 6.542056074766354479e-02 9.929078014184394840e-02 4.655461012693541956e-01
5.471698113207547065e-01 0.000000000000000000e+00 0.000000000000000000e+00 0.000000000000000000e+00 4.123222748815165706e-01
5.627009646302251200e-01 3.225806451612903136e-02 9.345794392523363789e-03 1.449275362318840250e-02 4.311434854315557286e-01
9.243421052631578538e-01 8.230769230769230393e-01 1.000000000000000000e+00 9.029535864978902593e-01 9.416243654822334941e-01
9.243421052631578538e-01 8.230769230769230393e-01 1.000000000000000000e+00 9.029535864978902593e-01 9.416243654822334941e-01
5.471698113207547065e-01 0.000000000000000000e+00 0.000000000000000000e+00 0.000000000000000000e+00 4.123222748815165706e-01
9.243421052631578538e-01 8.230769230769230393e-01 1.000000000000000000e+00 9.029535864978902593e-01 9.416243654822334941e-01
8.371335504885993872e-01 7.614678899082568675e-01 7.757009345794392274e-01 7.685185185185184897e-01 8.228504672897195560e-01
5.471698113207547065e-01 0.000000000000000000e+00 0.000000000000000000e+00 0.000000000000000000e+00 4.123222748815165706e-01
9.006410256410256610e-01 7.753623188405797118e-01 1.000000000000000000e+00 8.734693877551020780e-01 9.243902439024389572e-01
7.095709570957096091e-01 6.507936507936508130e-01 3.831775700934579310e-01 4.823529411764705399e-01 6.354663360671370942e-01
5.471698113207547065e-01 0.000000000000000000e+00 0.000000000000000000e+00 0.000000000000000000e+00 4.123222748815165706e-01
5.746753246753246724e-01 1.000000000000000056e-01 2.803738317757009310e-02 4.379562043795620641e-02 4.468545124843074090e-01
5.471698113207547065e-01 0.000000000000000000e+00 0.000000000000000000e+00 0.000000000000000000e+00 4.123222748815165706e-01
6.290322580645161255e-01 4.199999999999999845e-01 1.962616822429906482e-01 2.675159235668789770e-01 5.267022696929238856e-01
9.243421052631578538e-01 8.230769230769230393e-01 1.000000000000000000e+00 9.029535864978902593e-01 9.416243654822334941e-01
5.471698113207547065e-01 0.000000000000000000e+00 0.000000000000000000e+00 0.000000000000000000e+00 4.123222748815165706e-01
5.471698113207547065e-01 0.000000000000000000e+00 0.000000000000000000e+00 0.000000000000000000e+00 4.123222748815165706e-01
5.471698113207547065e-01 0.000000000000000000e+00 0.000000000000000000e+00 0.000000000000000000e+00 4.123222748815165706e-01
5.471698113207547065e-01 0.000000000000000000e+00 0.000000000000000000e+00 0.000000000000000000e+00 4.123222748815165706e-01
5.627009646302251200e-01 3.225806451612903136e-02 9.345794392523363789e-03 1.449275362318840250e-02 4.311434854315557286e-01
5.471698113207547065e-01 0.000000000000000000e+00 0.000000000000000000e+00 0.000000000000000000e+00 4.123222748815165706e-01
5.645161290322581182e-01 3.333333333333333287e-02 9.345794392523363789e-03 1.459854014598539924e-02 4.332443257676902304e-01
5.775577557755775526e-01 4.347826086956521618e-02 9.345794392523363789e-03 1.538461538461538200e-02 4.485504482166697837e-01
5.471698113207547065e-01 0.000000000000000000e+00 0.000000000000000000e+00 0.000000000000000000e+00 4.123222748815165706e-01
5.471698113207547065e-01 0.000000000000000000e+00 0.000000000000000000e+00 0.000000000000000000e+00 4.123222748815165706e-01
9.093851132686083805e-01 7.925925925925926263e-01 1.000000000000000000e+00 8.842975206611569661e-01 9.306930693069306315e-01
9.243421052631578538e-01 8.230769230769230393e-01 1.000000000000000000e+00 9.029535864978902593e-01 9.416243654822334941e-01
