5.471698113207547065e-01 0.000000000000000000e+00 0.000000000000000000e+00 0.000000000000000000e+00 4.123222748815165706e-01
5.645161290322581182e-01 3.333333333333333287e-02 9.345794392523363789e-03 1.459854014598539924e-02 4.332443257676902304e-01
5.852842809364549037e-01 5.263157894736841813e-02 9.345794392523363789e-03 1.587301587301587213e-02 4.577978971962616273e-01
7.623762376237623872e-01 7.215189873417721111e-01 5.327102803738317238e-01 6.129032258064515126e-01 7.102326912073240184e-01
9.243421052631578538e-01 8.230769230769230393e-01 1.000000000000000000e+00 9.029535864978902593e-01 9.416243654822334941e-01
6.232876712328767610e-01 4.210526315789473450e-01 7.476635514018691031e-02 1.269841269841269771e-01 5.076534478403637030e-01
8.836477987421383906e-01 7.430555555555555802e-01 1.000000000000000000e+00 8.525896414342629681e-01 9.123222748815165151e-01
8.864353312302839516e-01 7.482517482517482277e-01 1.000000000000000000e+00 8.559999999999999831e-01 9.142857142857142572e-01
5.471698113207547065e-01 0.000000000000000000e+00 0.000000000000000000e+00 0.000000000000000000e+00 4.123222748815165706e-01
6.567656765676567199e-01 5.319148936170212671e-01 2.336448598130841103e-01 3.246753246753246724e-01 5.606999809269501700e-01
5.471698113207547065e-01 0.000000000000000000e+00 0.000000000000000000e+00 0.000000000000000000e+00 4.123222748815165706e-01
5.813953488372093359e-01 4.761904761904761640e-02 9.345794392523363789e-03 1.562499999999999827e-02 4.531265054436843243e-01
5.471698113207547065e-01 0.000000000000000000e+00 0.000000000000000000e+00 0.000000000000000000e+00 4.123222748815165706e-01
6.501650165016501504e-01 5.111111111111110716e-01 2.149532710280373793e-01 3.026315789473684181e-01 5.513541865344268045e-01
9.093851132686083805e-01 7.925925925925926263e-01 1.000000000000000000e+00 8.842975206611569661e-01 9.306930693069306315e-01
5.852842809364549037e-01 5.263157894736841813e-02 9.345794392523363789e-03 1.587301587301587213e-02 4.577978971962616273e-01
9.123376623376623362e-01 7.985074626865671377e-01 1.000000000000000000e+00 8.879668049792530660e-01 9.328358208955224162e-01
9.123376623376623362e-01 7.985074626865671377e-01 1.000000000000000000e+00 8.879668049792530660e-01 9.328358208955224162e-01
5.645161290322581182e-01 3.333333333333333287e-02 9.345794392523363789e-03 1.459854014598539924e-02 4.332443257676902304e-01
5.471698113207547065e-01 0.000000000000000000e+00 0.000000000000000000e+00 0.000000000000000000e+00 4.123222748815165706e-01
6.039603960396039417e-01 2.903225806451613100e-01 8.411214953271027583e-02 1.304347826086956486e-01 4.859336257867632458e-01
9.123376623376623362e-01 7.985074626865671377e-01 1.000000000000000000e+00 8.879668049792530660e-01 9.328358208955224162e-01
5.471698113207547065e-01 0.000000000000000000e+00 0.000000000000000000e+00 0.000000000000000000e+00 4.123222748815165706e-01
5.912162162162162282e-01 6.250000000000000000e-02 9.345794392523363789e-03 1.626016260162601451e-02 4.649903575137219747e-01
6.501650165016501504e-01 5.111111111111110716e-01 2.149532710280373793e-01 3.026315789473684181e-01 5.513541865344268045e-01
9.093851132686083805e-01 7.925925925925926263e-01 1.000000000000000000e+00 8.842975206611569661e-01 9.306930693069306315e-01
5.627009646302251200e-01 3.225806451612903136e-02 9.345794392523363789e-03 1.449275362318840250e-02 4.311434854315557286e-01
5.471698113207547065e-01 0.000000000000000000e+00 0.000000000000000000e+00 0.000000000000000000e+00 4.123222748815165706e-01
5.471698113207547065e-01 0.000000000000000000e+00 0.000000000000000000e+00 0.000000000000000000e+00 4.123222748815165706e-01
5.471698113207547065e-01 0.000000000000000000e+00 0.000000000000000000e+00 0.000000000000000000e+00 4.123222748815165706e-01
5.471698113207547065e-01 0.000000000000000000e+00 0.000000000000000000e+00 0.000000000000000000e+00 4.123222748815165706e-01
9.064516129032258451e-01 7.867647058823529216e-01 1.000000000000000000e+00 8.806584362139917577e-01 9.285714285714286031e-01
5.645161290322581182e-01 3.333333333333333287e-02 9.345794392523363789e-03 1.459854014598539924e-02 4.332443257676902304e-01
8.151815181518151654e-01 7.684210526315788936e-01 6.822429906542055722e-01 7.227722772277226371e-01 7.849990463475109426e-01
8.892405063291138889e-01 7.535211267605633756e-01 1.000000000000000000e+00 8.594377510040159818e-01 9.162679425837321201e-01
8.781250000000000444e-01 7.328767123287671659e-01 1.000000000000000000e+00 8.458498023715415037e-01 9.084507042253521236e-01
6.319218241042344753e-01 4.347826086956521618e-01 1.869158878504672827e-01 2.614379084967320410e-01 5.284579439252337085e-01
