9.707792207792207417e-01 9.224137931034482873e-01 1.000000000000000000e+00 9.596412556053811604e-01 9.776119402985073981e-01
7.056856187290969640e-01 7.878787878787878451e-01 2.429906542056074759e-01 3.714285714285713857e-01 6.032661604361370111e-01
9.440993788819875832e-01 8.559999999999999831e-01 1.000000000000000000e+00 9.224137931034482873e-01 9.581395348837209447e-01
8.220064724919093901e-01 8.421052631578946901e-01 5.981308411214952825e-01 6.994535519125683054e-01 7.693624502637179674e-01
5.674740484429066090e-01 0.000000000000000000e+00 0.000000000000000000e+00 0.000000000000000000e+00 4.505494505494505586e-01
6.491803278688524914e-01 5.000000000000000000e-01 1.588785046728971861e-01 2.411347517730496326e-01 5.365099594071556233e-01
5.932835820895522305e-01 4.500000000000000111e-01 8.411214953271027583e-02 1.417322834645669272e-01 5.078945840831252667e-01
5.212355212355211931e-01 0.000000000000000000e+00 0.000000000000000000e+00 0.000000000000000000e+00 4.440789473684210731e-01
6.120401337792642504e-01 3.333333333333333148e-01 8.411214953271027583e-02 1.343283582089551953e-01 4.951810747663551449e-01
5.551470588235294379e-01 0.000000000000000000e+00 0.000000000000000000e+00 0.000000000000000000e+00 4.575757575757575801e-01
5.019920318725099584e-01 0.000000000000000000e+00 0.000000000000000000e+00 0.000000000000000000e+00 4.375000000000000000e-01
9.739413680781758842e-01 9.304347826086956097e-01 1.000000000000000000e+00 9.639639639639638879e-01 9.799999999999999822e-01
9.679487179487179516e-01 9.145299145299145005e-01 1.000000000000000000e+00 9.553571428571429047e-01 9.756097560975609539e-01
9.529780564263322651e-01 8.770491803278688270e-01 1.000000000000000000e+00 9.344978165938864212e-01 9.646226415094338869e-01
4.230769230769230727e-01 0.000000000000000000e+00 0.000000000000000000e+00 0.000000000000000000e+00 4.356435643564356419e-01
9.679487179487179516e-01 9.145299145299145005e-01 1.000000000000000000e+00 9.553571428571429047e-01 9.756097560975609539e-01
7.207792207792207417e-01 7.692307692307692735e-01 2.803738317757009102e-01 4.109589041095890183e-01 6.177988561863579919e-01
5.879999999999999671e-01 5.714285714285713969e-01 1.495327102803738206e-01 2.370370370370369906e-01 5.328083131821449436e-01
8.859934853420194933e-01 9.000000000000000222e-01 7.570093457943924964e-01 8.223350253807105714e-01 8.560046728971961727e-01
9.440993788819875832e-01 8.559999999999999831e-01 1.000000000000000000e+00 9.224137931034482873e-01 9.581395348837209447e-01
5.704225352112676228e-01 0.000000000000000000e+00 0.000000000000000000e+00 0.000000000000000000e+00 4.576271186440677985e-01
5.884353741496598511e-01 0.000000000000000000e+00 0.000000000000000000e+00 0.000000000000000000e+00 4.625668449197861132e-01
9.707792207792207417e-01 9.224137931034482873e-01 1.000000000000000000e+00 9.596412556053811604e-01 9.776119402985073981e-01
9.529780564263322651e-01 8.770491803278688270e-01 1.000000000000000000e+00 9.344978165938864212e-01 9.646226415094338869e-01
9.529780564263322651e-01 8.770491803278688270e-01 1.000000000000000000e+00 9.344978165938864212e-01 9.646226415094338869e-01
4.230769230769230727e-01 0.000000000000000000e+00 0.000000000000000000e+00 0.000000000000000000e+00 4.356435643564356419e-01
5.807560137457045135e-01 0.000000000000000000e+00 0.000000000000000000e+00 0.000000000000000000e+00 4.592391304347825942e-01
7.868852459016393297e-01 8.620689655172413257e-01 4.672897196261682207e-01 6.060606060606059664e-01 7.134428396110639170e-01
4.767932489451476852e-01 0.000000000000000000e+00 0.000000000000000000e+00 0.000000000000000000e+00 4.346153846153846256e-01
6.127946127946127808e-01 0.000000000000000000e+00 0.000000000000000000e+00 0.000000000000000000e+00 4.789473684210526216e-01
6.225165562913906880e-01 0.000000000000000000e+00 0.000000000000000000e+00 0.000000000000000000e+00 4.820512820512820595e-01
9.709677419354838523e-01 9.224137931034482873e-01 1.000000000000000000e+00 9.596412556053811604e-01 9.778325123152709075e-01
9.609120521172638263e-01 8.991596638655462437e-01 1.000000000000000000e+00 9.469026548672566657e-01 9.699999999999999734e-01
7.617554858934169060e-01 7.540983606557376540e-01 4.299065420560747586e-01 5.476190476190475609e-01 6.795759125374714049e-01
9.587301587301587658e-01 8.916666666666667185e-01 1.000000000000000000e+00 9.427312775330397576e-01 9.687500000000000000e-01
6.327868852459016535e-01 3.684210526315789269e-01 6.542056074766354479e-02 1.111111111111110911e-01 5.024072500708014477e-01
9.440993788819875832e-01 8.559999999999999831e-01 1.000000000000000000e+00 9.224137931034482873e-01 9.581395348837209447e-01
