5.212355212355211931e-01 0.000000000000000000e+00 0.000000000000000000e+00 0.000000000000000000e+00 4.440789473684210731e-01
9.526813880126182577e-01 8.770491803278688270e-01 1.000000000000000000e+00 9.344978165938864212e-01 9.642857142857143016e-01
9.295302013422819254e-01 8.706896551724138122e-01 9.439252336448598069e-01 9.058295964125560040e-01 9.326956011156235515e-01
9.534883720930232842e-01 8.842975206611570771e-01 1.000000000000000000e+00 9.385964912280702066e-01 9.639175257731958935e-01
5.744680851063830307e-01 0.000000000000000000e+00 0.000000000000000000e+00 0.000000000000000000e+00 4.628571428571428559e-01
9.546925566343041902e-01 8.842975206611570771e-01 1.000000000000000000e+00 9.385964912280702066e-01 9.653465346534653158e-01
5.795454545454545858e-01 2.999999999999999889e-01 2.803738317757009310e-02 5.128205128205128721e-02 4.917256979582117493e-01
5.121951219512195230e-01 0.000000000000000000e+00 0.000000000000000000e+00 0.000000000000000000e+00 4.532374100719424592e-01
9.440993788819875832e-01 8.559999999999999831e-01 1.000000000000000000e+00 9.224137931034482873e-01 9.581395348837209447e-01
6.575342465753424293e-01 6.129032258064516236e-01 1.775700934579439172e-01 2.753623188405797118e-01 5.563526142965394827e-01
5.931034482758620330e-01 2.608695652173912971e-01 5.607476635514018620e-02 9.230769230769229894e-02 4.815892957458761114e-01
9.508196721311474864e-01 8.770491803278688270e-01 1.000000000000000000e+00 9.344978165938864212e-01 9.621212121212120438e-01
9.311475409836065253e-01 8.981481481481481399e-01 9.065420560747663448e-01 9.023255813953489080e-01 9.254932502596053823e-01
5.156250000000000000e-01 0.000000000000000000e+00 0.000000000000000000e+00 0.000000000000000000e+00 4.429530201342282147e-01
5.441176470588234837e-01 0.000000000000000000e+00 0.000000000000000000e+00 0.000000000000000000e+00 4.484848484848484862e-01
5.960264900662252119e-01 0.000000000000000000e+00 0.000000000000000000e+00 0.000000000000000000e+00 4.615384615384615641e-01
5.864406779661016644e-01 0.000000000000000000e+00 0.000000000000000000e+00 0.000000000000000000e+00 4.601063829787234161e-01
5.360000000000000320e-01 2.000000000000000111e-01 2.803738317757009310e-02 4.918032786885245811e-02 4.720606496307430122e-01
5.689655172413793371e-01 0.000000000000000000e+00 0.000000000000000000e+00 0.000000000000000000e+00 4.508196721311475419e-01
5.179282868525896255e-01 0.000000000000000000e+00 0.000000000000000000e+00 0.000000000000000000e+00 4.513888888888888951e-01
5.910780669144981569e-01 4.285714285714285476e-01 8.411214953271027583e-02 1.406250000000000000e-01 5.050190377293181099e-01
5.078740157480314821e-01 0.000000000000000000e+00 0.000000000000000000e+00 0.000000000000000000e+00 4.387755102040816202e-01
6.131386861313868897e-01 5.238095238095238360e-01 1.028037383177570069e-01 1.718749999999999722e-01 5.214617493983993990e-01
9.589905362776025566e-01 8.916666666666667185e-01 1.000000000000000000e+00 9.427312775330397576e-01 9.690476190476190466e-01
5.156250000000000000e-01 0.000000000000000000e+00 0.000000000000000000e+00 0.000000000000000000e+00 4.429530201342282147e-01
5.441176470588234837e-01 0.000000000000000000e+00 0.000000000000000000e+00 0.000000000000000000e+00 4.484848484848484862e-01
5.659722222222222099e-01 0.000000000000000000e+00 0.000000000000000000e+00 0.000000000000000000e+00 4.502762430939226679e-01
4.852320675105485370e-01 0.000000000000000000e+00 0.000000000000000000e+00 0.000000000000000000e+00 4.423076923076922906e-01
5.547445255474452441e-01 0.000000000000000000e+00 0.000000000000000000e+00 0.000000000000000000e+00 4.550898203592814162e-01
5.614754098360655865e-01 5.000000000000000000e-01 1.028037383177570069e-01 1.705426356589147263e-01 5.112558837574185944e-01
5.622775800711743432e-01 0.000000000000000000e+00 0.000000000000000000e+00 0.000000000000000000e+00 4.540229885057471271e-01
5.559566787003610289e-01 0.000000000000000000e+00 0.000000000000000000e+00 0.000000000000000000e+00 4.529411764705882359e-01
9.468750000000000222e-01 8.629032258064516236e-01 1.000000000000000000e+00 9.264069264069264564e-01 9.600938967136150026e-01
5.972222222222222099e-01 0.000000000000000000e+00 0.000000000000000000e+00 0.000000000000000000e+00 4.751381215469613339e-01
4.916666666666666408e-01 0.000000000000000000e+00 0.000000000000000000e+00 0.000000000000000000e+00 4.436090225563910083e-01
5.507246376811594235e-01 0.000000000000000000e+00 0.000000000000000000e+00 0.000000000000000000e+00 4.497041420118343402e-01
9.620253164556962222e-01 8.991596638655462437e-01 1.000000000000000000e+00 9.469026548672566657e-01 9.712918660287082062e-01
