6.020066889632107454e-01 0.000000000000000000e+00 0.000000000000000000e+00 0.000000000000000000e+00 4.687500000000000000e-01
8.758620689655172153e-01 8.817204301075268758e-01 7.663551401869158619e-01 8.199999999999999512e-01 8.531229252847146727e-01
9.559748427672956073e-01 8.842975206611570771e-01 1.000000000000000000e+00 9.385964912280702066e-01 9.668246445497630237e-01
5.413533834586465865e-01 0.000000000000000000e+00 0.000000000000000000e+00 0.000000000000000000e+00 4.528301886792452935e-01
5.679442508710801363e-01 0.000000000000000000e+00 0.000000000000000000e+00 0.000000000000000000e+00 4.527777777777777790e-01
5.510948905109489537e-01 0.000000000000000000e+00 0.000000000000000000e+00 0.000000000000000000e+00 4.520958083832335439e-01
6.466666666666666119e-01 5.200000000000000178e-01 1.214953271028037379e-01 1.969696969696969890e-01 5.296595806498474168e-01
7.012987012987013102e-01 6.666666666666666297e-01 2.803738317757009102e-01 3.947368421052631082e-01 6.028734830520295906e-01
5.697211155378486547e-01 4.736842105263157632e-01 8.411214953271027583e-02 1.428571428571428492e-01 5.073338525441328795e-01
5.346153846153846034e-01 0.000000000000000000e+00 0.000000000000000000e+00 0.000000000000000000e+00 4.542483660130718914e-01
5.821917808219178037e-01 0.000000000000000000e+00 0.000000000000000000e+00 0.000000000000000000e+00 4.594594594594594295e-01
5.247148288973384478e-01 0.000000000000000000e+00 0.000000000000000000e+00 0.000000000000000000e+00 4.423076923076922906e-01
7.534722222222222099e-01 8.599999999999999867e-01 4.018691588785046620e-01 5.477707006369426646e-01 6.815975628646666618e-01
5.173745173745173398e-01 0.000000000000000000e+00 0.000000000000000000e+00 0.000000000000000000e+00 4.407894736842105088e-01
5.468164794007490670e-01 0.000000000000000000e+00 0.000000000000000000e+00 0.000000000000000000e+00 4.562499999999999889e-01
5.583941605839416455e-01 0.000000000000000000e+00 0.000000000000000000e+00 0.000000000000000000e+00 4.580838323353293440e-01
9.467084639498433152e-01 8.629032258064516236e-01 1.000000000000000000e+00 9.264069264069264564e-01 9.599056603773584717e-01
6.283783783783783994e-01 4.347826086956521618e-01 9.345794392523364136e-02 1.538461538461538547e-01 5.123374375710824102e-01
9.118644067796609631e-01 8.857142857142856762e-01 8.691588785046728827e-01 8.773584905660376521e-01 9.026645456353151742e-01
5.734767025089605452e-01 1.250000000000000000e-01 1.869158878504672758e-02 3.252032520325202902e-02 4.686481199739186976e-01
5.203252032520325754e-01 0.000000000000000000e+00 0.000000000000000000e+00 0.000000000000000000e+00 4.604316546762590168e-01
6.219081272084805434e-01 5.000000000000000000e-01 8.411214953271027583e-02 1.439999999999999891e-01 5.164878929481733216e-01
5.598591549295774961e-01 0.000000000000000000e+00 0.000000000000000000e+00 0.000000000000000000e+00 4.491525423728813804e-01
8.155339805825242427e-01 8.571428571428570953e-01 5.607476635514018204e-01 6.779661016949152241e-01 7.556213565281761912e-01
5.173745173745173398e-01 0.000000000000000000e+00 0.000000000000000000e+00 0.000000000000000000e+00 4.407894736842105088e-01
5.468164794007490670e-01 0.000000000000000000e+00 0.000000000000000000e+00 0.000000000000000000e+00 4.562499999999999889e-01
6.821192052980132869e-01 6.571428571428571397e-01 2.149532710280373793e-01 3.239436619718309984e-01 5.767074047447878771e-01
5.378787878787878451e-01 0.000000000000000000e+00 0.000000000000000000e+00 0.000000000000000000e+00 4.522292993630573354e-01
5.503597122302158473e-01 0.000000000000000000e+00 0.000000000000000000e+00 0.000000000000000000e+00 4.473684210526315819e-01
6.619718309859154992e-01 6.571428571428571397e-01 2.149532710280373793e-01 3.239436619718309984e-01 5.735783304292728646e-01
5.669291338582677087e-01 4.210526315789473450e-01 7.476635514018691031e-02 1.269841269841269771e-01 4.999682115836989182e-01
6.118881118881118741e-01 2.500000000000000000e-01 1.869158878504672758e-02 3.478260869565217434e-02 4.925860178562105340e-01
5.020242914979756721e-01 0.000000000000000000e+00 0.000000000000000000e+00 0.000000000000000000e+00 4.428571428571428381e-01
5.457875457875457359e-01 0.000000000000000000e+00 0.000000000000000000e+00 0.000000000000000000e+00 4.487951807228915957e-01
9.440993788819875832e-01 8.559999999999999831e-01 1.000000000000000000e+00 9.224137931034482873e-01 9.581395348837209447e-01
6.101083032490974833e-01 4.666666666666666741e-01 6.542056074766354479e-02 1.147540983606557263e-01 5.091808686091258140e-01
9.529780564263322651e-01 8.770491803278688270e-01 1.000000000000000000e+00 9.344978165938864212e-01 9.646226415094338869e-01
