6.169491525423729250e-01 2.000000000000000111e-01 1.869158878504672758e-02 3.418803418803418454e-02 4.880691986478425393e-01
9.258064516129032029e-01 8.230769230769230393e-01 1.000000000000000000e+00 9.029535864978902593e-01 9.433497536945812945e-01
6.262975778546713279e-01 3.333333333333333148e-01 9.345794392523363789e-03 1.818181818181818094e-02 4.991783917017561523e-01
8.121019108280255194e-01 7.352941176470588758e-01 7.009345794392523032e-01 7.177033492822967320e-01 7.852498984152782580e-01
5.714285714285713969e-01 0.000000000000000000e+00 0.000000000000000000e+00 0.000000000000000000e+00 4.326923076923077094e-01
7.828947368421053099e-01 7.733333333333333171e-01 5.420560747663550893e-01 6.373626373626373187e-01 7.278808292613500042e-01
6.241379310344827847e-01 2.500000000000000000e-01 9.345794392523363789e-03 1.801801801801801786e-02 4.964761758847862083e-01
6.039603960396039417e-01 1.578947368421052544e-01 2.803738317757009310e-02 4.761904761904762334e-02 4.732023650581727581e-01
9.140127388535032038e-01 7.985074626865671377e-01 1.000000000000000000e+00 8.879668049792530660e-01 9.347826086956521063e-01
7.467105263157894912e-01 7.343750000000000000e-01 4.392523364485981241e-01 5.497076023391812560e-01 6.764789601024715493e-01
9.318181818181817677e-01 8.359375000000000000e-01 1.000000000000000000e+00 9.106382978723404076e-01 9.477611940298508175e-01
6.306620209059233817e-01 1.000000000000000000e+00 9.345794392523363789e-03 1.851851851851851749e-02 5.046728971962616273e-01
6.342281879194631156e-01 4.500000000000000111e-01 8.411214953271027583e-02 1.417322834645669272e-01 5.132602632480305349e-01
6.745762711864407013e-01 7.037037037037037202e-01 1.775700934579439172e-01 2.835820895522387919e-01 5.675084509842910352e-01
7.118644067796610075e-01 7.894736842105263275e-01 2.803738317757009102e-01 4.137931034482758008e-01 6.189103201431697121e-01
6.169491525423729250e-01 2.000000000000000111e-01 1.869158878504672758e-02 3.418803418803418454e-02 4.880691986478425393e-01
6.013289036544851029e-01 6.666666666666666574e-02 9.345794392523363789e-03 1.639344262295081706e-02 4.685904229694575207e-01
5.973597359735973722e-01 5.882352941176470507e-02 9.345794392523363789e-03 1.612903225806451221e-02 4.638565706656493925e-01
7.016949152542373280e-01 7.714285714285714635e-01 2.523364485981308136e-01 3.802816901408450079e-01 6.048916285543844973e-01
9.379084967320261423e-01 8.492063492063491870e-01 1.000000000000000000e+00 9.184549356223175032e-01 9.522613065326633874e-01
7.050847457627118509e-01 7.777777777777777901e-01 2.616822429906541791e-01 3.916083916083916150e-01 6.095645257506463466e-01
6.303630363036303308e-01 4.074074074074073848e-01 1.028037383177570069e-01 1.641791044776119424e-01 5.105855426282662757e-01
6.094276094276094291e-01 9.090909090909091161e-02 9.345794392523363789e-03 1.694915254237287783e-02 4.783571077225774459e-01
6.777408637873754138e-01 6.315789473684210176e-01 2.242990654205607448e-01 3.310344827586206851e-01 5.760670584834762797e-01
6.745762711864407013e-01 7.037037037037037202e-01 1.775700934579439172e-01 2.835820895522387919e-01 5.675084509842910352e-01
7.118644067796610075e-01 7.894736842105263275e-01 2.803738317757009102e-01 4.137931034482758008e-01 6.189103201431697121e-01
5.746031746031745602e-01 3.448275862068965469e-02 9.345794392523363789e-03 1.470588235294117453e-02 4.373652048885693366e-01
6.135593220338982912e-01 1.111111111111111049e-01 9.345794392523363789e-03 1.724137931034482735e-02 4.833963014515808010e-01
5.746031746031745602e-01 3.448275862068965469e-02 9.345794392523363789e-03 1.470588235294117453e-02 4.373652048885693366e-01
5.973597359735973722e-01 5.882352941176470507e-02 9.345794392523363789e-03 1.612903225806451221e-02 4.638565706656493925e-01
5.993377483443708131e-01 6.250000000000000000e-02 9.345794392523363789e-03 1.626016260162601451e-02 4.662113587347231913e-01
6.135593220338982912e-01 1.111111111111111049e-01 9.345794392523363789e-03 1.724137931034482735e-02 4.833963014515808010e-01
9.258064516129032029e-01 8.230769230769230393e-01 1.000000000000000000e+00 9.029535864978902593e-01 9.433497536945812945e-01
6.156462585034013779e-01 1.250000000000000000e-01 9.345794392523363789e-03 1.739130434782608717e-02 4.859563196561546561e-01
6.156462585034013779e-01 1.250000000000000000e-01 9.345794392523363789e-03 1.739130434782608717e-02 4.859563196561546561e-01
5.764331210191082633e-01 3.571428571428571230e-02 9.345794392523363789e-03 1.481481481481481191e-02 4.394555058919137891e-01
6.169491525423729250e-01 2.000000000000000111e-01 1.869158878504672758e-02 3.418803418803418454e-02 4.880691986478425393e-01
