6.169491525423729250e-01 2.000000000000000111e-01 1.869158878504672758e-02 3.418803418803418454e-02 4.880691986478425393e-01
5.934426229508196204e-01 5.263157894736841813e-02 9.345794392523363789e-03 1.587301587301587213e-02 4.592183517417161576e-01
6.306620209059233817e-01 1.000000000000000000e+00 9.345794392523363789e-03 1.851851851851851749e-02 5.046728971962616273e-01
7.450331125827814871e-01 7.500000000000000000e-01 4.205607476635513930e-01 5.389221556886227837e-01 6.718188353702372329e-01
9.348534201954397105e-01 8.425196850393700254e-01 1.000000000000000000e+00 9.145299145299145005e-01 9.500000000000000666e-01
7.284768211920529257e-01 7.272727272727272929e-01 3.738317757009345654e-01 4.938271604938271331e-01 6.484543493889288746e-01
9.169329073482428427e-01 8.045112781954887327e-01 1.000000000000000000e+00 8.916666666666667185e-01 9.368932038834951737e-01
6.440677966101694407e-01 5.555555555555555802e-01 9.345794392523364136e-02 1.600000000000000033e-01 5.254523762179360569e-01
5.746031746031745602e-01 3.448275862068965469e-02 9.345794392523363789e-03 1.470588235294117453e-02 4.373652048885693366e-01
6.930693069306930187e-01 6.521739130434782705e-01 2.803738317757009102e-01 3.921568627450979783e-01 5.993705893572383037e-01
5.934426229508196204e-01 5.263157894736841813e-02 9.345794392523363789e-03 1.587301587301587213e-02 4.592183517417161576e-01
7.250859106529209397e-01 8.857142857142856762e-01 2.897196261682242757e-01 4.366197183098591283e-01 6.339902478667208685e-01
5.973597359735973722e-01 5.882352941176470507e-02 9.345794392523363789e-03 1.612903225806451221e-02 4.638565706656493925e-01
6.578073089700996467e-01 5.625000000000000000e-01 1.682242990654205517e-01 2.589928057553956831e-01 5.480296753059061832e-01
9.198717948717948234e-01 8.106060606060605522e-01 1.000000000000000000e+00 8.953974895397489586e-01 9.390243902439023849e-01
6.306620209059233817e-01 1.000000000000000000e+00 9.345794392523363789e-03 1.851851851851851749e-02 5.046728971962616273e-01
9.258064516129032029e-01 8.230769230769230393e-01 1.000000000000000000e+00 9.029535864978902593e-01 9.433497536945812945e-01
9.379084967320261423e-01 8.492063492063491870e-01 1.000000000000000000e+00 9.184549356223175032e-01 9.522613065326633874e-01
6.013289036544851029e-01 6.666666666666666574e-02 9.345794392523363789e-03 1.639344262295081706e-02 4.685904229694575207e-01
6.349206349206348854e-01 4.166666666666666852e-01 1.869158878504672827e-01 2.580645161290322509e-01 5.261502516175413646e-01
6.232876712328767610e-01 2.857142857142856984e-01 1.869158878504672758e-02 3.508771929824561209e-02 4.958322808790098790e-01
9.258064516129032029e-01 8.230769230769230393e-01 1.000000000000000000e+00 9.029535864978902593e-01 9.433497536945812945e-01
5.714285714285713969e-01 0.000000000000000000e+00 0.000000000000000000e+00 0.000000000000000000e+00 4.326923076923077094e-01
6.073825503355704258e-01 8.333333333333332871e-02 9.345794392523363789e-03 1.680672268907562952e-02 4.758770856779370173e-01
6.578073089700996467e-01 5.625000000000000000e-01 1.682242990654205517e-01 2.589928057553956831e-01 5.480296753059061832e-01
9.198717948717948234e-01 8.106060606060605522e-01 1.000000000000000000e+00 8.953974895397489586e-01 9.390243902439023849e-01
6.182432432432432012e-01 2.500000000000000000e-01 2.803738317757009310e-02 5.042016806722689204e-02 4.902091677792611568e-01
5.993377483443708131e-01 6.250000000000000000e-02 9.345794392523363789e-03 1.626016260162601451e-02 4.662113587347231913e-01
6.107382550335570537e-01 1.538461538461538547e-01 1.869158878504672758e-02 3.333333333333333287e-02 4.805499828741987556e-01
5.953947368421053099e-01 5.555555555555555247e-02 9.345794392523363789e-03 1.600000000000000033e-02 4.615256890744341978e-01
5.973597359735973722e-01 5.882352941176470507e-02 9.345794392523363789e-03 1.612903225806451221e-02 4.638565706656493925e-01
9.288025889967637116e-01 8.294573643410853014e-01 1.000000000000000000e+00 9.067796610169490679e-01 9.455445544554456072e-01
5.934426229508196204e-01 5.263157894736841813e-02 9.345794392523363789e-03 1.587301587301587213e-02 4.592183517417161576e-01
8.708609271523178874e-01 8.469387755102041337e-01 7.757009345794392274e-01 8.097560975609755518e-01 8.493889288281811778e-01
9.228295819935691258e-01 8.167938931297710203e-01 1.000000000000000000e+00 8.991596638655461327e-01 9.411764705882352811e-01
9.082278481012657778e-01 7.867647058823529216e-01 1.000000000000000000e+00 8.806584362139917577e-01 9.306220095693780170e-01
6.530612244897958663e-01 6.315789473684210176e-01 1.121495327102803724e-01 1.904761904761904934e-01 5.373581888150332775e-01
