9.169329073482428427e-01 8.045112781954887327e-01 1.000000000000000000e+00 8.916666666666667185e-01 9.368932038834951737e-01
6.562500000000000000e-01 9.000000000000000222e-01 8.411214953271027583e-02 1.538461538461538269e-01 5.392936438271286326e-01
6.114864864864865135e-01 1.000000000000000056e-01 9.345794392523363789e-03 1.709401709401709227e-02 4.808633733867377913e-01
6.026490066225165254e-01 1.176470588235294101e-01 1.869158878504672758e-02 3.225806451612902442e-02 4.708842559309849296e-01
5.714285714285713969e-01 0.000000000000000000e+00 0.000000000000000000e+00 0.000000000000000000e+00 4.326923076923077094e-01
5.953947368421053099e-01 5.555555555555555247e-02 9.345794392523363789e-03 1.600000000000000033e-02 4.615256890744341978e-01
6.505190311418684868e-01 8.000000000000000444e-01 7.476635514018691031e-02 1.367521367521367381e-01 5.318886720755879871e-01
6.169491525423729250e-01 2.000000000000000111e-01 1.869158878504672758e-02 3.418803418803418454e-02 4.880691986478425393e-01
6.094276094276094291e-01 9.090909090909091161e-02 9.345794392523363789e-03 1.694915254237287783e-02 4.783571077225774459e-01
8.106312292358803795e-01 8.205128205128204844e-01 5.981308411214952825e-01 6.918918918918919303e-01 7.629829463339435902e-01
5.714285714285713969e-01 0.000000000000000000e+00 0.000000000000000000e+00 0.000000000000000000e+00 4.326923076923077094e-01
5.973597359735973722e-01 5.882352941176470507e-02 9.345794392523363789e-03 1.612903225806451221e-02 4.638565706656493925e-01
9.348534201954397105e-01 8.425196850393700254e-01 1.000000000000000000e+00 9.145299145299145005e-01 9.500000000000000666e-01
9.348534201954397105e-01 8.425196850393700254e-01 1.000000000000000000e+00 9.145299145299145005e-01 9.500000000000000666e-01
5.714285714285713969e-01 0.000000000000000000e+00 0.000000000000000000e+00 0.000000000000000000e+00 4.326923076923077094e-01
9.566666666666666652e-01 8.916666666666667185e-01 1.000000000000000000e+00 9.427312775330397576e-01 9.663212435233160535e-01
8.844884488448845339e-01 8.461538461538461453e-01 8.224299065420560551e-01 8.341232227488151185e-01 8.703986267404157928e-01
5.973597359735973722e-01 5.882352941176470507e-02 9.345794392523363789e-03 1.612903225806451221e-02 4.638565706656493925e-01
7.581699346405228468e-01 7.323943661971831220e-01 4.859813084112149517e-01 5.842696629213484094e-01 6.952519607382707800e-01
6.241379310344827847e-01 2.500000000000000000e-01 9.345794392523363789e-03 1.801801801801801786e-02 4.964761758847862083e-01
5.714285714285713969e-01 0.000000000000000000e+00 0.000000000000000000e+00 0.000000000000000000e+00 4.326923076923077094e-01
6.190476190476190688e-01 2.222222222222222099e-01 1.869158878504672758e-02 3.448275862068965469e-02 4.906292168524163944e-01
6.135593220338982912e-01 1.111111111111111049e-01 9.345794392523363789e-03 1.724137931034482735e-02 4.833963014515808010e-01
7.340067340067339963e-01 7.916666666666666297e-01 3.551401869158878344e-01 4.903225806451612656e-01 6.512543039842597636e-01
9.348534201954397105e-01 8.425196850393700254e-01 1.000000000000000000e+00 9.145299145299145005e-01 9.500000000000000666e-01
5.714285714285713969e-01 0.000000000000000000e+00 0.000000000000000000e+00 0.000000000000000000e+00 4.326923076923077094e-01
5.764331210191082633e-01 3.571428571428571230e-02 9.345794392523363789e-03 1.481481481481481191e-02 4.394555058919137891e-01
5.714285714285713969e-01 0.000000000000000000e+00 0.000000000000000000e+00 0.000000000000000000e+00 4.326923076923077094e-01
5.714285714285713969e-01 0.000000000000000000e+00 0.000000000000000000e+00 0.000000000000000000e+00 4.326923076923077094e-01
5.934426229508196204e-01 5.263157894736841813e-02 9.345794392523363789e-03 1.587301587301587213e-02 4.592183517417161576e-01
6.156462585034013779e-01 1.250000000000000000e-01 9.345794392523363789e-03 1.739130434782608717e-02 4.859563196561546561e-01
6.156462585034013779e-01 1.250000000000000000e-01 9.345794392523363789e-03 1.739130434782608717e-02 4.859563196561546561e-01
6.169491525423729250e-01 2.000000000000000111e-01 1.869158878504672758e-02 3.418803418803418454e-02 4.880691986478425393e-01
6.013289036544851029e-01 6.666666666666666574e-02 9.345794392523363789e-03 1.639344262295081706e-02 4.685904229694575207e-01
6.258278145695364003e-01 3.750000000000000000e-01 8.411214953271027583e-02 1.374045801526717347e-01 5.035945363048166534e-01
9.198717948717948234e-01 8.106060606060605522e-01 1.000000000000000000e+00 8.953974895397489586e-01 9.390243902439023849e-01
9.409836065573770059e-01 8.559999999999999831e-01 1.000000000000000000e+00 9.224137931034482873e-01 9.545454545454544748e-01
