6.741214057507987079e-01 5.999999999999999778e-01 1.401869158878504551e-01 2.272727272727272652e-01 5.458216132837310219e-01
9.593749999999999778e-01 8.916666666666667185e-01 1.000000000000000000e+00 9.427312775330397576e-01 9.694835680751173745e-01
9.595015576323987494e-01 8.916666666666667185e-01 1.000000000000000000e+00 9.427312775330397576e-01 9.696261682242991453e-01
9.565217391304348116e-01 8.842975206611570771e-01 1.000000000000000000e+00 9.385964912280702066e-01 9.674418604651162656e-01
9.565217391304348116e-01 8.842975206611570771e-01 1.000000000000000000e+00 9.385964912280702066e-01 9.674418604651162656e-01
9.375000000000000000e-01 8.918918918918918859e-01 9.252336448598130758e-01 9.082568807339449490e-01 9.344478083453994222e-01
7.066246056782334861e-01 7.058823529411765163e-01 2.242990654205607448e-01 3.404255319148936088e-01 5.883400089007565503e-01
9.684542586750788384e-01 9.145299145299145005e-01 1.000000000000000000e+00 9.553571428571429047e-01 9.761904761904761640e-01
9.595015576323987494e-01 8.916666666666667185e-01 1.000000000000000000e+00 9.427312775330397576e-01 9.696261682242991453e-01
9.565217391304348116e-01 8.842975206611570771e-01 1.000000000000000000e+00 9.385964912280702066e-01 9.674418604651162656e-01
7.381703470031545367e-01 7.727272727272727071e-01 3.177570093457943723e-01 4.503311258278145379e-01 6.350689808633733779e-01
9.565217391304348116e-01 8.842975206611570771e-01 1.000000000000000000e+00 9.385964912280702066e-01 9.674418604651162656e-01
9.591194968553459210e-01 8.916666666666667185e-01 1.000000000000000000e+00 9.427312775330397576e-01 9.691943127962086013e-01
9.625000000000000222e-01 8.991596638655462437e-01 1.000000000000000000e+00 9.469026548672566657e-01 9.718309859154928843e-01
7.899686520376175691e-01 8.125000000000000000e-01 4.859813084112149517e-01 6.081871345029239428e-01 7.146887674131546797e-01
9.716088328075709324e-01 9.224137931034482873e-01 1.000000000000000000e+00 9.596412556053811604e-01 9.785714285714286476e-01
9.565217391304348116e-01 8.842975206611570771e-01 1.000000000000000000e+00 9.385964912280702066e-01 9.674418604651162656e-01
9.565217391304348116e-01 8.842975206611570771e-01 1.000000000000000000e+00 9.385964912280702066e-01 9.674418604651162656e-01
9.565217391304348116e-01 8.842975206611570771e-01 1.000000000000000000e+00 9.385964912280702066e-01 9.674418604651162656e-01
6.572327044025156884e-01 4.615384615384615641e-01 1.121495327102803724e-01 1.804511278195488622e-01 5.228994109049032168e-01
6.761904761904762307e-01 6.086956521739130821e-01 1.308411214953270896e-01 2.153846153846153411e-01 5.437859453630482509e-01
6.906250000000000444e-01 6.250000000000000000e-01 1.869158878504672827e-01 2.877697841726618577e-01 5.652889298407266505e-01
7.694704049844236504e-01 7.796610169491525744e-01 4.299065420560747586e-01 5.542168674698795261e-01 6.845794392523365524e-01
7.868338557993730387e-01 8.196721311475410054e-01 4.672897196261682207e-01 5.952380952380952328e-01 7.077014635866690773e-01
9.625000000000000222e-01 8.991596638655462437e-01 1.000000000000000000e+00 9.469026548672566657e-01 9.718309859154928843e-01
7.899686520376175691e-01 8.125000000000000000e-01 4.859813084112149517e-01 6.081871345029239428e-01 7.146887674131546797e-01
9.565217391304348116e-01 8.842975206611570771e-01 1.000000000000000000e+00 9.385964912280702066e-01 9.674418604651162656e-01
9.130434782608695121e-01 8.691588785046728827e-01 8.691588785046728827e-01 8.691588785046728827e-01 9.020212997174525960e-01
6.741214057507987079e-01 6.086956521739130821e-01 1.308411214953270896e-01 2.153846153846153411e-01 5.435759005534888111e-01
9.595015576323987494e-01 8.916666666666667185e-01 1.000000000000000000e+00 9.427312775330397576e-01 9.696261682242991453e-01
9.116719242902208142e-01 9.072164948453608213e-01 8.224299065420560551e-01 8.627450980392157298e-01 8.897863818424567306e-01
9.337539432176655829e-01 9.134615384615384359e-01 8.878504672897196137e-01 9.004739336492890711e-01 9.224966622162884544e-01
9.565217391304348116e-01 8.842975206611570771e-01 1.000000000000000000e+00 9.385964912280702066e-01 9.674418604651162656e-01
9.595015576323987494e-01 8.916666666666667185e-01 1.000000000000000000e+00 9.427312775330397576e-01 9.696261682242991453e-01
9.565217391304348116e-01 8.842975206611570771e-01 1.000000000000000000e+00 9.385964912280702066e-01 9.674418604651162656e-01
9.565217391304348116e-01 8.842975206611570771e-01 1.000000000000000000e+00 9.385964912280702066e-01 9.674418604651162656e-01
9.685534591194968623e-01 9.145299145299145005e-01 1.000000000000000000e+00 9.553571428571429047e-01 9.763033175355450011e-01
