7.079365079365079749e-01 7.142857142857143016e-01 2.336448598130841103e-01 3.521126760563380031e-01 5.927839683680804495e-01
9.565217391304348116e-01 8.842975206611570771e-01 1.000000000000000000e+00 9.385964912280702066e-01 9.674418604651162656e-01
9.625000000000000222e-01 8.991596638655462437e-01 1.000000000000000000e+00 9.469026548672566657e-01 9.718309859154928843e-01
9.655172413793103869e-01 9.067796610169491789e-01 1.000000000000000000e+00 9.511111111111111294e-01 9.740566037735848282e-01
7.227414330218068228e-01 7.045454545454545858e-01 2.897196261682242757e-01 4.105960264900662127e-01 6.144859813084111444e-01
9.565217391304348116e-01 8.842975206611570771e-01 1.000000000000000000e+00 9.385964912280702066e-01 9.674418604651162656e-01
9.654088050314465486e-01 9.067796610169491789e-01 1.000000000000000000e+00 9.511111111111111294e-01 9.739336492890995345e-01
9.561128526645767955e-01 8.974358974358974672e-01 9.813084112149532690e-01 9.375000000000000000e-01 9.623523188150238106e-01
9.565217391304348116e-01 8.842975206611570771e-01 1.000000000000000000e+00 9.385964912280702066e-01 9.674418604651162656e-01
7.738853503184713878e-01 7.903225806451612545e-01 4.579439252336448551e-01 5.798816568047336917e-01 6.975709964332474922e-01
9.088050314465409008e-01 8.979591836734693855e-01 8.224299065420560551e-01 8.585365853658536439e-01 8.875182708065730841e-01
9.625000000000000222e-01 8.991596638655462437e-01 1.000000000000000000e+00 9.469026548672566657e-01 9.718309859154928843e-01
7.428571428571428825e-01 8.095238095238095344e-01 3.177570093457943723e-01 4.563758389261745041e-01 6.396477354421279404e-01
6.317460317460317221e-01 1.538461538461538547e-01 1.869158878504672758e-02 3.333333333333333287e-02 4.829034867002156561e-01
9.565217391304348116e-01 8.842975206611570771e-01 1.000000000000000000e+00 9.385964912280702066e-01 9.674418604651162656e-01
8.996865203761755803e-01 8.865979381443298557e-01 8.037383177570093240e-01 8.431372549019607865e-01 8.759257626520895457e-01
6.310344827586207295e-01 5.000000000000000000e-01 8.411214953271027583e-02 1.439999999999999891e-01 5.174659108319288325e-01
7.484076433121018557e-01 8.181818181818182323e-01 3.364485981308411033e-01 4.768211920529801806e-01 6.489006275678360636e-01
6.572327044025156884e-01 4.545454545454545303e-01 9.345794392523364136e-02 1.550387596899225062e-01 5.182929530052708955e-01
7.596153846153845812e-01 8.333333333333333703e-01 3.738317757009345654e-01 5.161290322580645018e-01 6.674036927285160736e-01
7.278481012658227778e-01 7.560975609756097615e-01 2.897196261682242757e-01 4.189189189189189144e-01 6.209363681080355413e-01
9.625000000000000222e-01 8.991596638655462437e-01 1.000000000000000000e+00 9.469026548672566657e-01 9.718309859154928843e-01
7.687500000000000444e-01 7.894736842105263275e-01 4.205607476635513930e-01 5.487804878048780921e-01 6.821113597472686640e-01
9.625000000000000222e-01 8.991596638655462437e-01 1.000000000000000000e+00 9.469026548672566657e-01 9.718309859154928843e-01
6.317460317460317221e-01 1.538461538461538547e-01 1.869158878504672758e-02 3.333333333333333287e-02 4.829034867002156561e-01
9.565217391304348116e-01 8.842975206611570771e-01 1.000000000000000000e+00 9.385964912280702066e-01 9.674418604651162656e-01
6.860841423948219608e-01 7.083333333333333703e-01 1.588785046728971861e-01 2.595419847328244156e-01 5.621125196631812093e-01
7.906250000000000222e-01 8.125000000000000000e-01 4.859813084112149517e-01 6.081871345029239428e-01 7.148216401211003879e-01
5.634328358208955390e-01 0.000000000000000000e+00 0.000000000000000000e+00 0.000000000000000000e+00 4.689440993788819845e-01
6.466666666666666119e-01 5.263157894736841813e-01 9.345794392523364136e-02 1.587301587301587213e-01 5.234129097864510527e-01
9.283489096573208643e-01 8.818181818181818343e-01 9.065420560747663448e-01 8.940092165898616550e-01 9.228971962616822067e-01
8.808777429467085085e-01 8.631578947368421240e-01 7.663551401869158619e-01 8.118811881188119361e-01 8.525171927349672885e-01
9.565217391304348116e-01 8.842975206611570771e-01 1.000000000000000000e+00 9.385964912280702066e-01 9.674418604651162656e-01
9.625000000000000222e-01 8.991596638655462437e-01 1.000000000000000000e+00 9.469026548672566657e-01 9.718309859154928843e-01
7.413249211356467416e-01 7.659574468085106336e-01 3.364485981308411033e-01 4.675324675324674661e-01 6.420338228749443710e-01
9.685534591194968623e-01 9.145299145299145005e-01 1.000000000000000000e+00 9.553571428571429047e-01 9.763033175355450011e-01
9.565217391304348116e-01 8.842975206611570771e-01 1.000000000000000000e+00 9.385964912280702066e-01 9.674418604651162656e-01
