8.566978193146417286e-01 6.993464052287581278e-01 1.000000000000000000e+00 8.230769230769230393e-01 8.925233644859812410e-01
7.120253164556962222e-01 5.799999999999999600e-01 5.420560747663550893e-01 5.603864734299516259e-01 6.705495684836559889e-01
8.666666666666666963e-01 7.181208053691274795e-01 1.000000000000000000e+00 8.359375000000000000e-01 8.990384615384615641e-01
5.299684542586751146e-01 0.000000000000000000e+00 0.000000000000000000e+00 0.000000000000000000e+00 4.000000000000000222e-01
5.416666666666666297e-01 2.631578947368420907e-02 9.345794392523363789e-03 1.379310344827586188e-02 4.144289947572372679e-01
7.044025157232703949e-01 5.656565656565656353e-01 5.233644859813083583e-01 5.436893203883494952e-01 6.597865083934978392e-01
5.387096774193548265e-01 2.631578947368420907e-02 9.345794392523363789e-03 1.379310344827586188e-02 4.135398922701532531e-01
5.217391304347825942e-01 0.000000000000000000e+00 0.000000000000000000e+00 0.000000000000000000e+00 3.906976744186046457e-01
6.838709677419354538e-01 5.569620253164556667e-01 4.112149532710280275e-01 4.731182795698924415e-01 6.194005800837898423e-01
8.043478260869565410e-01 6.594202898550725056e-01 8.504672897196261516e-01 7.428571428571429935e-01 8.159313192784176660e-01
5.217391304347825942e-01 0.000000000000000000e+00 0.000000000000000000e+00 0.000000000000000000e+00 3.906976744186046457e-01
5.217391304347825942e-01 0.000000000000000000e+00 0.000000000000000000e+00 0.000000000000000000e+00 3.906976744186046457e-01
8.540372670807453437e-01 6.948051948051947591e-01 1.000000000000000000e+00 8.199233716475095024e-01 8.906976744186045902e-01
5.500000000000000444e-01 1.509433962264150886e-01 7.476635514018691031e-02 9.999999999999999167e-02 4.317493747531920834e-01
5.384615384615384359e-01 0.000000000000000000e+00 0.000000000000000000e+00 0.000000000000000000e+00 4.097560975609756406e-01
8.566978193146417286e-01 6.993464052287581278e-01 1.000000000000000000e+00 8.230769230769230393e-01 8.925233644859812410e-01
6.424050632911392222e-01 4.605263157894736725e-01 3.271028037383177378e-01 3.825136612021858284e-01 5.654652774672449533e-01
5.281249999999999556e-01 2.173913043478260809e-02 9.345794392523363789e-03 1.307189542483659823e-02 3.990390943793602485e-01
6.932907348242811629e-01 5.632183908045976795e-01 4.579439252336448551e-01 5.051546391752577136e-01 6.367389529080845767e-01
5.217391304347825942e-01 0.000000000000000000e+00 0.000000000000000000e+00 0.000000000000000000e+00 3.906976744186046457e-01
8.702531645569620000e-01 7.229729729729730270e-01 1.000000000000000000e+00 8.392156862745098200e-01 9.019138755980861122e-01
7.015873015873015373e-01 5.684210526315789380e-01 5.046728971962616273e-01 5.346534653465346842e-01 6.537787562904384675e-01
5.269841269841269993e-01 0.000000000000000000e+00 0.000000000000000000e+00 0.000000000000000000e+00 3.990384615384615641e-01
5.401929260450161197e-01 5.000000000000000278e-02 1.869158878504672758e-02 2.721088435374149211e-02 4.162085394905625790e-01
5.500000000000000444e-01 1.509433962264150886e-01 7.476635514018691031e-02 9.999999999999999167e-02 4.317493747531920834e-01
5.384615384615384359e-01 0.000000000000000000e+00 0.000000000000000000e+00 0.000000000000000000e+00 4.097560975609756406e-01
5.217391304347825942e-01 0.000000000000000000e+00 0.000000000000000000e+00 0.000000000000000000e+00 3.906976744186046457e-01
5.217391304347825942e-01 0.000000000000000000e+00 0.000000000000000000e+00 0.000000000000000000e+00 3.906976744186046457e-01
6.602564102564102422e-01 5.066666666666667096e-01 3.551401869158878344e-01 4.175824175824175977e-01 5.873261910189195856e-01
8.666666666666666963e-01 7.181208053691274795e-01 1.000000000000000000e+00 8.359375000000000000e-01 8.990384615384615641e-01
5.217391304347825942e-01 0.000000000000000000e+00 0.000000000000000000e+00 0.000000000000000000e+00 3.906976744186046457e-01
5.235109717868338119e-01 0.000000000000000000e+00 0.000000000000000000e+00 0.000000000000000000e+00 3.938679245283018826e-01
5.327102803738317238e-01 6.122448979591836593e-02 2.803738317757009310e-02 3.846153846153846367e-02 4.065420560747662893e-01
5.916398713826366285e-01 3.148148148148148251e-01 1.588785046728971861e-01 2.111801242236024945e-01 4.887529778266446190e-01
5.217391304347825942e-01 0.000000000000000000e+00 0.000000000000000000e+00 0.000000000000000000e+00 3.906976744186046457e-01
8.675078864353312769e-01 7.181208053691274795e-01 1.000000000000000000e+00 8.359375000000000000e-01 9.000000000000000222e-01
8.645161290322580516e-01 7.407407407407406996e-01 9.345794392523364413e-01 8.264462809917355601e-01 8.810828230744440770e-01
