5.217391304347825942e-01 0.000000000000000000e+00 0.000000000000000000e+00 0.000000000000000000e+00 3.906976744186046457e-01
5.217391304347825942e-01 0.000000000000000000e+00 0.000000000000000000e+00 0.000000000000000000e+00 3.906976744186046457e-01
5.217391304347825942e-01 0.000000000000000000e+00 0.000000000000000000e+00 0.000000000000000000e+00 3.906976744186046457e-01
8.814102564102563875e-01 7.430555555555555802e-01 1.000000000000000000e+00 8.525896414342629681e-01 9.097560975609756406e-01
8.218750000000000222e-01 6.785714285714286031e-01 8.878504672897196137e-01 7.692307692307692735e-01 8.382914308279584281e-01
8.702531645569620000e-01 7.229729729729730270e-01 1.000000000000000000e+00 8.392156862745098200e-01 9.019138755980861122e-01
9.136212624584717501e-01 8.045112781954887327e-01 1.000000000000000000e+00 8.916666666666667185e-01 9.329896907216495006e-01
6.763754045307442953e-01 5.443037974683544444e-01 4.018691588785046620e-01 4.623655913978494958e-01 6.118256685481632262e-01
5.217391304347825942e-01 0.000000000000000000e+00 0.000000000000000000e+00 0.000000000000000000e+00 3.906976744186046457e-01
6.905537459283387358e-01 5.714285714285713969e-01 4.485981308411214896e-01 5.026178010471203939e-01 6.342990654205608037e-01
5.217391304347825942e-01 0.000000000000000000e+00 0.000000000000000000e+00 0.000000000000000000e+00 3.906976744186046457e-01
8.593750000000000000e-01 7.039473684210526550e-01 1.000000000000000000e+00 8.262548262548262690e-01 8.943661971830986213e-01
5.217391304347825942e-01 0.000000000000000000e+00 0.000000000000000000e+00 0.000000000000000000e+00 3.906976744186046457e-01
5.217391304347825942e-01 0.000000000000000000e+00 0.000000000000000000e+00 0.000000000000000000e+00 3.906976744186046457e-01
8.647798742138365080e-01 7.133333333333333748e-01 1.000000000000000000e+00 8.326848249027237747e-01 8.981042654028436045e-01
5.217391304347825942e-01 0.000000000000000000e+00 0.000000000000000000e+00 0.000000000000000000e+00 3.906976744186046457e-01
8.566978193146417286e-01 6.993464052287581278e-01 1.000000000000000000e+00 8.230769230769230393e-01 8.925233644859812410e-01
8.785942492012779326e-01 7.379310344827586521e-01 1.000000000000000000e+00 8.492063492063492980e-01 9.077669902912620659e-01
5.250000000000000222e-01 0.000000000000000000e+00 0.000000000000000000e+00 0.000000000000000000e+00 3.943661971830986213e-01
5.217391304347825942e-01 0.000000000000000000e+00 0.000000000000000000e+00 0.000000000000000000e+00 3.906976744186046457e-01
5.434083601286173737e-01 2.702702702702702853e-02 9.345794392523363789e-03 1.388888888888888638e-02 4.164376030786145488e-01
8.593750000000000000e-01 7.039473684210526550e-01 1.000000000000000000e+00 8.262548262548262690e-01 8.943661971830986213e-01
5.217391304347825942e-01 0.000000000000000000e+00 0.000000000000000000e+00 0.000000000000000000e+00 3.906976744186046457e-01
5.217391304347825942e-01 0.000000000000000000e+00 0.000000000000000000e+00 0.000000000000000000e+00 3.906976744186046457e-01
5.217391304347825942e-01 0.000000000000000000e+00 0.000000000000000000e+00 0.000000000000000000e+00 3.906976744186046457e-01
8.647798742138365080e-01 7.133333333333333748e-01 1.000000000000000000e+00 8.326848249027237747e-01 8.981042654028436045e-01
6.847133757961783029e-01 5.444444444444443976e-01 4.579439252336448551e-01 4.974619289340100892e-01 6.299381461917016312e-01
5.290322580645161477e-01 0.000000000000000000e+00 0.000000000000000000e+00 0.000000000000000000e+00 4.039408866995073955e-01
5.309446254071661375e-01 2.564102564102564014e-02 9.345794392523363789e-03 1.369863013698630061e-02 4.096728971962616539e-01
5.493421052631578538e-01 3.125000000000000000e-02 9.345794392523363789e-03 1.438848920863309254e-02 4.259926941505763343e-01
5.352564102564102422e-01 0.000000000000000000e+00 0.000000000000000000e+00 0.000000000000000000e+00 4.073170731707317360e-01
8.928571428571429047e-01 7.642857142857142350e-01 1.000000000000000000e+00 8.663967611336031993e-01 9.179104477611940149e-01
5.217391304347825942e-01 0.000000000000000000e+00 0.000000000000000000e+00 0.000000000000000000e+00 3.906976744186046457e-01
7.831715210355987278e-01 6.785714285714286031e-01 7.102803738317756688e-01 6.940639269406393419e-01 7.660312760247988129e-01
8.540372670807453437e-01 6.948051948051947591e-01 1.000000000000000000e+00 8.199233716475095024e-01 8.906976744186045902e-01
8.593750000000000000e-01 7.039473684210526550e-01 1.000000000000000000e+00 8.262548262548262690e-01 8.943661971830986213e-01
6.993670886075948889e-01 5.638297872340425343e-01 4.953271028037383172e-01 5.273631840796020320e-01 6.495774269999552430e-01
