5.305466237942122465e-01 0.000000000000000000e+00 0.000000000000000000e+00 0.000000000000000000e+00 4.044117647058823595e-01
8.566978193146417286e-01 6.993464052287581278e-01 1.000000000000000000e+00 8.230769230769230393e-01 8.925233644859812410e-01
6.437500000000000444e-01 4.578313253012047945e-01 3.551401869158878344e-01 3.999999999999999667e-01 5.719362906410425662e-01
5.635179153094462823e-01 2.000000000000000111e-01 8.411214953271027583e-02 1.184210526315789408e-01 4.520560747663551204e-01
5.239616613418530688e-01 0.000000000000000000e+00 0.000000000000000000e+00 0.000000000000000000e+00 3.980582524271844558e-01
5.392156862745097756e-01 5.263157894736841813e-02 1.869158878504672758e-02 2.758620689655172376e-02 4.188935330859906991e-01
5.251572327044025101e-01 0.000000000000000000e+00 0.000000000000000000e+00 0.000000000000000000e+00 3.957345971563981379e-01
5.269841269841269993e-01 0.000000000000000000e+00 0.000000000000000000e+00 0.000000000000000000e+00 3.990384615384615641e-01
8.928571428571429047e-01 7.642857142857142350e-01 1.000000000000000000e+00 8.663967611336031993e-01 9.179104477611940149e-01
8.566978193146417286e-01 6.993464052287581278e-01 1.000000000000000000e+00 8.230769230769230393e-01 8.925233644859812410e-01
8.702531645569620000e-01 7.229729729729730270e-01 1.000000000000000000e+00 8.392156862745098200e-01 9.019138755980861122e-01
8.566978193146417286e-01 6.993464052287581278e-01 1.000000000000000000e+00 8.230769230769230393e-01 8.925233644859812410e-01
5.566343042071197900e-01 1.428571428571428492e-01 5.607476635514018620e-02 8.053691275167784713e-02 4.389284722864810195e-01
5.269841269841269993e-01 0.000000000000000000e+00 0.000000000000000000e+00 0.000000000000000000e+00 3.990384615384615641e-01
8.566978193146417286e-01 6.993464052287581278e-01 1.000000000000000000e+00 8.230769230769230393e-01 8.925233644859812410e-01
5.387096774193548265e-01 2.631578947368420907e-02 9.345794392523363789e-03 1.379310344827586188e-02 4.135398922701532531e-01
5.217391304347825942e-01 0.000000000000000000e+00 0.000000000000000000e+00 0.000000000000000000e+00 3.906976744186046457e-01
5.269841269841269993e-01 0.000000000000000000e+00 0.000000000000000000e+00 0.000000000000000000e+00 3.990384615384615641e-01
5.448504983388704481e-01 0.000000000000000000e+00 0.000000000000000000e+00 0.000000000000000000e+00 4.226804123711340178e-01
8.620689655172413257e-01 7.086092715231787631e-01 1.000000000000000000e+00 8.294573643410853014e-01 8.962264150943396457e-01
8.566978193146417286e-01 6.993464052287581278e-01 1.000000000000000000e+00 8.230769230769230393e-01 8.925233644859812410e-01
5.217391304347825942e-01 0.000000000000000000e+00 0.000000000000000000e+00 0.000000000000000000e+00 3.906976744186046457e-01
5.667752442996742968e-01 2.291666666666666574e-01 1.028037383177570069e-01 1.419354838709677435e-01 4.589018691588784282e-01
8.675078864353312769e-01 7.181208053691274795e-01 1.000000000000000000e+00 8.359375000000000000e-01 9.000000000000000222e-01
5.269841269841269993e-01 0.000000000000000000e+00 0.000000000000000000e+00 0.000000000000000000e+00 3.990384615384615641e-01
8.566978193146417286e-01 6.993464052287581278e-01 1.000000000000000000e+00 8.230769230769230393e-01 8.925233644859812410e-01
5.217391304347825942e-01 0.000000000000000000e+00 0.000000000000000000e+00 0.000000000000000000e+00 3.906976744186046457e-01
5.217391304347825942e-01 0.000000000000000000e+00 0.000000000000000000e+00 0.000000000000000000e+00 3.906976744186046457e-01
5.217391304347825942e-01 0.000000000000000000e+00 0.000000000000000000e+00 0.000000000000000000e+00 3.906976744186046457e-01
5.217391304347825942e-01 0.000000000000000000e+00 0.000000000000000000e+00 0.000000000000000000e+00 3.906976744186046457e-01
5.217391304347825942e-01 0.000000000000000000e+00 0.000000000000000000e+00 0.000000000000000000e+00 3.906976744186046457e-01
5.337620578778135005e-01 0.000000000000000000e+00 0.000000000000000000e+00 0.000000000000000000e+00 4.068627450980392135e-01
8.566978193146417286e-01 6.993464052287581278e-01 1.000000000000000000e+00 8.230769230769230393e-01 8.925233644859812410e-01
5.301587301587301626e-01 2.325581395348837177e-02 9.345794392523363789e-03 1.333333333333333245e-02 4.037113587347231913e-01
6.891025641025640969e-01 5.581395348837209225e-01 4.485981308411214896e-01 4.974093264248705126e-01 6.316161385912925086e-01
5.392156862745097756e-01 2.777777777777777624e-02 9.345794392523363789e-03 1.398601398601398600e-02 4.167331987037993235e-01
5.416666666666666297e-01 2.631578947368420907e-02 9.345794392523363789e-03 1.379310344827586188e-02 4.144289947572372679e-01
