8.984126984126984405e-01 7.697841726618704916e-01 1.000000000000000000e+00 8.699186991869918284e-01 9.230769230769231282e-01
5.821917808219178037e-01 1.739130434782608647e-01 3.738317757009345516e-02 6.153846153846152800e-02 4.673402374336953491e-01
8.899371069182390181e-01 7.535211267605633756e-01 1.000000000000000000e+00 8.594377510040159818e-01 9.170616113744075593e-01
5.465838509316770510e-01 0.000000000000000000e+00 0.000000000000000000e+00 0.000000000000000000e+00 4.093023255813953432e-01
5.583596214511040712e-01 2.857142857142857054e-02 9.345794392523363789e-03 1.408450704225351971e-02 4.237205162438806849e-01
5.667752442996742968e-01 3.571428571428571230e-02 9.345794392523363789e-03 1.481481481481481191e-02 4.371728971962616228e-01
5.635179153094462823e-01 1.142857142857142821e-01 3.738317757009345516e-02 5.633802816901407884e-02 4.411915887850467177e-01
5.478547854785478233e-01 3.125000000000000000e-02 9.345794392523363789e-03 1.438848920863309254e-02 4.255912645432003982e-01
6.034482758620689502e-01 1.666666666666666574e-01 1.869158878504672758e-02 3.361344537815125905e-02 4.820233900209386912e-01
6.602564102564102422e-01 5.084745762711864181e-01 2.803738317757009102e-01 3.614457831325301185e-01 5.694552085707772493e-01
5.465838509316770510e-01 0.000000000000000000e+00 0.000000000000000000e+00 0.000000000000000000e+00 4.093023255813953432e-01
5.544871794871795156e-01 0.000000000000000000e+00 0.000000000000000000e+00 0.000000000000000000e+00 4.219512195121951081e-01
8.685897435897436125e-01 7.578125000000000000e-01 9.065420560747663448e-01 8.255319148936169915e-01 8.776612719398221296e-01
7.380191693290735211e-01 6.404494382022472010e-01 5.327102803738317238e-01 5.816326530612244694e-01 6.886852372742945372e-01
5.487012987012986898e-01 0.000000000000000000e+00 0.000000000000000000e+00 0.000000000000000000e+00 4.203980099502487855e-01
9.218241042345276526e-01 8.167938931297710203e-01 1.000000000000000000e+00 8.991596638655461327e-01 9.399999999999999467e-01
6.193548387096774466e-01 3.777777777777777679e-01 1.588785046728971861e-01 2.236842105263157632e-01 5.104737350950692143e-01
6.730158730158730673e-01 5.277777777777777901e-01 3.551401869158878344e-01 4.245810055865922306e-01 5.958393242271746715e-01
6.442307692307692735e-01 4.666666666666666741e-01 2.616822429906541791e-01 3.353293413173652482e-01 5.527923410075221700e-01
5.673076923076922906e-01 3.333333333333333287e-02 9.345794392523363789e-03 1.459854014598539924e-02 4.339411898791884492e-01
8.871473354231974584e-01 7.482517482517482277e-01 1.000000000000000000e+00 8.559999999999999831e-01 9.150943396226415283e-01
5.654952076677316475e-01 6.060606060606060774e-02 1.869158878504672758e-02 2.857142857142856707e-02 4.341030759459214572e-01
5.559105431309904199e-01 0.000000000000000000e+00 0.000000000000000000e+00 0.000000000000000000e+00 4.223300970873786753e-01
6.225806451612903025e-01 3.863636363636363535e-01 1.588785046728971861e-01 2.251655629139072690e-01 5.129367892822613850e-01
7.380191693290735211e-01 6.404494382022472010e-01 5.327102803738317238e-01 5.816326530612244694e-01 6.886852372742945372e-01
5.487012987012986898e-01 0.000000000000000000e+00 0.000000000000000000e+00 0.000000000000000000e+00 4.203980099502487855e-01
5.500000000000000444e-01 0.000000000000000000e+00 0.000000000000000000e+00 0.000000000000000000e+00 4.131455399061032541e-01
5.465838509316770510e-01 0.000000000000000000e+00 0.000000000000000000e+00 0.000000000000000000e+00 4.093023255813953432e-01
5.615141955835961651e-01 5.555555555555555247e-02 1.869158878504672758e-02 2.797202797202797200e-02 4.283934134401424232e-01
8.849840255591053806e-01 7.629629629629629539e-01 9.626168224299065379e-01 8.512396694214875437e-01 9.036385083023319442e-01
5.465838509316770510e-01 0.000000000000000000e+00 0.000000000000000000e+00 0.000000000000000000e+00 4.093023255813953432e-01
5.584415584415584055e-01 3.225806451612903136e-02 9.345794392523363789e-03 1.449275362318840250e-02 4.300460315246198428e-01
5.619047619047619069e-01 3.030303030303030387e-02 9.345794392523363789e-03 1.428571428571428353e-02 4.277498202731846999e-01
6.012658227848101111e-01 2.978723404255319007e-01 1.308411214953270896e-01 1.818181818181817955e-01 4.864731923266108482e-01
5.454545454545454142e-01 0.000000000000000000e+00 0.000000000000000000e+00 0.000000000000000000e+00 4.103773584905660576e-01
9.041533546325878357e-01 7.810218978102190235e-01 1.000000000000000000e+00 8.770491803278688270e-01 9.271844660194175081e-01
6.464968152866241713e-01 4.687500000000000000e-01 2.803738317757009102e-01 3.508771929824561209e-01 5.580613120231161517e-01
