5.465838509316770510e-01 0.000000000000000000e+00 0.000000000000000000e+00 0.000000000000000000e+00 4.093023255813953432e-01
5.465838509316770510e-01 0.000000000000000000e+00 0.000000000000000000e+00 0.000000000000000000e+00 4.093023255813953432e-01
5.770491803278688936e-01 4.166666666666666435e-02 9.345794392523363789e-03 1.526717557251908164e-02 4.465920891154535610e-01
9.093851132686083805e-01 7.925925925925926263e-01 1.000000000000000000e+00 8.842975206611569661e-01 9.306930693069306315e-01
9.278688524590164022e-01 8.294573643410853014e-01 1.000000000000000000e+00 9.067796610169490679e-01 9.444444444444444198e-01
9.070512820512820484e-01 7.867647058823529216e-01 1.000000000000000000e+00 8.806584362139917577e-01 9.292682926829267664e-01
9.218241042345276526e-01 8.167938931297710203e-01 1.000000000000000000e+00 8.991596638655461327e-01 9.399999999999999467e-01
7.124600638977636180e-01 6.024096385542169196e-01 4.672897196261682207e-01 5.263157894736841813e-01 6.535477724344432859e-01
5.465838509316770510e-01 0.000000000000000000e+00 0.000000000000000000e+00 0.000000000000000000e+00 4.093023255813953432e-01
6.563573883161512024e-01 5.777777777777777235e-01 2.429906542056074759e-01 3.421052631578946901e-01 5.698648923201951044e-01
5.465838509316770510e-01 0.000000000000000000e+00 0.000000000000000000e+00 0.000000000000000000e+00 4.093023255813953432e-01
9.041533546325878357e-01 7.810218978102190235e-01 1.000000000000000000e+00 8.770491803278688270e-01 9.271844660194175081e-01
5.454545454545454142e-01 0.000000000000000000e+00 0.000000000000000000e+00 0.000000000000000000e+00 4.103773584905660576e-01
5.506329113924051111e-01 0.000000000000000000e+00 0.000000000000000000e+00 0.000000000000000000e+00 4.162679425837320646e-01
9.070512820512820484e-01 7.867647058823529216e-01 1.000000000000000000e+00 8.806584362139917577e-01 9.292682926829267664e-01
5.540983606557376984e-01 3.225806451612903136e-02 9.345794392523363789e-03 1.449275362318840250e-02 4.289153214386859370e-01
8.843750000000000222e-01 7.430555555555555802e-01 1.000000000000000000e+00 8.525896414342629681e-01 9.131455399061032541e-01
9.129032258064516681e-01 7.985074626865671377e-01 1.000000000000000000e+00 8.879668049792530660e-01 9.334975369458128336e-01
5.562913907284767756e-01 3.448275862068965469e-02 9.345794392523363789e-03 1.470588235294117453e-02 4.328780254013898654e-01
5.482866043613706664e-01 0.000000000000000000e+00 0.000000000000000000e+00 0.000000000000000000e+00 4.112149532710280275e-01
5.732899022801303257e-01 1.842105263157894635e-01 6.542056074766354479e-02 9.655172413793101927e-02 4.552102803738317105e-01
8.899371069182390181e-01 7.535211267605633756e-01 1.000000000000000000e+00 8.594377510040159818e-01 9.170616113744075593e-01
5.465838509316770510e-01 0.000000000000000000e+00 0.000000000000000000e+00 0.000000000000000000e+00 4.093023255813953432e-01
5.587301587301587436e-01 2.941176470588235253e-02 9.345794392523363789e-03 1.418439716312056530e-02 4.253459741193385546e-01
5.506329113924051111e-01 0.000000000000000000e+00 0.000000000000000000e+00 0.000000000000000000e+00 4.162679425837320646e-01
9.070512820512820484e-01 7.867647058823529216e-01 1.000000000000000000e+00 8.806584362139917577e-01 9.292682926829267664e-01
5.654952076677316475e-01 6.060606060606060774e-02 1.869158878504672758e-02 2.857142857142856707e-02 4.341030759459214572e-01
5.598705501618123082e-01 6.060606060606060774e-02 1.869158878504672758e-02 2.857142857142856707e-02 4.326131211251966202e-01
5.580645161290322953e-01 0.000000000000000000e+00 0.000000000000000000e+00 0.000000000000000000e+00 4.261083743842364324e-01
5.495207667731629719e-01 0.000000000000000000e+00 0.000000000000000000e+00 0.000000000000000000e+00 4.174757281553397870e-01
5.577557755775577331e-01 3.448275862068965469e-02 9.345794392523363789e-03 1.470588235294117453e-02 4.332443257676902304e-01
9.278688524590164022e-01 8.294573643410853014e-01 1.000000000000000000e+00 9.067796610169490679e-01 9.444444444444444198e-01
5.451505016722407726e-01 3.225806451612903136e-02 9.345794392523363789e-03 1.449275362318840250e-02 4.265478971962616273e-01
8.065573770491802907e-01 7.448979591836735192e-01 6.822429906542055722e-01 7.121951219512194786e-01 7.779901821957896368e-01
8.816199376947040367e-01 7.379310344827586521e-01 1.000000000000000000e+00 8.492063492063492980e-01 9.112149532710279720e-01
8.871473354231974584e-01 7.482517482517482277e-01 1.000000000000000000e+00 8.559999999999999831e-01 9.150943396226415283e-01
6.711409395973154668e-01 5.762711864406779849e-01 3.177570093457943723e-01 4.096385542168674010e-01 5.934334784948868124e-01
