5.536912751677852684e-01 3.571428571428571230e-02 9.345794392523363789e-03 1.481481481481481191e-02 4.339922689240103271e-01
8.843750000000000222e-01 7.430555555555555802e-01 1.000000000000000000e+00 8.525896414342629681e-01 9.131455399061032541e-01
8.361204013377926403e-01 8.085106382978722861e-01 7.102803738317756688e-01 7.562189054726367043e-01 8.082651869158878899e-01
6.072607260726072820e-01 3.235294117647058987e-01 1.028037383177570069e-01 1.560283687943262443e-01 4.927283997711233710e-01
5.465838509316770510e-01 0.000000000000000000e+00 0.000000000000000000e+00 0.000000000000000000e+00 4.093023255813953432e-01
5.762711864406779849e-01 9.090909090909091161e-02 1.869158878504672758e-02 3.100775193798449222e-02 4.561543050308212166e-01
5.601265822784810000e-01 2.941176470588235253e-02 9.345794392523363789e-03 1.418439716312056530e-02 4.257255287752089723e-01
5.533980582524271608e-01 0.000000000000000000e+00 0.000000000000000000e+00 0.000000000000000000e+00 4.232673267326732547e-01
9.278688524590164022e-01 8.294573643410853014e-01 1.000000000000000000e+00 9.067796610169490679e-01 9.444444444444444198e-01
9.035369774919613794e-01 7.810218978102190235e-01 1.000000000000000000e+00 8.770491803278688270e-01 9.264705882352940458e-01
8.279220779220779480e-01 7.547169811320755262e-01 7.476635514018691309e-01 7.511737089201878659e-01 8.091551587855116967e-01
9.218241042345276526e-01 8.167938931297710203e-01 1.000000000000000000e+00 8.991596638655461327e-01 9.399999999999999467e-01
6.687898089171974148e-01 5.211267605633802535e-01 3.457943925233644689e-01 4.157303370786517016e-01 5.907715923969478755e-01
5.600000000000000533e-01 3.703703703703703498e-02 9.345794392523363789e-03 1.492537313432835792e-02 4.373153842428937343e-01
8.899371069182390181e-01 7.535211267605633756e-01 1.000000000000000000e+00 8.594377510040159818e-01 9.170616113744075593e-01
5.569620253164556667e-01 2.857142857142857054e-02 9.345794392523363789e-03 1.408450704225351971e-02 4.233331842776013598e-01
5.465838509316770510e-01 0.000000000000000000e+00 0.000000000000000000e+00 0.000000000000000000e+00 4.093023255813953432e-01
5.623003194888178680e-01 5.882352941176470507e-02 1.869158878504672758e-02 2.836879432624113059e-02 4.316758914799020408e-01
5.704918032786885362e-01 1.000000000000000056e-01 2.803738317757009310e-02 4.379562043795620641e-02 4.458368734069668160e-01
9.218241042345276526e-01 8.167938931297710203e-01 1.000000000000000000e+00 8.991596638655461327e-01 9.399999999999999467e-01
9.123376623376623362e-01 7.985074626865671377e-01 1.000000000000000000e+00 8.879668049792530660e-01 9.328358208955224162e-01
5.465838509316770510e-01 0.000000000000000000e+00 0.000000000000000000e+00 0.000000000000000000e+00 4.093023255813953432e-01
5.431309904153354129e-01 2.631578947368420907e-02 9.345794392523363789e-03 1.379310344827586188e-02 4.148670719535431650e-01
9.188311688311687764e-01 8.106060606060605522e-01 1.000000000000000000e+00 8.953974895397489586e-01 9.378109452736318463e-01
5.600000000000000533e-01 3.703703703703703498e-02 9.345794392523363789e-03 1.492537313432835792e-02 4.373153842428937343e-01
8.899371069182390181e-01 7.535211267605633756e-01 1.000000000000000000e+00 8.594377510040159818e-01 9.170616113744075593e-01
5.487012987012986898e-01 2.941176470588235253e-02 9.345794392523363789e-03 1.418439716312056530e-02 4.225833449574556977e-01
5.487012987012986898e-01 0.000000000000000000e+00 0.000000000000000000e+00 0.000000000000000000e+00 4.203980099502487855e-01
5.487012987012986898e-01 0.000000000000000000e+00 0.000000000000000000e+00 0.000000000000000000e+00 4.203980099502487855e-01
5.580645161290322953e-01 3.125000000000000000e-02 9.345794392523363789e-03 1.438848920863309254e-02 4.283182173933060000e-01
5.566037735849056478e-01 2.777777777777777624e-02 9.345794392523363789e-03 1.398601398601398600e-02 4.217345085706691865e-01
5.580645161290322953e-01 3.125000000000000000e-02 9.345794392523363789e-03 1.438848920863309254e-02 4.283182173933060000e-01
8.927444794952681395e-01 7.588652482269503396e-01 1.000000000000000000e+00 8.629032258064516236e-01 9.190476190476191132e-01
5.833333333333333703e-01 5.000000000000000278e-02 9.345794392523363789e-03 1.574803149606298844e-02 4.554500992688004790e-01
5.929487179487179516e-01 2.368421052631578816e-01 8.411214953271027583e-02 1.241379310344827569e-01 4.713243674492819113e-01
5.548387096774193283e-01 0.000000000000000000e+00 0.000000000000000000e+00 0.000000000000000000e+00 4.236453201970443172e-01
5.566666666666666430e-01 0.000000000000000000e+00 0.000000000000000000e+00 0.000000000000000000e+00 4.326424870466321071e-01
