6.709677419354839190e-01 6.086956521739130821e-01 1.308411214953270896e-01 2.153846153846153411e-01 5.432530730629344662e-01
9.596273291925465632e-01 8.916666666666667185e-01 1.000000000000000000e+00 9.427312775330397576e-01 9.697674418604650404e-01
9.626168224299065379e-01 8.991596638655462437e-01 1.000000000000000000e+00 9.469026548672566657e-01 9.719626168224299034e-01
9.656249999999999556e-01 9.067796610169491789e-01 1.000000000000000000e+00 9.511111111111111294e-01 9.741784037558686160e-01
9.596273291925465632e-01 8.916666666666667185e-01 1.000000000000000000e+00 9.427312775330397576e-01 9.697674418604650404e-01
9.656249999999999556e-01 9.067796610169491789e-01 1.000000000000000000e+00 9.511111111111111294e-01 9.741784037558686160e-01
9.622641509433962348e-01 9.203539823008849430e-01 9.719626168224299034e-01 9.454545454545454364e-01 9.646542941932055859e-01
9.596273291925465632e-01 8.916666666666667185e-01 1.000000000000000000e+00 9.427312775330397576e-01 9.697674418604650404e-01
9.247648902821317130e-01 9.029126213592233441e-01 8.691588785046728827e-01 8.857142857142857872e-01 9.109945335919591436e-01
9.596273291925465632e-01 8.916666666666667185e-01 1.000000000000000000e+00 9.427312775330397576e-01 9.697674418604650404e-01
8.681672025723472519e-01 8.928571428571429047e-01 7.009345794392523032e-01 7.853403141361255946e-01 8.284084661902144653e-01
9.626168224299065379e-01 8.991596638655462437e-01 1.000000000000000000e+00 9.469026548672566657e-01 9.719626168224299034e-01
9.656249999999999556e-01 9.067796610169491789e-01 1.000000000000000000e+00 9.511111111111111294e-01 9.741784037558686160e-01
9.626168224299065379e-01 8.991596638655462437e-01 1.000000000000000000e+00 9.469026548672566657e-01 9.719626168224299034e-01
9.596273291925465632e-01 8.916666666666667185e-01 1.000000000000000000e+00 9.427312775330397576e-01 9.697674418604650404e-01
8.485804416403786021e-01 8.933333333333333126e-01 6.261682242990653791e-01 7.362637362637362015e-01 7.940364931019137096e-01
9.596273291925465632e-01 8.916666666666667185e-01 1.000000000000000000e+00 9.427312775330397576e-01 9.697674418604650404e-01
9.596273291925465632e-01 8.916666666666667185e-01 1.000000000000000000e+00 9.427312775330397576e-01 9.697674418604650404e-01
9.596273291925465632e-01 8.916666666666667185e-01 1.000000000000000000e+00 9.427312775330397576e-01 9.697674418604650404e-01
6.166134185303514537e-01 0.000000000000000000e+00 0.000000000000000000e+00 0.000000000000000000e+00 4.684466019417475868e-01
6.843749999999999556e-01 6.071428571428570953e-01 1.588785046728971861e-01 2.518518518518518268e-01 5.536176560923170564e-01
8.244514106583071822e-01 8.493150684931506378e-01 5.794392523364485514e-01 6.888888888888887729e-01 7.637762299418091594e-01
9.626168224299065379e-01 8.991596638655462437e-01 1.000000000000000000e+00 9.469026548672566657e-01 9.719626168224299034e-01
9.596273291925465632e-01 8.916666666666667185e-01 1.000000000000000000e+00 9.427312775330397576e-01 9.697674418604650404e-01
9.626168224299065379e-01 8.991596638655462437e-01 1.000000000000000000e+00 9.469026548672566657e-01 9.719626168224299034e-01
9.596273291925465632e-01 8.916666666666667185e-01 1.000000000000000000e+00 9.427312775330397576e-01 9.697674418604650404e-01
9.596273291925465632e-01 8.916666666666667185e-01 1.000000000000000000e+00 9.427312775330397576e-01 9.697674418604650404e-01
9.626168224299065379e-01 8.991596638655462437e-01 1.000000000000000000e+00 9.469026548672566657e-01 9.719626168224299034e-01
9.716981132075471761e-01 9.224137931034482873e-01 1.000000000000000000e+00 9.596412556053811604e-01 9.786729857819905787e-01
9.127725856697819218e-01 8.761904761904761862e-01 8.598130841121495171e-01 8.679245283018867108e-01 8.995327102803738484e-01
9.686520376175548064e-01 9.145299145299145005e-01 1.000000000000000000e+00 9.553571428571429047e-01 9.764150943396227023e-01
9.626168224299065379e-01 8.991596638655462437e-01 1.000000000000000000e+00 9.469026548672566657e-01 9.719626168224299034e-01
9.596273291925465632e-01 8.916666666666667185e-01 1.000000000000000000e+00 9.427312775330397576e-01 9.697674418604650404e-01
9.596273291925465632e-01 8.916666666666667185e-01 1.000000000000000000e+00 9.427312775330397576e-01 9.697674418604650404e-01
9.596273291925465632e-01 8.916666666666667185e-01 1.000000000000000000e+00 9.427312775330397576e-01 9.697674418604650404e-01
9.596273291925465632e-01 8.916666666666667185e-01 1.000000000000000000e+00 9.427312775330397576e-01 9.697674418604650404e-01
9.656249999999999556e-01 9.067796610169491789e-01 1.000000000000000000e+00 9.511111111111111294e-01 9.741784037558686160e-01
