9.656249999999999556e-01 9.067796610169491789e-01 1.000000000000000000e+00 9.511111111111111294e-01 9.741784037558686160e-01
9.596273291925465632e-01 8.916666666666667185e-01 1.000000000000000000e+00 9.427312775330397576e-01 9.697674418604650404e-01
9.596273291925465632e-01 8.916666666666667185e-01 1.000000000000000000e+00 9.427312775330397576e-01 9.697674418604650404e-01
9.626168224299065379e-01 8.991596638655462437e-01 1.000000000000000000e+00 9.469026548672566657e-01 9.719626168224299034e-01
7.975077881619937470e-01 8.088235294117647189e-01 5.140186915887849928e-01 6.285714285714285587e-01 7.266355140186915307e-01
9.626168224299065379e-01 8.991596638655462437e-01 1.000000000000000000e+00 9.469026548672566657e-01 9.719626168224299034e-01
8.432601880877742540e-01 8.701298701298700866e-01 6.261682242990653791e-01 7.282608695652172948e-01 7.894992064891553918e-01
9.596273291925465632e-01 8.916666666666667185e-01 1.000000000000000000e+00 9.427312775330397576e-01 9.697674418604650404e-01
9.596273291925465632e-01 8.916666666666667185e-01 1.000000000000000000e+00 9.427312775330397576e-01 9.697674418604650404e-01
9.596273291925465632e-01 8.916666666666667185e-01 1.000000000000000000e+00 9.427312775330397576e-01 9.697674418604650404e-01
8.164556962025316666e-01 8.769230769230769162e-01 5.327102803738317238e-01 6.627906976744185608e-01 7.472163842060546290e-01
9.596273291925465632e-01 8.916666666666667185e-01 1.000000000000000000e+00 9.427312775330397576e-01 9.697674418604650404e-01
9.656249999999999556e-01 9.067796610169491789e-01 1.000000000000000000e+00 9.511111111111111294e-01 9.741784037558686160e-01
9.623824451410658565e-01 8.991596638655462437e-01 1.000000000000000000e+00 9.469026548672566657e-01 9.716981132075471761e-01
9.596273291925465632e-01 8.916666666666667185e-01 1.000000000000000000e+00 9.427312775330397576e-01 9.697674418604650404e-01
7.216828478964401050e-01 8.387096774193548709e-01 2.429906542056074759e-01 3.768115942028985588e-01 6.091190894790413646e-01
6.863354037267080932e-01 5.937500000000000000e-01 1.775700934579439172e-01 2.733812949640287981e-01 5.585524885894369573e-01
8.285714285714286254e-01 8.955223880597015240e-01 5.607476635514018204e-01 6.896551724137931494e-01 7.635469086987778375e-01
6.832298136645962305e-01 5.806451612903226200e-01 1.682242990654205517e-01 2.608695652173912971e-01 5.538795913931754411e-01
9.747634069400631374e-01 9.304347826086956097e-01 1.000000000000000000e+00 9.639639639639638879e-01 9.809523809523810201e-01
7.327044025157232188e-01 7.750000000000000222e-01 2.897196261682242757e-01 4.217687074829931659e-01 6.235327988661026888e-01
9.656249999999999556e-01 9.067796610169491789e-01 1.000000000000000000e+00 9.511111111111111294e-01 9.741784037558686160e-01
9.596273291925465632e-01 8.916666666666667185e-01 1.000000000000000000e+00 9.427312775330397576e-01 9.697674418604650404e-01
9.626168224299065379e-01 8.991596638655462437e-01 1.000000000000000000e+00 9.469026548672566657e-01 9.719626168224299034e-01
9.623824451410658565e-01 8.991596638655462437e-01 1.000000000000000000e+00 9.469026548672566657e-01 9.716981132075471761e-01
9.596273291925465632e-01 8.916666666666667185e-01 1.000000000000000000e+00 9.427312775330397576e-01 9.697674418604650404e-01
6.699029126213592589e-01 6.315789473684210176e-01 1.121495327102803724e-01 1.904761904761904934e-01 5.387480336818728510e-01
7.160883280757097680e-01 7.428571428571428825e-01 2.429906542056074759e-01 3.661971830985915055e-01 6.000667556742322883e-01
9.596273291925465632e-01 8.916666666666667185e-01 1.000000000000000000e+00 9.427312775330397576e-01 9.697674418604650404e-01
6.478405315614618187e-01 5.294117647058823595e-01 8.411214953271027583e-02 1.451612903225806273e-01 5.214375180653241237e-01
9.196141479099678717e-01 8.867924528301887044e-01 8.785046728971962482e-01 8.826291079812206286e-01 9.098405717427157091e-01
9.716981132075471761e-01 9.224137931034482873e-01 1.000000000000000000e+00 9.596412556053811604e-01 9.786729857819905787e-01
9.596273291925465632e-01 8.916666666666667185e-01 1.000000000000000000e+00 9.427312775330397576e-01 9.697674418604650404e-01
9.596273291925465632e-01 8.916666666666667185e-01 1.000000000000000000e+00 9.427312775330397576e-01 9.697674418604650404e-01
8.679245283018868218e-01 8.915662650602409478e-01 6.915887850467289377e-01 7.789473684210526105e-01 8.244673783053548810e-01
9.082278481012657778e-01 9.239130434782608647e-01 7.943925233644859585e-01 8.542713567839195221e-01 8.804498501989893589e-01
9.656249999999999556e-01 9.067796610169491789e-01 1.000000000000000000e+00 9.511111111111111294e-01 9.741784037558686160e-01
