9.126213592233010097e-01 7.985074626865671377e-01 1.000000000000000000e+00 8.879668049792530660e-01 9.331683168316831090e-01
5.775577557755775526e-01 1.111111111111111049e-01 2.803738317757009310e-02 4.477611940298507204e-02 4.527942017928666130e-01
5.649350649350649567e-01 3.448275862068965469e-02 9.345794392523363789e-03 1.470588235294117453e-02 4.350211559027292729e-01
5.587301587301587436e-01 2.941176470588235253e-02 9.345794392523363789e-03 1.418439716312056530e-02 4.253459741193385546e-01
5.541401273885350198e-01 2.857142857142857054e-02 9.345794392523363789e-03 1.408450704225351971e-02 4.225472933315272961e-01
5.523809523809524169e-01 2.777777777777777624e-02 9.345794392523363789e-03 1.398601398601398600e-02 4.205382818116462085e-01
6.077738515901059957e-01 3.333333333333333148e-01 3.738317757009345516e-02 6.722689075630251809e-02 4.959643160577740240e-01
5.793103448275862544e-01 5.882352941176470507e-02 9.345794392523363789e-03 1.612903225806451221e-02 4.609570502017261151e-01
7.322580645161290702e-01 6.428571428571429047e-01 5.046728971962616273e-01 5.654450261780105125e-01 6.784448229823671905e-01
8.963210702341136704e-01 8.392857142857143016e-01 8.785046728971962482e-01 8.584474885844748382e-01 8.923773364485980686e-01
5.704918032786885362e-01 3.846153846153846367e-02 9.345794392523363789e-03 1.503759398496240518e-02 4.415415840649484780e-01
5.782312925170067786e-01 5.263157894736841813e-02 9.345794392523363789e-03 1.587301587301587213e-02 4.565445549502723521e-01
6.171617161716171918e-01 3.783783783783783994e-01 1.308411214953270896e-01 1.944444444444444198e-01 5.067470913599084748e-01
9.185667752442996381e-01 8.106060606060605522e-01 1.000000000000000000e+00 8.953974895397489586e-01 9.375000000000000000e-01
5.537974683544303334e-01 5.263157894736841813e-02 1.869158878504672758e-02 2.758620689655172376e-02 4.232213924786477621e-01
9.155844155844156118e-01 8.045112781954887327e-01 1.000000000000000000e+00 8.916666666666667185e-01 9.353233830845771868e-01
5.732899022801303257e-01 7.142857142857142461e-02 1.869158878504672758e-02 2.962962962962962382e-02 4.443457943925233633e-01
5.765472312703583402e-01 7.407407407407406996e-02 1.869158878504672758e-02 2.985074626865671585e-02 4.468457943925233655e-01
6.786885245901639330e-01 5.737704918032786594e-01 3.271028037383177378e-01 4.166666666666666852e-01 5.978948362125932059e-01
5.937500000000000000e-01 8.333333333333332871e-02 9.345794392523363789e-03 1.680672268907562952e-02 4.742861568647699366e-01
8.785046728971962482e-01 7.328767123287671659e-01 1.000000000000000000e+00 8.458498023715415037e-01 9.088785046728972139e-01
5.864406779661016644e-01 1.052631578947368363e-01 1.869158878504672758e-02 3.174603174603174427e-02 4.641330284350765334e-01
5.681818181818182323e-01 3.571428571428571230e-02 9.345794392523363789e-03 1.481481481481481191e-02 4.375087180917840435e-01
6.423841059602648507e-01 4.897959183673469274e-01 2.242990654205607448e-01 3.076923076923077094e-01 5.480469686077162894e-01
9.185667752442996381e-01 8.106060606060605522e-01 1.000000000000000000e+00 8.953974895397489586e-01 9.375000000000000000e-01
5.537974683544303334e-01 5.263157894736841813e-02 1.869158878504672758e-02 2.758620689655172376e-02 4.232213924786477621e-01
6.026490066225165254e-01 2.758620689655172376e-01 7.476635514018691031e-02 1.176470588235293963e-01 4.835370237239395852e-01
5.667752442996742968e-01 0.000000000000000000e+00 0.000000000000000000e+00 0.000000000000000000e+00 4.349999999999999978e-01
5.488958990536277893e-01 2.631578947368420907e-02 9.345794392523363789e-03 1.379310344827586188e-02 4.165776591010235119e-01
5.910543130990415506e-01 2.558139534883721034e-01 1.028037383177570069e-01 1.466666666666666674e-01 4.737319662462571301e-01
5.794701986754966505e-01 4.545454545454545581e-02 9.345794392523363789e-03 1.550387596899224611e-02 4.508267433501078059e-01
5.910652920962199408e-01 7.142857142857142461e-02 9.345794392523363789e-03 1.652892561983470773e-02 4.693468102397399533e-01
5.860927152317880751e-01 9.090909090909091161e-02 1.869158878504672758e-02 3.100775193798449222e-02 4.580637431104720991e-01
8.161290322580645462e-01 7.232142857142856984e-01 7.570093457943924964e-01 7.397260273972601219e-01 8.021499930942406209e-01
5.959595959595959114e-01 2.399999999999999911e-01 5.607476635514018620e-02 9.090909090909091161e-02 4.780373831775701077e-01
8.924050632911392222e-01 7.588652482269503396e-01 1.000000000000000000e+00 8.629032258064516236e-01 9.186602870813397326e-01
5.904761904761904878e-01 2.708333333333333148e-01 1.214953271028037379e-01 1.677419354838709520e-01 4.766130481667864571e-01
