5.793103448275862544e-01 5.882352941176470507e-02 9.345794392523363789e-03 1.612903225806451221e-02 4.609570502017261151e-01
5.762711864406779849e-01 5.000000000000000278e-02 9.345794392523363789e-03 1.574803149606298844e-02 4.541409823026446579e-01
6.006825938566553447e-01 8.333333333333332871e-02 9.345794392523363789e-03 1.680672268907562952e-02 4.751030047231433739e-01
7.022653721682847738e-01 6.056338028169013787e-01 4.018691588785046620e-01 4.831460674157302959e-01 6.316276487461829348e-01
9.096774193548387011e-01 7.925925925925926263e-01 1.000000000000000000e+00 8.842975206611569661e-01 9.310344827586206629e-01
6.039603960396039417e-01 3.142857142857142794e-01 1.028037383177570069e-01 1.549295774647887203e-01 4.901773793629600751e-01
9.038461538461538547e-01 7.810218978102190235e-01 1.000000000000000000e+00 8.770491803278688270e-01 9.268292682926828618e-01
5.733333333333333615e-01 8.000000000000000167e-02 1.869158878504672758e-02 3.030303030303030040e-02 4.497603021645441013e-01
5.747508305647840432e-01 4.347826086956521618e-02 9.345794392523363789e-03 1.538461538461538200e-02 4.479718662684265551e-01
6.633663366336634004e-01 5.454545454545454142e-01 2.803738317757009102e-01 3.703703703703702943e-01 5.764114056837688072e-01
5.833333333333333703e-01 6.666666666666666574e-02 9.345794392523363789e-03 1.639344262295081706e-02 4.659988640470903443e-01
6.733333333333333393e-01 5.957446808510638014e-01 2.616822429906541791e-01 3.636363636363635909e-01 5.816183235678659136e-01
5.714285714285713969e-01 4.761904761904761640e-02 9.345794392523363789e-03 1.562499999999999827e-02 4.511969613673846302e-01
6.557377049180327377e-01 5.192307692307692735e-01 2.523364485981308136e-01 3.396226415094338869e-01 5.630369111677522298e-01
8.952380952380952772e-01 7.642857142857142350e-01 1.000000000000000000e+00 8.663967611336031993e-01 9.206730769230768718e-01
6.028880866425992968e-01 2.000000000000000111e-01 9.345794392523363789e-03 1.785714285714285615e-02 4.929081913139086724e-01
8.812499999999999778e-01 7.379310344827586521e-01 1.000000000000000000e+00 8.492063492063492980e-01 9.107981220657276333e-01
9.067524115755627445e-01 7.867647058823529216e-01 1.000000000000000000e+00 8.806584362139917577e-01 9.289215686274510109e-01
5.816326530612244694e-01 5.555555555555555247e-02 9.345794392523363789e-03 1.600000000000000033e-02 4.592183517417161576e-01
5.924657534246575707e-01 7.142857142857142461e-02 9.345794392523363789e-03 1.652892561983470773e-02 4.695377620611265179e-01
5.934426229508196204e-01 2.424242424242424310e-01 7.476635514018691031e-02 1.142857142857142683e-01 4.742518644387803128e-01
8.952380952380952772e-01 7.642857142857142350e-01 1.000000000000000000e+00 8.663967611336031993e-01 9.206730769230768718e-01
5.555555555555555802e-01 0.000000000000000000e+00 0.000000000000000000e+00 0.000000000000000000e+00 4.206730769230769273e-01
5.604026845637584131e-01 3.846153846153846367e-02 9.345794392523363789e-03 1.503759398496240518e-02 4.392278710182511703e-01
6.557377049180327377e-01 5.192307692307692735e-01 2.523364485981308136e-01 3.396226415094338869e-01 5.630369111677522298e-01
8.952380952380952772e-01 7.642857142857142350e-01 1.000000000000000000e+00 8.663967611336031993e-01 9.206730769230768718e-01
5.663430420711974556e-01 6.451612903225806273e-02 1.869158878504672758e-02 2.898550724637680501e-02 4.375636161747015751e-01
5.541401273885350198e-01 2.857142857142857054e-02 9.345794392523363789e-03 1.408450704225351971e-02 4.225472933315272961e-01
5.856164383561643927e-01 6.250000000000000000e-02 9.345794392523363789e-03 1.626016260162601451e-02 4.641323566557210567e-01
5.704697986577180746e-01 4.347826086956521618e-02 9.345794392523363789e-03 1.538461538461538200e-02 4.470812741596124629e-01
5.719063545150501193e-01 8.000000000000000167e-02 1.869158878504672758e-02 3.030303030303030040e-02 4.494499610591900507e-01
9.096774193548387011e-01 7.925925925925926263e-01 1.000000000000000000e+00 8.842975206611569661e-01 9.310344827586206629e-01
5.671140939597315578e-01 4.166666666666666435e-02 9.345794392523363789e-03 1.526717557251908164e-02 4.444634731124920135e-01
8.199999999999999512e-01 7.849462365591397539e-01 6.822429906542055722e-01 7.299999999999999822e-01 7.893080238245121505e-01
8.924050632911392222e-01 7.588652482269503396e-01 1.000000000000000000e+00 8.629032258064516236e-01 9.186602870813397326e-01
8.895899053627760455e-01 7.535211267605633756e-01 1.000000000000000000e+00 8.594377510040159818e-01 9.166666666666667407e-01
5.958904109589041598e-01 2.105263157894736725e-01 3.738317757009345516e-02 6.349206349206348854e-02 4.781510482445061605e-01
