5.733788395904436674e-01 5.000000000000000278e-02 9.345794392523363789e-03 1.574803149606298844e-02 4.535976283790573160e-01
8.812499999999999778e-01 7.379310344827586521e-01 1.000000000000000000e+00 8.492063492063492980e-01 9.107981220657276333e-01
9.038461538461538547e-01 7.810218978102190235e-01 1.000000000000000000e+00 8.770491803278688270e-01 9.268292682926828618e-01
8.098360655737705249e-01 7.525773195876288568e-01 6.822429906542055722e-01 7.156862745098038214e-01 7.805154347210422339e-01
5.690789473684210176e-01 3.846153846153846367e-02 9.345794392523363789e-03 1.503759398496240518e-02 4.412211205465154107e-01
5.906040268456376197e-01 1.052631578947368363e-01 1.869158878504672758e-02 3.174603174603174427e-02 4.648431765914762259e-01
5.612903225806451513e-01 3.225806451612903136e-02 9.345794392523363789e-03 1.449275362318840250e-02 4.307812715804980597e-01
5.733333333333333615e-01 8.000000000000000167e-02 1.869158878504672758e-02 3.030303030303030040e-02 4.497603021645441013e-01
9.096774193548387011e-01 7.925925925925926263e-01 1.000000000000000000e+00 8.842975206611569661e-01 9.310344827586206629e-01
7.019230769230768718e-01 5.921052631578946901e-01 4.205607476635513930e-01 4.918032786885245811e-01 6.346706177342146260e-01
7.652733118971061232e-01 6.808510638297872175e-01 5.981308411214952825e-01 6.368159203980099381e-01 7.255360087960417426e-01
9.009584664536741672e-01 7.753623188405797118e-01 1.000000000000000000e+00 8.734693877551020780e-01 9.247572815533980917e-01
5.787671232876712146e-01 5.555555555555555247e-02 9.345794392523363789e-03 1.600000000000000033e-02 4.587269512503157065e-01
5.793103448275862544e-01 1.428571428571428492e-01 2.803738317757009310e-02 4.687499999999999306e-02 4.648383637199325347e-01
8.924050632911392222e-01 7.588652482269503396e-01 1.000000000000000000e+00 8.629032258064516236e-01 9.186602870813397326e-01
6.006944444444444198e-01 1.666666666666666574e-01 1.869158878504672758e-02 3.361344537815125905e-02 4.817214850002581872e-01
5.986159169550172576e-01 9.090909090909091161e-02 9.345794392523363789e-03 1.694915254237287783e-02 4.772003697237341413e-01
5.576923076923077094e-01 3.030303030303030387e-02 9.345794392523363789e-03 1.428571428571428353e-02 4.266241167084567354e-01
5.709570957095709831e-01 7.407407407407406996e-02 1.869158878504672758e-02 2.985074626865671585e-02 4.455702841884417453e-01
9.009584664536741672e-01 7.753623188405797118e-01 1.000000000000000000e+00 8.734693877551020780e-01 9.247572815533980917e-01
9.009584664536741672e-01 7.753623188405797118e-01 1.000000000000000000e+00 8.734693877551020780e-01 9.247572815533980917e-01
6.130136986301369939e-01 3.750000000000000000e-01 8.411214953271027583e-02 1.374045801526717347e-01 5.015155342258145188e-01
5.934426229508196204e-01 2.424242424242424310e-01 7.476635514018691031e-02 1.142857142857142683e-01 4.742518644387803128e-01
8.388157894736841813e-01 7.788461538461538547e-01 7.570093457943924964e-01 7.677725118483411659e-01 8.201290383794297423e-01
5.793103448275862544e-01 1.428571428571428492e-01 2.803738317757009310e-02 4.687499999999999306e-02 4.648383637199325347e-01
8.924050632911392222e-01 7.588652482269503396e-01 1.000000000000000000e+00 8.629032258064516236e-01 9.186602870813397326e-01
5.782312925170067786e-01 5.263157894736841813e-02 9.345794392523363789e-03 1.587301587301587213e-02 4.565445549502723521e-01
5.909090909090909394e-01 8.333333333333332871e-02 9.345794392523363789e-03 1.680672268907562952e-02 4.739466402130214084e-01
5.662251655629139124e-01 3.846153846153846367e-02 9.345794392523363789e-03 1.503759398496240518e-02 4.405703330936975304e-01
5.878378378378378288e-01 5.882352941176470507e-02 9.345794392523363789e-03 1.612903225806451221e-02 4.623448548682193016e-01
5.816326530612244694e-01 5.555555555555555247e-02 9.345794392523363789e-03 1.600000000000000033e-02 4.592183517417161576e-01
5.733333333333333615e-01 4.347826086956521618e-02 9.345794392523363789e-03 1.538461538461538200e-02 4.476780785434119059e-01
9.038461538461538547e-01 7.810218978102190235e-01 1.000000000000000000e+00 8.770491803278688270e-01 9.268292682926828618e-01
5.918367346938775420e-01 6.666666666666666574e-02 9.345794392523363789e-03 1.639344262295081706e-02 4.672397421160477404e-01
5.960912052117264270e-01 2.424242424242424310e-01 7.476635514018691031e-02 1.142857142857142683e-01 4.748831775700934621e-01
5.714285714285713969e-01 4.166666666666666435e-02 9.345794392523363789e-03 1.526717557251908164e-02 4.453945466807977538e-01
6.148409893992933251e-01 3.333333333333333148e-01 1.869158878504672758e-02 3.539823008849556779e-02 4.979821580288870120e-01
