6.633663366336634004e-01 6.923076923076922906e-01 8.411214953271027583e-02 1.499999999999999944e-01 5.318519931337020168e-01
9.626168224299065379e-01 8.991596638655462437e-01 1.000000000000000000e+00 9.469026548672566657e-01 9.719626168224299034e-01
5.632183908045976795e-01 1.818181818181818232e-01 1.869158878504672758e-02 3.389830508474575566e-02 4.801250151717441628e-01
6.375838926174496324e-01 4.615384615384615641e-01 5.607476635514018620e-02 9.999999999999999167e-02 5.097127758477271176e-01
6.107142857142857650e-01 4.500000000000000111e-01 8.411214953271027583e-02 1.417322834645669272e-01 5.102641672519041549e-01
6.317567567567567988e-01 4.444444444444444198e-01 7.476635514018691031e-02 1.280000000000000027e-01 5.109281511150670640e-01
8.733333333333332948e-01 9.156626506024095891e-01 7.102803738317756688e-01 7.999999999999999334e-01 8.370054718899810897e-01
6.466666666666666119e-01 5.238095238095238360e-01 1.028037383177570069e-01 1.718749999999999722e-01 5.254951334075831371e-01
9.596273291925465632e-01 8.916666666666667185e-01 1.000000000000000000e+00 9.427312775330397576e-01 9.697674418604650404e-01
9.625000000000000222e-01 8.991596638655462437e-01 1.000000000000000000e+00 9.469026548672566657e-01 9.718309859154928843e-01
9.774919614147909996e-01 9.385964912280702066e-01 1.000000000000000000e+00 9.683257918552036214e-01 9.828431372549020217e-01
6.797385620915032955e-01 7.368421052631578538e-01 1.308411214953270896e-01 2.222222222222221821e-01 5.528577466773118010e-01
6.389891696750902295e-01 7.692307692307692735e-01 9.345794392523364136e-02 1.666666666666666574e-01 5.379054425508520421e-01
6.209150326797385766e-01 0.000000000000000000e+00 0.000000000000000000e+00 0.000000000000000000e+00 4.773869346733668473e-01
9.596273291925465632e-01 8.916666666666667185e-01 1.000000000000000000e+00 9.427312775330397576e-01 9.697674418604650404e-01
9.596273291925465632e-01 8.916666666666667185e-01 1.000000000000000000e+00 9.427312775330397576e-01 9.697674418604650404e-01
5.588235294117647189e-01 0.000000000000000000e+00 0.000000000000000000e+00 0.000000000000000000e+00 4.606060606060606299e-01
5.886792452830188482e-01 4.444444444444444198e-01 7.476635514018691031e-02 1.280000000000000027e-01 5.057376079498403509e-01
7.460815047021943647e-01 7.708333333333333703e-01 3.457943925233644689e-01 4.774193548387096753e-01 6.469538000352671459e-01
6.021126760563380031e-01 2.000000000000000111e-01 1.869158878504672758e-02 3.418803418803418454e-02 4.867469243360261766e-01
9.596273291925465632e-01 8.916666666666667185e-01 1.000000000000000000e+00 9.427312775330397576e-01 9.697674418604650404e-01
4.537037037037037202e-01 0.000000000000000000e+00 0.000000000000000000e+00 0.000000000000000000e+00 4.495412844036696942e-01
5.387596899224805780e-01 0.000000000000000000e+00 0.000000000000000000e+00 0.000000000000000000e+00 4.602649006622516747e-01
9.433962264150943522e-01 9.158878504672897103e-01 9.158878504672897103e-01 9.158878504672897103e-01 9.366169110156353783e-01
6.209150326797385766e-01 0.000000000000000000e+00 0.000000000000000000e+00 0.000000000000000000e+00 4.773869346733668473e-01
9.596273291925465632e-01 8.916666666666667185e-01 1.000000000000000000e+00 9.427312775330397576e-01 9.697674418604650404e-01
5.655430711610487382e-01 0.000000000000000000e+00 0.000000000000000000e+00 0.000000000000000000e+00 4.718749999999999889e-01
8.272425249169435002e-01 8.395061728395061262e-01 6.355140186915887446e-01 7.234042553191488700e-01 7.842518547066191781e-01
5.000000000000000000e-01 3.076923076923077094e-01 3.738317757009345516e-02 6.666666666666666574e-02 4.802300503235082951e-01
6.885245901639344135e-01 7.500000000000000000e-01 1.682242990654205517e-01 2.748091603053434695e-01 5.689606343811951517e-01
4.977578475336322805e-01 2.727272727272727071e-01 2.803738317757009310e-02 5.084745762711864042e-02 4.795359329680953242e-01
6.105263157894736947e-01 4.000000000000000222e-01 7.476635514018691031e-02 1.259842519685039075e-01 5.036753124015541649e-01
9.596273291925465632e-01 8.916666666666667185e-01 1.000000000000000000e+00 9.427312775330397576e-01 9.697674418604650404e-01
9.218750000000000000e-01 8.942307692307692735e-01 8.691588785046728827e-01 8.815165876777250054e-01 9.087578430082050573e-01
9.685534591194968623e-01 9.145299145299145005e-01 1.000000000000000000e+00 9.553571428571429047e-01 9.763033175355450011e-01
4.914529914529914278e-01 0.000000000000000000e+00 0.000000000000000000e+00 0.000000000000000000e+00 4.527559055118109965e-01
6.656050955414012371e-01 5.555555555555555802e-01 9.345794392523364136e-02 1.600000000000000033e-01 5.274053004650323118e-01
