9.596273291925465632e-01 8.916666666666667185e-01 1.000000000000000000e+00 9.427312775330397576e-01 9.697674418604650404e-01
9.596273291925465632e-01 8.916666666666667185e-01 1.000000000000000000e+00 9.427312775330397576e-01 9.697674418604650404e-01
9.596273291925465632e-01 8.916666666666667185e-01 1.000000000000000000e+00 9.427312775330397576e-01 9.697674418604650404e-01
6.065573770491803351e-01 0.000000000000000000e+00 0.000000000000000000e+00 0.000000000000000000e+00 4.671717171717171824e-01
9.596273291925465632e-01 8.916666666666667185e-01 1.000000000000000000e+00 9.427312775330397576e-01 9.697674418604650404e-01
9.626168224299065379e-01 8.991596638655462437e-01 1.000000000000000000e+00 9.469026548672566657e-01 9.719626168224299034e-01
9.686520376175548064e-01 9.145299145299145005e-01 1.000000000000000000e+00 9.553571428571429047e-01 9.764150943396227023e-01
5.964285714285714191e-01 0.000000000000000000e+00 0.000000000000000000e+00 0.000000000000000000e+00 4.826589595375722630e-01
7.645161290322580738e-01 8.863636363636363535e-01 3.644859813084111999e-01 5.165562913907284504e-01 6.699277197182450516e-01
9.596273291925465632e-01 8.916666666666667185e-01 1.000000000000000000e+00 9.427312775330397576e-01 9.697674418604650404e-01
9.626168224299065379e-01 8.991596638655462437e-01 1.000000000000000000e+00 9.469026548672566657e-01 9.719626168224299034e-01
9.596273291925465632e-01 8.916666666666667185e-01 1.000000000000000000e+00 9.427312775330397576e-01 9.697674418604650404e-01
9.747634069400631374e-01 9.304347826086956097e-01 1.000000000000000000e+00 9.639639639639638879e-01 9.809523809523810201e-01
9.596273291925465632e-01 8.916666666666667185e-01 1.000000000000000000e+00 9.427312775330397576e-01 9.697674418604650404e-01
9.596273291925465632e-01 8.916666666666667185e-01 1.000000000000000000e+00 9.427312775330397576e-01 9.697674418604650404e-01
9.596273291925465632e-01 8.916666666666667185e-01 1.000000000000000000e+00 9.427312775330397576e-01 9.697674418604650404e-01
9.684542586750788384e-01 9.145299145299145005e-01 1.000000000000000000e+00 9.553571428571429047e-01 9.761904761904761640e-01
7.500000000000000000e-01 7.916666666666666297e-01 3.551401869158878344e-01 4.903225806451612656e-01 6.536466484818673761e-01
9.596273291925465632e-01 8.916666666666667185e-01 1.000000000000000000e+00 9.427312775330397576e-01 9.697674418604650404e-01
6.451612903225806273e-01 2.857142857142856984e-01 1.869158878504672758e-02 3.508771929824561209e-02 4.970305234565627894e-01
9.596273291925465632e-01 8.916666666666667185e-01 1.000000000000000000e+00 9.427312775330397576e-01 9.697674418604650404e-01
9.716088328075709324e-01 9.224137931034482873e-01 1.000000000000000000e+00 9.596412556053811604e-01 9.785714285714286476e-01
9.595015576323987494e-01 8.916666666666667185e-01 1.000000000000000000e+00 9.427312775330397576e-01 9.696261682242991453e-01
9.596273291925465632e-01 8.916666666666667185e-01 1.000000000000000000e+00 9.427312775330397576e-01 9.697674418604650404e-01
9.596273291925465632e-01 8.916666666666667185e-01 1.000000000000000000e+00 9.427312775330397576e-01 9.697674418604650404e-01
9.596273291925465632e-01 8.916666666666667185e-01 1.000000000000000000e+00 9.427312775330397576e-01 9.697674418604650404e-01
9.187499999999999556e-01 8.785046728971962482e-01 8.785046728971962482e-01 8.785046728971962482e-01 9.087359045237154431e-01
9.596273291925465632e-01 8.916666666666667185e-01 1.000000000000000000e+00 9.427312775330397576e-01 9.697674418604650404e-01
6.576271186440677541e-01 6.875000000000000000e-01 1.028037383177570069e-01 1.788617886178861804e-01 5.381039968184530009e-01
7.311475409836065698e-01 7.777777777777777901e-01 3.271028037383177378e-01 4.605263157894736725e-01 6.382988766166336481e-01
8.496732026143790639e-01 8.674698795180723065e-01 6.728971962616822067e-01 7.578947368421051767e-01 8.088104071760673364e-01
9.596273291925465632e-01 8.916666666666667185e-01 1.000000000000000000e+00 9.427312775330397576e-01 9.697674418604650404e-01
9.596273291925465632e-01 8.916666666666667185e-01 1.000000000000000000e+00 9.427312775330397576e-01 9.697674418604650404e-01
6.579804560260585911e-01 5.500000000000000444e-01 1.028037383177570069e-01 1.732283464566929110e-01 5.289018691588784904e-01
9.596273291925465632e-01 8.916666666666667185e-01 1.000000000000000000e+00 9.427312775330397576e-01 9.697674418604650404e-01
9.596273291925465632e-01 8.916666666666667185e-01 1.000000000000000000e+00 9.427312775330397576e-01 9.697674418604650404e-01
9.775641025641025328e-01 9.385964912280702066e-01 1.000000000000000000e+00 9.683257918552036214e-01 9.829268292682926678e-01
