9.595015576323987494e-01 8.916666666666667185e-01 1.000000000000000000e+00 9.427312775330397576e-01 9.696261682242991453e-01
6.219081272084805434e-01 5.000000000000000000e-01 1.214953271028037379e-01 1.954887218045112673e-01 5.238158453695836991e-01
9.682539682539682557e-01 9.145299145299145005e-01 1.000000000000000000e+00 9.553571428571429047e-01 9.759615384615384359e-01
9.686520376175548064e-01 9.145299145299145005e-01 1.000000000000000000e+00 9.553571428571429047e-01 9.764150943396227023e-01
6.117216117216117688e-01 5.454545454545454142e-01 5.607476635514018620e-02 1.016949152542372808e-01 5.129771422137147097e-01
5.971223021582733326e-01 0.000000000000000000e+00 0.000000000000000000e+00 0.000000000000000000e+00 4.853801169590643561e-01
6.677631578947368363e-01 6.250000000000000000e-01 1.401869158878504551e-01 2.290076335877862523e-01 5.472508183500165435e-01
9.684542586750788384e-01 9.145299145299145005e-01 1.000000000000000000e+00 9.553571428571429047e-01 9.761904761904761640e-01
6.485623003194888048e-01 4.117647058823529216e-01 6.542056074766354479e-02 1.129032258064515959e-01 5.084384357136375598e-01
9.596273291925465632e-01 8.916666666666667185e-01 1.000000000000000000e+00 9.427312775330397576e-01 9.697674418604650404e-01
9.375000000000000000e-01 8.849557522123894238e-01 9.345794392523364413e-01 9.090909090909090606e-01 9.367732877012856507e-01
9.684542586750788384e-01 9.145299145299145005e-01 1.000000000000000000e+00 9.553571428571429047e-01 9.761904761904761640e-01
9.085173501577287203e-01 9.148936170212765839e-01 8.037383177570093240e-01 8.557213930348258613e-01 8.828215398308856265e-01
9.683544303797468888e-01 9.145299145299145005e-01 1.000000000000000000e+00 9.553571428571429047e-01 9.760765550239234312e-01
9.683544303797468888e-01 9.145299145299145005e-01 1.000000000000000000e+00 9.553571428571429047e-01 9.760765550239234312e-01
9.596273291925465632e-01 8.916666666666667185e-01 1.000000000000000000e+00 9.427312775330397576e-01 9.697674418604650404e-01
9.684542586750788384e-01 9.145299145299145005e-01 1.000000000000000000e+00 9.553571428571429047e-01 9.761904761904761640e-01
8.870967741935483764e-01 8.829787234042553168e-01 7.757009345794392274e-01 8.258706467661692807e-01 8.607568712306061798e-01
9.743589743589743390e-01 9.304347826086956097e-01 1.000000000000000000e+00 9.639639639639638879e-01 9.804878048780487632e-01
6.086956521739130821e-01 0.000000000000000000e+00 0.000000000000000000e+00 0.000000000000000000e+00 4.739583333333333148e-01
9.596273291925465632e-01 8.916666666666667185e-01 1.000000000000000000e+00 9.427312775330397576e-01 9.697674418604650404e-01
6.271777003484320101e-01 5.000000000000000000e-01 7.476635514018691031e-02 1.300813008130081161e-01 5.151609553478713188e-01
5.776173285198555885e-01 0.000000000000000000e+00 0.000000000000000000e+00 0.000000000000000000e+00 4.705882352941176405e-01
5.965517241379310054e-01 0.000000000000000000e+00 0.000000000000000000e+00 0.000000000000000000e+00 4.726775956284153257e-01
9.683544303797468888e-01 9.145299145299145005e-01 1.000000000000000000e+00 9.553571428571429047e-01 9.760765550239234312e-01
9.683544303797468888e-01 9.145299145299145005e-01 1.000000000000000000e+00 9.553571428571429047e-01 9.760765550239234312e-01
8.853503184713376051e-01 8.901098901098900562e-01 7.570093457943924964e-01 8.181818181818181213e-01 8.543500835252155756e-01
9.716981132075471761e-01 9.224137931034482873e-01 1.000000000000000000e+00 9.596412556053811604e-01 9.786729857819905787e-01
6.590163934426229719e-01 5.714285714285713969e-01 1.121495327102803724e-01 1.874999999999999722e-01 5.333474936278674861e-01
6.774193548387096309e-01 6.296296296296296502e-01 1.588785046728971861e-01 2.537313432835821003e-01 5.548087104645273993e-01
6.887417218543046005e-01 7.826086956521739468e-01 1.682242990654205517e-01 2.769230769230768829e-01 5.712916367121975147e-01
9.627118644067796938e-01 9.799999999999999822e-01 9.158878504672897103e-01 9.468599033816426092e-01 9.526247762974746625e-01
9.596273291925465632e-01 8.916666666666667185e-01 1.000000000000000000e+00 9.427312775330397576e-01 9.697674418604650404e-01
8.158730158730158610e-01 8.266666666666666607e-01 5.794392523364485514e-01 6.813186813186813406e-01 7.584696261682242202e-01
9.596273291925465632e-01 8.916666666666667185e-01 1.000000000000000000e+00 9.427312775330397576e-01 9.697674418604650404e-01
9.596273291925465632e-01 8.916666666666667185e-01 1.000000000000000000e+00 9.427312775330397576e-01 9.697674418604650404e-01
9.622641509433962348e-01 8.991596638655462437e-01 1.000000000000000000e+00 9.469026548672566657e-01 9.715639810426539569e-01
