5.155279503105589800e-01 0.000000000000000000e+00 0.000000000000000000e+00 0.000000000000000000e+00 3.860465116279069853e-01
5.155279503105589800e-01 0.000000000000000000e+00 0.000000000000000000e+00 0.000000000000000000e+00 3.860465116279069853e-01
5.155279503105589800e-01 0.000000000000000000e+00 0.000000000000000000e+00 0.000000000000000000e+00 3.860465116279069853e-01
6.114649681528662173e-01 3.880597014925373234e-01 2.429906542056074759e-01 2.988505747126436463e-01 5.224615106776829832e-01
8.813559322033898136e-01 8.000000000000000444e-01 8.971962616822429792e-01 8.458149779735684159e-01 8.847683436070790108e-01
8.847457627118644474e-01 8.119658119658119677e-01 8.878504672897196137e-01 8.482142857142856984e-01 8.854145953469875208e-01
9.069767441860464574e-01 7.925925925925926263e-01 1.000000000000000000e+00 8.842975206611569661e-01 9.278350515463917869e-01
6.858974358974359031e-01 5.517241379310344751e-01 4.485981308411214896e-01 4.948453608247422864e-01 6.291771142010486040e-01
5.155279503105589800e-01 0.000000000000000000e+00 0.000000000000000000e+00 0.000000000000000000e+00 3.860465116279069853e-01
8.584905660377358805e-01 7.039473684210526550e-01 1.000000000000000000e+00 8.262548262548262690e-01 8.933649289099526714e-01
5.155279503105589800e-01 0.000000000000000000e+00 0.000000000000000000e+00 0.000000000000000000e+00 3.860465116279069853e-01
5.765472312703583402e-01 2.444444444444444364e-01 1.028037383177570069e-01 1.447368421052631637e-01 4.664018691588784349e-01
5.155279503105589800e-01 0.000000000000000000e+00 0.000000000000000000e+00 0.000000000000000000e+00 3.860465116279069853e-01
6.987179487179486781e-01 5.714285714285713969e-01 4.859813084112149517e-01 5.252525252525251931e-01 6.478687029860953350e-01
8.722044728434504846e-01 7.278911564625850650e-01 1.000000000000000000e+00 8.425196850393700254e-01 9.029126213592232331e-01
8.584905660377358805e-01 7.039473684210526550e-01 1.000000000000000000e+00 8.262548262548262690e-01 8.933649289099526714e-01
8.666666666666666963e-01 7.181208053691274795e-01 1.000000000000000000e+00 8.359375000000000000e-01 8.990384615384615641e-01
8.557993730407523758e-01 6.993464052287581278e-01 1.000000000000000000e+00 8.230769230769230393e-01 8.915094339622641195e-01
5.220125786163521964e-01 0.000000000000000000e+00 0.000000000000000000e+00 0.000000000000000000e+00 3.933649289099526158e-01
5.155279503105589800e-01 0.000000000000000000e+00 0.000000000000000000e+00 0.000000000000000000e+00 3.860465116279069853e-01
8.694267515923567169e-01 7.229729729729730270e-01 1.000000000000000000e+00 8.392156862745098200e-01 9.009661835748792313e-01
8.694267515923567169e-01 7.229729729729730270e-01 1.000000000000000000e+00 8.392156862745098200e-01 9.009661835748792313e-01
5.155279503105589800e-01 0.000000000000000000e+00 0.000000000000000000e+00 0.000000000000000000e+00 3.860465116279069853e-01
5.320512820512820484e-01 0.000000000000000000e+00 0.000000000000000000e+00 0.000000000000000000e+00 4.048780487804878314e-01
6.987179487179486781e-01 5.714285714285713969e-01 4.859813084112149517e-01 5.252525252525251931e-01 6.478687029860953350e-01
8.722044728434504846e-01 7.278911564625850650e-01 1.000000000000000000e+00 8.425196850393700254e-01 9.029126213592232331e-01
5.155279503105589800e-01 0.000000000000000000e+00 0.000000000000000000e+00 0.000000000000000000e+00 3.860465116279069853e-01
5.155279503105589800e-01 0.000000000000000000e+00 0.000000000000000000e+00 0.000000000000000000e+00 3.860465116279069853e-01
5.723472668810289932e-01 2.399999999999999911e-01 1.121495327102803724e-01 1.528662420382165543e-01 4.629375114531794067e-01
5.155279503105589800e-01 0.000000000000000000e+00 0.000000000000000000e+00 0.000000000000000000e+00 3.860465116279069853e-01
5.155279503105589800e-01 0.000000000000000000e+00 0.000000000000000000e+00 0.000000000000000000e+00 3.860465116279069853e-01
9.161073825503355250e-01 8.106060606060605522e-01 1.000000000000000000e+00 8.953974895397489586e-01 9.345549738219895985e-01
5.155279503105589800e-01 0.000000000000000000e+00 0.000000000000000000e+00 0.000000000000000000e+00 3.860465116279069853e-01
8.566666666666666874e-01 7.711864406779661563e-01 8.504672897196261516e-01 8.088888888888887685e-01 8.552854583313156400e-01
8.666666666666666963e-01 7.181208053691274795e-01 1.000000000000000000e+00 8.359375000000000000e-01 8.990384615384615641e-01
8.531250000000000222e-01 6.948051948051947591e-01 1.000000000000000000e+00 8.199233716475095024e-01 8.896713615023474908e-01
5.369774919614147546e-01 2.564102564102564014e-02 9.345794392523363789e-03 1.369863013698630061e-02 4.115356422943008408e-01
