5.155279503105589800e-01 0.000000000000000000e+00 0.000000000000000000e+00 0.000000000000000000e+00 3.860465116279069853e-01
8.557993730407523758e-01 6.993464052287581278e-01 1.000000000000000000e+00 8.230769230769230393e-01 8.915094339622641195e-01
6.153846153846154188e-01 4.000000000000000222e-01 2.429906542056074759e-01 3.023255813953488191e-01 5.263733758832915832e-01
5.389610389610389740e-01 2.702702702702702853e-02 9.345794392523363789e-03 1.388888888888888638e-02 4.151206583902914971e-01
5.155279503105589800e-01 0.000000000000000000e+00 0.000000000000000000e+00 0.000000000000000000e+00 3.860465116279069853e-01
5.220125786163521964e-01 0.000000000000000000e+00 0.000000000000000000e+00 0.000000000000000000e+00 3.933649289099526158e-01
5.585284280936454460e-01 3.703703703703703498e-02 9.345794392523363789e-03 1.492537313432835792e-02 4.369645638629283124e-01
5.155279503105589800e-01 0.000000000000000000e+00 0.000000000000000000e+00 0.000000000000000000e+00 3.860465116279069853e-01
8.478260869565217295e-01 6.858974358974359031e-01 1.000000000000000000e+00 8.136882129277566156e-01 8.860465116279070408e-01
8.950819672131147264e-01 7.697841726618704916e-01 1.000000000000000000e+00 8.699186991869918284e-01 9.191919191919191157e-01
8.584905660377358805e-01 7.039473684210526550e-01 1.000000000000000000e+00 8.262548262548262690e-01 8.933649289099526714e-01
8.910891089108911034e-01 7.761194029850746468e-01 9.719626168224299034e-01 8.630705394190870683e-01 9.094506961663170186e-01
5.372168284789643478e-01 0.000000000000000000e+00 0.000000000000000000e+00 0.000000000000000000e+00 4.108910891089109230e-01
5.155279503105589800e-01 0.000000000000000000e+00 0.000000000000000000e+00 0.000000000000000000e+00 3.860465116279069853e-01
8.557993730407523758e-01 6.993464052287581278e-01 1.000000000000000000e+00 8.230769230769230393e-01 8.915094339622641195e-01
6.752411575562701218e-01 5.365853658536585691e-01 4.112149532710280275e-01 4.656084656084655826e-01 6.124702217335532550e-01
5.155279503105589800e-01 0.000000000000000000e+00 0.000000000000000000e+00 0.000000000000000000e+00 3.860465116279069853e-01
6.261980830670926812e-01 4.285714285714285476e-01 2.803738317757009102e-01 3.389830508474576121e-01 5.430995372470738269e-01
5.155279503105589800e-01 0.000000000000000000e+00 0.000000000000000000e+00 0.000000000000000000e+00 3.860465116279069853e-01
7.896551724137931272e-01 7.874999999999999778e-01 5.887850467289719170e-01 6.737967914438501849e-01 7.479444359327919178e-01
8.750000000000000000e-01 7.328767123287671659e-01 1.000000000000000000e+00 8.458498023715415037e-01 9.048780487804878314e-01
5.155279503105589800e-01 0.000000000000000000e+00 0.000000000000000000e+00 0.000000000000000000e+00 3.860465116279069853e-01
5.155279503105589800e-01 0.000000000000000000e+00 0.000000000000000000e+00 0.000000000000000000e+00 3.860465116279069853e-01
8.639240506329114444e-01 7.133333333333333748e-01 1.000000000000000000e+00 8.326848249027237747e-01 8.971291866028708872e-01
5.155279503105589800e-01 0.000000000000000000e+00 0.000000000000000000e+00 0.000000000000000000e+00 3.860465116279069853e-01
8.557993730407523758e-01 6.993464052287581278e-01 1.000000000000000000e+00 8.230769230769230393e-01 8.915094339622641195e-01
5.155279503105589800e-01 0.000000000000000000e+00 0.000000000000000000e+00 0.000000000000000000e+00 3.860465116279069853e-01
5.155279503105589800e-01 0.000000000000000000e+00 0.000000000000000000e+00 0.000000000000000000e+00 3.860465116279069853e-01
5.155279503105589800e-01 0.000000000000000000e+00 0.000000000000000000e+00 0.000000000000000000e+00 3.860465116279069853e-01
5.155279503105589800e-01 0.000000000000000000e+00 0.000000000000000000e+00 0.000000000000000000e+00 3.860465116279069853e-01
5.155279503105589800e-01 0.000000000000000000e+00 0.000000000000000000e+00 0.000000000000000000e+00 3.860465116279069853e-01
5.155279503105589800e-01 0.000000000000000000e+00 0.000000000000000000e+00 0.000000000000000000e+00 3.860465116279069853e-01
8.666666666666666963e-01 7.181208053691274795e-01 1.000000000000000000e+00 8.359375000000000000e-01 8.990384615384615641e-01
8.722044728434504846e-01 7.278911564625850650e-01 1.000000000000000000e+00 8.425196850393700254e-01 9.029126213592232331e-01
8.295819935691318703e-01 7.076923076923077316e-01 8.598130841121495171e-01 7.763713080168775926e-01 8.367692871541140276e-01
5.155279503105589800e-01 0.000000000000000000e+00 0.000000000000000000e+00 0.000000000000000000e+00 3.860465116279069853e-01
5.155279503105589800e-01 0.000000000000000000e+00 0.000000000000000000e+00 0.000000000000000000e+00 3.860465116279069853e-01
