8.834951456310680129e-01 7.482517482517482277e-01 1.000000000000000000e+00 8.559999999999999831e-01 9.108910891089109230e-01
7.568493150684931781e-01 7.432432432432432012e-01 5.140186915887849928e-01 6.077348066298342566e-01 7.056579944430411144e-01
6.932907348242811629e-01 5.604395604395604469e-01 4.766355140186915862e-01 5.151515151515151381e-01 6.412303783685691094e-01
5.155279503105589800e-01 0.000000000000000000e+00 0.000000000000000000e+00 0.000000000000000000e+00 3.860465116279069853e-01
5.320512820512820484e-01 0.000000000000000000e+00 0.000000000000000000e+00 0.000000000000000000e+00 4.048780487804878314e-01
5.322580645161290036e-01 2.500000000000000139e-02 9.345794392523363789e-03 1.360544217687074606e-02 4.086137838957690782e-01
8.424437299035369975e-01 7.164179104477611526e-01 8.971962616822429792e-01 7.966804979253111485e-01 8.554608759391607586e-01
5.155279503105589800e-01 0.000000000000000000e+00 0.000000000000000000e+00 0.000000000000000000e+00 3.860465116279069853e-01
6.006389776357827781e-01 3.548387096774193727e-01 2.056074766355140138e-01 2.603550295857988139e-01 5.057163596769803648e-01
8.584905660377358805e-01 7.039473684210526550e-01 1.000000000000000000e+00 8.262548262548262690e-01 8.933649289099526714e-01
5.155279503105589800e-01 0.000000000000000000e+00 0.000000000000000000e+00 0.000000000000000000e+00 3.860465116279069853e-01
5.155279503105589800e-01 0.000000000000000000e+00 0.000000000000000000e+00 0.000000000000000000e+00 3.860465116279069853e-01
8.722044728434504846e-01 7.278911564625850650e-01 1.000000000000000000e+00 8.425196850393700254e-01 9.029126213592232331e-01
8.611987381703469779e-01 7.086092715231787631e-01 1.000000000000000000e+00 8.294573643410853014e-01 8.952380952380951662e-01
5.155279503105589800e-01 0.000000000000000000e+00 0.000000000000000000e+00 0.000000000000000000e+00 3.860465116279069853e-01
8.722044728434504846e-01 7.278911564625850650e-01 1.000000000000000000e+00 8.425196850393700254e-01 9.029126213592232331e-01
8.806451612903225534e-01 7.430555555555555802e-01 1.000000000000000000e+00 8.525896414342629681e-01 9.088669950738916814e-01
5.322580645161290036e-01 2.500000000000000139e-02 9.345794392523363789e-03 1.360544217687074606e-02 4.086137838957690782e-01
8.806451612903225534e-01 7.430555555555555802e-01 1.000000000000000000e+00 8.525896414342629681e-01 9.088669950738916814e-01
5.404530744336569770e-01 2.702702702702702853e-02 9.345794392523363789e-03 1.388888888888888638e-02 4.155639863051725502e-01
8.892508143322475078e-01 7.588652482269503396e-01 1.000000000000000000e+00 8.629032258064516236e-01 9.149999999999999245e-01
8.778135048231511250e-01 7.379310344827586521e-01 1.000000000000000000e+00 8.492063492063492980e-01 9.068627450980392135e-01
5.155279503105589800e-01 0.000000000000000000e+00 0.000000000000000000e+00 0.000000000000000000e+00 3.860465116279069853e-01
5.268138801261830206e-01 2.222222222222222307e-02 9.345794392523363789e-03 1.315789473684210627e-02 3.999109924343568490e-01
8.611987381703469779e-01 7.086092715231787631e-01 1.000000000000000000e+00 8.294573643410853014e-01 8.952380952380951662e-01
5.155279503105589800e-01 0.000000000000000000e+00 0.000000000000000000e+00 0.000000000000000000e+00 3.860465116279069853e-01
5.155279503105589800e-01 0.000000000000000000e+00 0.000000000000000000e+00 0.000000000000000000e+00 3.860465116279069853e-01
8.269230769230768718e-01 7.022900763358778109e-01 8.598130841121495171e-01 7.731092436974790205e-01 8.347845908365626455e-01
5.155279503105589800e-01 0.000000000000000000e+00 0.000000000000000000e+00 0.000000000000000000e+00 3.860465116279069853e-01
5.236593059936908157e-01 0.000000000000000000e+00 0.000000000000000000e+00 0.000000000000000000e+00 3.952380952380952217e-01
5.155279503105589800e-01 0.000000000000000000e+00 0.000000000000000000e+00 0.000000000000000000e+00 3.860465116279069853e-01
8.666666666666666963e-01 7.181208053691274795e-01 1.000000000000000000e+00 8.359375000000000000e-01 8.990384615384615641e-01
9.009900990099010132e-01 7.810218978102190235e-01 1.000000000000000000e+00 8.770491803278688270e-01 9.234693877551020114e-01
5.155279503105589800e-01 0.000000000000000000e+00 0.000000000000000000e+00 0.000000000000000000e+00 3.860465116279069853e-01
5.155279503105589800e-01 0.000000000000000000e+00 0.000000000000000000e+00 0.000000000000000000e+00 3.860465116279069853e-01
8.584905660377358805e-01 7.039473684210526550e-01 1.000000000000000000e+00 8.262548262548262690e-01 8.933649289099526714e-01
9.009900990099010132e-01 7.810218978102190235e-01 1.000000000000000000e+00 8.770491803278688270e-01 9.234693877551020114e-01
