5.299684542586751146e-01 0.000000000000000000e+00 0.000000000000000000e+00 0.000000000000000000e+00 4.000000000000000222e-01
8.990228013029315512e-01 7.753623188405797118e-01 1.000000000000000000e+00 8.734693877551020780e-01 9.224999999999999867e-01
5.573770491803278215e-01 3.333333333333333287e-02 9.345794392523363789e-03 1.459854014598539924e-02 4.314405739639384230e-01
5.248447204968944568e-01 0.000000000000000000e+00 0.000000000000000000e+00 0.000000000000000000e+00 3.930232558139534760e-01
5.504885993485342244e-01 3.030303030303030387e-02 9.345794392523363789e-03 1.428571428571428353e-02 4.246728971962616117e-01
5.783972125435540290e-01 1.111111111111111049e-01 1.869158878504672758e-02 3.200000000000000067e-02 4.649013499480789124e-01
6.948051948051947591e-01 5.783132530120481674e-01 4.485981308411214896e-01 5.052631578947368585e-01 6.372343888036453574e-01
5.248447204968944568e-01 0.000000000000000000e+00 0.000000000000000000e+00 0.000000000000000000e+00 3.930232558139534760e-01
8.789808917197452498e-01 7.379310344827586521e-01 1.000000000000000000e+00 8.492063492063492980e-01 9.082125603864733554e-01
6.805111821086261559e-01 5.421686746987951500e-01 4.205607476635513930e-01 4.736842105263157632e-01 6.180473641230377346e-01
8.706624605678233708e-01 7.229729729729730270e-01 1.000000000000000000e+00 8.392156862745098200e-01 9.023809523809523947e-01
5.985663082437275850e-01 1.428571428571428492e-01 9.345794392523363789e-03 1.754385964912280604e-02 4.872310367311453727e-01
5.299684542586751146e-01 0.000000000000000000e+00 0.000000000000000000e+00 0.000000000000000000e+00 4.000000000000000222e-01
5.248447204968944568e-01 0.000000000000000000e+00 0.000000000000000000e+00 0.000000000000000000e+00 3.930232558139534760e-01
8.761904761904761862e-01 7.328767123287671659e-01 1.000000000000000000e+00 8.458498023715415037e-01 9.062500000000000000e-01
7.954545454545454142e-01 6.929824561403509220e-01 7.383177570093457653e-01 7.149321266968324817e-01 7.820942018877574675e-01
5.248447204968944568e-01 0.000000000000000000e+00 0.000000000000000000e+00 0.000000000000000000e+00 3.930232558139534760e-01
5.399361022364217444e-01 2.564102564102564014e-02 9.345794392523363789e-03 1.369863013698630061e-02 4.124398874875237486e-01
5.248447204968944568e-01 0.000000000000000000e+00 0.000000000000000000e+00 0.000000000000000000e+00 3.930232558139534760e-01
9.078947368421053099e-01 7.925925925925926263e-01 1.000000000000000000e+00 8.842975206611569661e-01 9.289340101522842730e-01
9.139072847682119249e-01 8.045112781954887327e-01 1.000000000000000000e+00 8.916666666666667185e-01 9.333333333333333481e-01
5.248447204968944568e-01 0.000000000000000000e+00 0.000000000000000000e+00 0.000000000000000000e+00 3.930232558139534760e-01
5.439739413680781954e-01 2.857142857142857054e-02 9.345794392523363789e-03 1.408450704225351971e-02 4.196728971962616073e-01
8.100000000000000533e-01 7.450980392156862919e-01 7.102803738317756688e-01 7.272727272727271819e-01 7.877826739625199970e-01
5.248447204968944568e-01 0.000000000000000000e+00 0.000000000000000000e+00 0.000000000000000000e+00 3.930232558139534760e-01
8.761904761904761862e-01 7.328767123287671659e-01 1.000000000000000000e+00 8.458498023715415037e-01 9.062500000000000000e-01
5.248447204968944568e-01 0.000000000000000000e+00 0.000000000000000000e+00 0.000000000000000000e+00 3.930232558139534760e-01
5.372168284789643478e-01 0.000000000000000000e+00 0.000000000000000000e+00 0.000000000000000000e+00 4.108910891089109230e-01
5.248447204968944568e-01 0.000000000000000000e+00 0.000000000000000000e+00 0.000000000000000000e+00 3.930232558139534760e-01
5.646258503401360151e-01 4.347826086956521618e-02 9.345794392523363789e-03 1.538461538461538200e-02 4.458493677844969083e-01
5.365079365079364893e-01 0.000000000000000000e+00 0.000000000000000000e+00 0.000000000000000000e+00 4.062500000000000000e-01
5.548172757475082761e-01 3.448275862068965469e-02 9.345794392523363789e-03 1.470588235294117453e-02 4.325079487426534142e-01
9.019607843137255054e-01 7.810218978102190235e-01 1.000000000000000000e+00 8.770491803278688270e-01 9.246231155778894539e-01
8.525641025641025328e-01 7.259259259259259744e-01 9.158878504672897103e-01 8.099173553719007934e-01 8.677000227946204403e-01
8.542372881355931868e-01 7.962962962962962798e-01 8.037383177570093240e-01 8.000000000000000444e-01 8.433585205806322094e-01
5.248447204968944568e-01 0.000000000000000000e+00 0.000000000000000000e+00 0.000000000000000000e+00 3.930232558139534760e-01
5.439739413680781954e-01 2.857142857142857054e-02 9.345794392523363789e-03 1.408450704225351971e-02 4.196728971962616073e-01
