5.248447204968944568e-01 0.000000000000000000e+00 0.000000000000000000e+00 0.000000000000000000e+00 3.930232558139534760e-01
5.248447204968944568e-01 0.000000000000000000e+00 0.000000000000000000e+00 0.000000000000000000e+00 3.930232558139534760e-01
5.646258503401360151e-01 4.347826086956521618e-02 9.345794392523363789e-03 1.538461538461538200e-02 4.458493677844969083e-01
6.843853820598007065e-01 5.882352941176470784e-01 3.738317757009345654e-01 4.571428571428571286e-01 6.147509393968590974e-01
8.585526315789473450e-01 7.666666666666667185e-01 8.598130841121495171e-01 8.105726872246695747e-01 8.588405522083590871e-01
9.078947368421053099e-01 7.925925925925926263e-01 1.000000000000000000e+00 8.842975206611569661e-01 9.289340101522842730e-01
9.078947368421053099e-01 7.925925925925926263e-01 1.000000000000000000e+00 8.842975206611569661e-01 9.289340101522842730e-01
5.526315789473684736e-01 3.225806451612903136e-02 9.345794392523363789e-03 1.449275362318840250e-02 4.285307652165661896e-01
5.372168284789643478e-01 0.000000000000000000e+00 0.000000000000000000e+00 0.000000000000000000e+00 4.108910891089109230e-01
8.874598070739549982e-01 7.535211267605633756e-01 1.000000000000000000e+00 8.594377510040159818e-01 9.142156862745097756e-01
5.248447204968944568e-01 0.000000000000000000e+00 0.000000000000000000e+00 0.000000000000000000e+00 3.930232558139534760e-01
5.631399317406143856e-01 4.347826086956521618e-02 9.345794392523363789e-03 1.538461538461538200e-02 4.455331122500250651e-01
5.248447204968944568e-01 0.000000000000000000e+00 0.000000000000000000e+00 0.000000000000000000e+00 3.930232558139534760e-01
6.205787781350482479e-01 4.098360655737705027e-01 2.336448598130841103e-01 2.976190476190476164e-01 5.285871357888949351e-01
8.817891373801917121e-01 7.430555555555555802e-01 1.000000000000000000e+00 8.525896414342629681e-01 9.101941747572814823e-01
5.671140939597315578e-01 4.166666666666666435e-02 9.345794392523363789e-03 1.526717557251908164e-02 4.444634731124920135e-01
8.961038961038960693e-01 7.697841726618704916e-01 1.000000000000000000e+00 8.699186991869918284e-01 9.203980099502487855e-01
8.932038834951456785e-01 7.642857142857142350e-01 1.000000000000000000e+00 8.663967611336031993e-01 9.183168316831682443e-01
5.264797507788161468e-01 0.000000000000000000e+00 0.000000000000000000e+00 0.000000000000000000e+00 3.948598130841121656e-01
5.248447204968944568e-01 0.000000000000000000e+00 0.000000000000000000e+00 0.000000000000000000e+00 3.930232558139534760e-01
9.108910891089109230e-01 7.985074626865671377e-01 1.000000000000000000e+00 8.879668049792530660e-01 9.311224489795918435e-01
8.903225806451613433e-01 7.588652482269503396e-01 1.000000000000000000e+00 8.629032258064516236e-01 9.162561576354679715e-01
5.248447204968944568e-01 0.000000000000000000e+00 0.000000000000000000e+00 0.000000000000000000e+00 3.930232558139534760e-01
5.633333333333333526e-01 3.846153846153846367e-02 9.345794392523363789e-03 1.503759398496240518e-02 4.399060578180233327e-01
6.205787781350482479e-01 4.098360655737705027e-01 2.336448598130841103e-01 2.976190476190476164e-01 5.285871357888949351e-01
8.817891373801917121e-01 7.430555555555555802e-01 1.000000000000000000e+00 8.525896414342629681e-01 9.101941747572814823e-01
5.469255663430421244e-01 2.857142857142857054e-02 9.345794392523363789e-03 1.408450704225351971e-02 4.205144813546774496e-01
5.248447204968944568e-01 0.000000000000000000e+00 0.000000000000000000e+00 0.000000000000000000e+00 3.930232558139534760e-01
7.142857142857143016e-01 6.067415730337079038e-01 5.046728971962616273e-01 5.510204081632653628e-01 6.652717719812154540e-01
5.248447204968944568e-01 0.000000000000000000e+00 0.000000000000000000e+00 0.000000000000000000e+00 3.930232558139534760e-01
6.233766233766233622e-01 4.262295081967212851e-01 2.429906542056074759e-01 3.095238095238095344e-01 5.344306504858883367e-01
9.078947368421053099e-01 7.925925925925926263e-01 1.000000000000000000e+00 8.842975206611569661e-01 9.289340101522842730e-01
5.248447204968944568e-01 0.000000000000000000e+00 0.000000000000000000e+00 0.000000000000000000e+00 3.930232558139534760e-01
8.394648829431438086e-01 7.657657657657657158e-01 7.943925233644859585e-01 7.798165137614677667e-01 8.294879283489096089e-01
8.571428571428570953e-01 6.993464052287581278e-01 1.000000000000000000e+00 8.230769230769230393e-01 8.930232558139534760e-01
8.679245283018868218e-01 7.181208053691274795e-01 1.000000000000000000e+00 8.359375000000000000e-01 9.004739336492890711e-01
5.299684542586751146e-01 0.000000000000000000e+00 0.000000000000000000e+00 0.000000000000000000e+00 4.000000000000000222e-01
