8.817891373801917121e-01 7.430555555555555802e-01 1.000000000000000000e+00 8.525896414342629681e-01 9.101941747572814823e-01
6.049822064056940008e-01 2.999999999999999889e-01 2.803738317757009310e-02 5.128205128205128721e-02 4.939037490600493574e-01
5.891719745222929738e-01 2.962962962962962798e-01 1.495327102803738206e-01 1.987577639751552661e-01 4.829789155266603351e-01
5.248447204968944568e-01 0.000000000000000000e+00 0.000000000000000000e+00 0.000000000000000000e+00 3.930232558139534760e-01
5.422077922077922496e-01 2.777777777777777624e-02 9.345794392523363789e-03 1.398601398601398600e-02 4.176082205793462121e-01
5.622895622895622836e-01 4.000000000000000083e-02 9.345794392523363789e-03 1.515151515151515020e-02 4.415150024594195477e-01
8.338762214983713728e-01 7.258064516129032473e-01 8.411214953271027861e-01 7.792207792207792583e-01 8.355607476635512620e-01
5.316455696202531112e-01 0.000000000000000000e+00 0.000000000000000000e+00 0.000000000000000000e+00 4.019138755980861122e-01
5.724137931034483096e-01 5.263157894736841813e-02 9.345794392523363789e-03 1.587301587301587213e-02 4.554925693274091691e-01
8.903225806451613433e-01 7.588652482269503396e-01 1.000000000000000000e+00 8.629032258064516236e-01 9.162561576354679715e-01
5.248447204968944568e-01 0.000000000000000000e+00 0.000000000000000000e+00 0.000000000000000000e+00 3.930232558139534760e-01
5.350318471337579540e-01 0.000000000000000000e+00 0.000000000000000000e+00 0.000000000000000000e+00 4.057971014492753881e-01
8.874598070739549982e-01 7.535211267605633756e-01 1.000000000000000000e+00 8.594377510040159818e-01 9.142156862745097756e-01
8.598130841121495171e-01 7.039473684210526550e-01 1.000000000000000000e+00 8.262548262548262690e-01 8.948598130841122211e-01
5.248447204968944568e-01 0.000000000000000000e+00 0.000000000000000000e+00 0.000000000000000000e+00 3.930232558139534760e-01
9.139072847682119249e-01 8.045112781954887327e-01 1.000000000000000000e+00 8.916666666666667185e-01 9.333333333333333481e-01
9.108910891089109230e-01 7.985074626865671377e-01 1.000000000000000000e+00 8.879668049792530660e-01 9.311224489795918435e-01
5.416666666666666297e-01 0.000000000000000000e+00 0.000000000000000000e+00 0.000000000000000000e+00 4.121951219512195452e-01
9.292929292929292817e-01 8.359375000000000000e-01 1.000000000000000000e+00 9.106382978723404076e-01 9.447368421052630971e-01
5.694915254237288282e-01 4.545454545454545581e-02 9.345794392523363789e-03 1.550387596899224611e-02 4.488218333664744097e-01
8.961038961038960693e-01 7.697841726618704916e-01 1.000000000000000000e+00 8.699186991869918284e-01 9.203980099502487855e-01
5.570032573289902533e-01 6.060606060606060774e-02 1.869158878504672758e-02 2.857142857142856707e-02 4.318457943925233522e-01
5.248447204968944568e-01 0.000000000000000000e+00 0.000000000000000000e+00 0.000000000000000000e+00 3.930232558139534760e-01
5.496688741721854621e-01 3.225806451612903136e-02 9.345794392523363789e-03 1.449275362318840250e-02 4.277498202731846999e-01
8.598130841121495171e-01 7.039473684210526550e-01 1.000000000000000000e+00 8.262548262548262690e-01 8.948598130841122211e-01
5.248447204968944568e-01 0.000000000000000000e+00 0.000000000000000000e+00 0.000000000000000000e+00 3.930232558139534760e-01
5.401929260450161197e-01 2.631578947368420907e-02 9.345794392523363789e-03 1.379310344827586188e-02 4.139866226864576948e-01
7.207792207792207417e-01 6.153846153846154188e-01 5.233644859813083583e-01 5.656565656565655242e-01 6.746175663737388195e-01
5.248447204968944568e-01 0.000000000000000000e+00 0.000000000000000000e+00 0.000000000000000000e+00 3.930232558139534760e-01
5.299684542586751146e-01 0.000000000000000000e+00 0.000000000000000000e+00 0.000000000000000000e+00 4.000000000000000222e-01
5.248447204968944568e-01 0.000000000000000000e+00 0.000000000000000000e+00 0.000000000000000000e+00 3.930232558139534760e-01
8.789808917197452498e-01 7.379310344827586521e-01 1.000000000000000000e+00 8.492063492063492980e-01 9.082125603864733554e-01
9.169435215946843964e-01 8.106060606060605522e-01 1.000000000000000000e+00 8.953974895397489586e-01 9.355670103092783574e-01
5.384615384615384359e-01 0.000000000000000000e+00 0.000000000000000000e+00 0.000000000000000000e+00 4.097560975609756406e-01
5.248447204968944568e-01 0.000000000000000000e+00 0.000000000000000000e+00 0.000000000000000000e+00 3.930232558139534760e-01
8.598130841121495171e-01 7.039473684210526550e-01 1.000000000000000000e+00 8.262548262548262690e-01 8.948598130841122211e-01
8.961038961038960693e-01 7.697841726618704916e-01 1.000000000000000000e+00 8.699186991869918284e-01 9.203980099502487855e-01
