9.534161490683229490e-01 8.770491803278688270e-01 1.000000000000000000e+00 9.344978165938864212e-01 9.651162790697673799e-01
7.133757961783439017e-01 7.297297297297297147e-01 2.523364485981308136e-01 3.749999999999999445e-01 6.020136349270847065e-01
9.593749999999999778e-01 8.916666666666667185e-01 1.000000000000000000e+00 9.427312775330397576e-01 9.694835680751173745e-01
9.534161490683229490e-01 8.770491803278688270e-01 1.000000000000000000e+00 9.344978165938864212e-01 9.651162790697673799e-01
9.684542586750788384e-01 9.145299145299145005e-01 1.000000000000000000e+00 9.553571428571429047e-01 9.761904761904761640e-01
6.416382252559726940e-01 5.833333333333333703e-01 6.542056074766354479e-02 1.176470588235293963e-01 5.192694201587779723e-01
6.581469648562300323e-01 5.000000000000000000e-01 8.411214953271027583e-02 1.439999999999999891e-01 5.202114145721803418e-01
9.623824451410658565e-01 8.991596638655462437e-01 1.000000000000000000e+00 9.469026548672566657e-01 9.716981132075471761e-01
6.125827814569536622e-01 0.000000000000000000e+00 0.000000000000000000e+00 0.000000000000000000e+00 4.743589743589743390e-01
9.534161490683229490e-01 8.770491803278688270e-01 1.000000000000000000e+00 9.344978165938864212e-01 9.651162790697673799e-01
7.886435331230283730e-01 8.125000000000000000e-01 4.859813084112149517e-01 6.081871345029239428e-01 7.144192256341788116e-01
9.563862928348909609e-01 8.842975206611570771e-01 1.000000000000000000e+00 9.385964912280702066e-01 9.672897196261681652e-01
9.682539682539682557e-01 9.217391304347826164e-01 9.906542056074766345e-01 9.549549549549549710e-01 9.736924874191229540e-01
9.563862928348909609e-01 8.842975206611570771e-01 1.000000000000000000e+00 9.385964912280702066e-01 9.672897196261681652e-01
9.593749999999999778e-01 8.916666666666667185e-01 1.000000000000000000e+00 9.427312775330397576e-01 9.694835680751173745e-01
9.534161490683229490e-01 8.770491803278688270e-01 1.000000000000000000e+00 9.344978165938864212e-01 9.651162790697673799e-01
9.534161490683229490e-01 8.770491803278688270e-01 1.000000000000000000e+00 9.344978165938864212e-01 9.651162790697673799e-01
9.684542586750788384e-01 9.145299145299145005e-01 1.000000000000000000e+00 9.553571428571429047e-01 9.761904761904761640e-01
6.540880503144653746e-01 4.210526315789473450e-01 7.476635514018691031e-02 1.269841269841269771e-01 5.113168268591929966e-01
6.040268456375839090e-01 0.000000000000000000e+00 0.000000000000000000e+00 0.000000000000000000e+00 4.712041884816753901e-01
9.534161490683229490e-01 8.770491803278688270e-01 1.000000000000000000e+00 9.344978165938864212e-01 9.651162790697673799e-01
9.654088050314465486e-01 9.067796610169491789e-01 1.000000000000000000e+00 9.511111111111111294e-01 9.739336492890995345e-01
5.526315789473684736e-01 0.000000000000000000e+00 0.000000000000000000e+00 0.000000000000000000e+00 4.622641509433962348e-01
6.464968152866241713e-01 4.000000000000000222e-01 7.476635514018691031e-02 1.259842519685039075e-01 5.083976703237166328e-01
9.563862928348909609e-01 8.842975206611570771e-01 1.000000000000000000e+00 9.385964912280702066e-01 9.672897196261681652e-01
9.593749999999999778e-01 8.916666666666667185e-01 1.000000000000000000e+00 9.427312775330397576e-01 9.694835680751173745e-01
6.732026143790850181e-01 6.400000000000000133e-01 1.495327102803738206e-01 2.424242424242424032e-01 5.521532898135537160e-01
9.563862928348909609e-01 8.842975206611570771e-01 1.000000000000000000e+00 9.385964912280702066e-01 9.672897196261681652e-01
5.951557093425605682e-01 1.875000000000000000e-01 2.803738317757009310e-02 4.878048780487804353e-02 4.783044058744992943e-01
5.808823529411765163e-01 3.478260869565217295e-01 7.476635514018691031e-02 1.230769230769230560e-01 4.919286321155479924e-01
9.119496855345912145e-01 8.910891089108911034e-01 8.411214953271027861e-01 8.653846153846154188e-01 8.944943969526508720e-01
9.654088050314465486e-01 9.067796610169491789e-01 1.000000000000000000e+00 9.511111111111111294e-01 9.739336492890995345e-01
9.534161490683229490e-01 8.770491803278688270e-01 1.000000000000000000e+00 9.344978165938864212e-01 9.651162790697673799e-01
6.510903426791276871e-01 4.000000000000000222e-01 9.345794392523364136e-02 1.515151515151514916e-01 5.116822429906542347e-01
9.534161490683229490e-01 8.770491803278688270e-01 1.000000000000000000e+00 9.344978165938864212e-01 9.651162790697673799e-01
9.534161490683229490e-01 8.770491803278688270e-01 1.000000000000000000e+00 9.344978165938864212e-01 9.651162790697673799e-01
9.587301587301587658e-01 8.916666666666667185e-01 1.000000000000000000e+00 9.427312775330397576e-01 9.687500000000000000e-01
