6.565656565656565746e-01 6.666666666666666297e-01 9.345794392523364136e-02 1.639344262295081844e-01 5.335710772257746815e-01
9.534161490683229490e-01 8.770491803278688270e-01 1.000000000000000000e+00 9.344978165938864212e-01 9.651162790697673799e-01
5.827067669172932840e-01 4.090909090909091161e-01 8.411214953271027583e-02 1.395348837209302306e-01 5.011755716217010104e-01
6.416938110749185187e-01 4.000000000000000222e-01 5.607476635514018620e-02 9.836065573770491621e-02 5.055373831775700211e-01
5.801526717557251578e-01 4.210526315789473450e-01 7.476635514018691031e-02 1.269841269841269771e-01 5.018993066023514915e-01
7.194719471947195188e-01 7.750000000000000222e-01 2.897196261682242757e-01 4.217687074829931659e-01 6.219006294106427246e-01
6.585365853658536883e-01 7.647058823529411242e-01 1.214953271028037379e-01 2.096774193548386900e-01 5.496365524402907488e-01
9.646302250803858724e-01 9.067796610169491789e-01 1.000000000000000000e+00 9.511111111111111294e-01 9.730392156862744946e-01
9.534161490683229490e-01 8.770491803278688270e-01 1.000000000000000000e+00 9.344978165938864212e-01 9.651162790697673799e-01
9.654088050314465486e-01 9.067796610169491789e-01 1.000000000000000000e+00 9.511111111111111294e-01 9.739336492890995345e-01
9.339622641509434109e-01 8.981481481481481399e-01 9.065420560747663448e-01 9.023255813953489080e-01 9.272046773264827069e-01
9.654088050314465486e-01 9.067796610169491789e-01 1.000000000000000000e+00 9.511111111111111294e-01 9.739336492890995345e-01
6.315789473684210176e-01 5.625000000000000000e-01 8.411214953271027583e-02 1.463414634146341375e-01 5.223931534180404901e-01
5.820895522388059851e-01 0.000000000000000000e+00 0.000000000000000000e+00 0.000000000000000000e+00 4.844720496894410200e-01
9.534161490683229490e-01 8.770491803278688270e-01 1.000000000000000000e+00 9.344978165938864212e-01 9.651162790697673799e-01
9.534161490683229490e-01 8.770491803278688270e-01 1.000000000000000000e+00 9.344978165938864212e-01 9.651162790697673799e-01
5.642857142857142794e-01 0.000000000000000000e+00 0.000000000000000000e+00 0.000000000000000000e+00 4.566473988439306297e-01
5.656934306569343374e-01 0.000000000000000000e+00 0.000000000000000000e+00 0.000000000000000000e+00 4.640718562874251440e-01
9.526813880126182577e-01 8.898305084745762317e-01 9.813084112149532690e-01 9.333333333333332371e-01 9.597018246550956810e-01
6.088560885608855777e-01 5.263157894736841813e-01 9.345794392523364136e-02 1.587301587301587213e-01 5.192899475723729008e-01
9.534161490683229490e-01 8.770491803278688270e-01 1.000000000000000000e+00 9.344978165938864212e-01 9.651162790697673799e-01
6.101083032490974833e-01 4.782608695652174058e-01 1.028037383177570069e-01 1.692307692307692402e-01 5.161077515118196457e-01
5.999999999999999778e-01 0.000000000000000000e+00 0.000000000000000000e+00 0.000000000000000000e+00 4.621212121212120993e-01
9.534161490683229490e-01 8.770491803278688270e-01 1.000000000000000000e+00 9.344978165938864212e-01 9.651162790697673799e-01
5.820895522388059851e-01 0.000000000000000000e+00 0.000000000000000000e+00 0.000000000000000000e+00 4.844720496894410200e-01
9.534161490683229490e-01 8.770491803278688270e-01 1.000000000000000000e+00 9.344978165938864212e-01 9.651162790697673799e-01
5.904436860068259518e-01 0.000000000000000000e+00 0.000000000000000000e+00 0.000000000000000000e+00 4.650537634408602461e-01
7.095709570957096091e-01 7.111111111111111382e-01 2.990654205607476412e-01 4.210526315789474006e-01 6.163694449742513903e-01
6.195286195286194841e-01 3.333333333333333148e-01 5.607476635514018620e-02 9.600000000000000200e-02 4.964584358091490568e-01
6.164383561643835829e-01 2.727272727272727071e-01 2.803738317757009310e-02 5.084745762711864042e-02 4.923970699671633700e-01
5.454545454545454142e-01 4.117647058823529216e-01 6.542056074766354479e-02 1.129032258064515959e-01 4.956732433367946888e-01
8.909657320872274022e-01 8.529411764705882026e-01 8.130841121495326895e-01 8.325358851674640182e-01 8.714953271028037518e-01
9.534161490683229490e-01 8.770491803278688270e-01 1.000000000000000000e+00 9.344978165938864212e-01 9.651162790697673799e-01
9.563862928348909609e-01 8.842975206611570771e-01 1.000000000000000000e+00 9.385964912280702066e-01 9.672897196261681652e-01
9.684542586750788384e-01 9.145299145299145005e-01 1.000000000000000000e+00 9.553571428571429047e-01 9.761904761904761640e-01
5.999999999999999778e-01 0.000000000000000000e+00 0.000000000000000000e+00 0.000000000000000000e+00 4.754098360655737432e-01
8.785942492012779326e-01 8.709677419354838745e-01 7.570093457943924964e-01 8.100000000000000533e-01 8.493784593049632514e-01
