9.534161490683229490e-01 8.770491803278688270e-01 1.000000000000000000e+00 9.344978165938864212e-01 9.651162790697673799e-01
9.534161490683229490e-01 8.770491803278688270e-01 1.000000000000000000e+00 9.344978165938864212e-01 9.651162790697673799e-01
9.534161490683229490e-01 8.770491803278688270e-01 1.000000000000000000e+00 9.344978165938864212e-01 9.651162790697673799e-01
6.751592356687897700e-01 5.757575757575758013e-01 1.775700934579439172e-01 2.714285714285714080e-01 5.549686216081990420e-01
9.534161490683229490e-01 8.770491803278688270e-01 1.000000000000000000e+00 9.344978165938864212e-01 9.651162790697673799e-01
9.745222929936305789e-01 9.304347826086956097e-01 1.000000000000000000e+00 9.639639639639638879e-01 9.806763285024154841e-01
7.420382165605095004e-01 7.600000000000000089e-01 3.551401869158878344e-01 4.840764331210191118e-01 6.485845862115671157e-01
6.860841423948219608e-01 6.923076923076922906e-01 1.682242990654205517e-01 2.706766917293232932e-01 5.643101693346904701e-01
7.606557377049180113e-01 8.399999999999999689e-01 3.925233644859812965e-01 5.350318471337579540e-01 6.760596620409703439e-01
9.534161490683229490e-01 8.770491803278688270e-01 1.000000000000000000e+00 9.344978165938864212e-01 9.651162790697673799e-01
9.563862928348909609e-01 8.842975206611570771e-01 1.000000000000000000e+00 9.385964912280702066e-01 9.672897196261681652e-01
9.534161490683229490e-01 8.770491803278688270e-01 1.000000000000000000e+00 9.344978165938864212e-01 9.651162790697673799e-01
6.971608832807570932e-01 6.666666666666666297e-01 2.056074766355140138e-01 3.142857142857142794e-01 5.766132621272808123e-01
9.534161490683229490e-01 8.770491803278688270e-01 1.000000000000000000e+00 9.344978165938864212e-01 9.651162790697673799e-01
9.563862928348909609e-01 8.842975206611570771e-01 1.000000000000000000e+00 9.385964912280702066e-01 9.672897196261681652e-01
9.534161490683229490e-01 8.770491803278688270e-01 1.000000000000000000e+00 9.344978165938864212e-01 9.651162790697673799e-01
9.654088050314465486e-01 9.067796610169491789e-01 1.000000000000000000e+00 9.511111111111111294e-01 9.739336492890995345e-01
9.745222929936305789e-01 9.304347826086956097e-01 1.000000000000000000e+00 9.639639639639638879e-01 9.806763285024154841e-01
9.534161490683229490e-01 8.770491803278688270e-01 1.000000000000000000e+00 9.344978165938864212e-01 9.651162790697673799e-01
6.656050955414012371e-01 5.625000000000000000e-01 8.411214953271027583e-02 1.463414634146341375e-01 5.251478622059686518e-01
9.534161490683229490e-01 8.770491803278688270e-01 1.000000000000000000e+00 9.344978165938864212e-01 9.651162790697673799e-01
9.654088050314465486e-01 9.067796610169491789e-01 1.000000000000000000e+00 9.511111111111111294e-01 9.739336492890995345e-01
9.534161490683229490e-01 8.770491803278688270e-01 1.000000000000000000e+00 9.344978165938864212e-01 9.651162790697673799e-01
9.534161490683229490e-01 8.770491803278688270e-01 1.000000000000000000e+00 9.344978165938864212e-01 9.651162790697673799e-01
9.534161490683229490e-01 8.770491803278688270e-01 1.000000000000000000e+00 9.344978165938864212e-01 9.651162790697673799e-01
9.563862928348909609e-01 8.842975206611570771e-01 1.000000000000000000e+00 9.385964912280702066e-01 9.672897196261681652e-01
8.789808917197452498e-01 8.631578947368421240e-01 7.663551401869158619e-01 8.118811881188119361e-01 8.517766039098829678e-01
9.534161490683229490e-01 8.770491803278688270e-01 1.000000000000000000e+00 9.344978165938864212e-01 9.651162790697673799e-01
9.223300970873786753e-01 9.662921348314607028e-01 8.037383177570093240e-01 8.775510204081633514e-01 8.944434163042471742e-01
7.580645161290322509e-01 7.580645161290322509e-01 4.392523364485981241e-01 5.562130177514793550e-01 6.826803554164172505e-01
9.617834394904458684e-01 8.991596638655462437e-01 1.000000000000000000e+00 9.469026548672566657e-01 9.710144927536231707e-01
9.534161490683229490e-01 8.770491803278688270e-01 1.000000000000000000e+00 9.344978165938864212e-01 9.651162790697673799e-01
9.534161490683229490e-01 8.770491803278688270e-01 1.000000000000000000e+00 9.344978165938864212e-01 9.651162790697673799e-01
9.623824451410658565e-01 8.991596638655462437e-01 1.000000000000000000e+00 9.469026548672566657e-01 9.716981132075471761e-01
9.534161490683229490e-01 8.770491803278688270e-01 1.000000000000000000e+00 9.344978165938864212e-01 9.651162790697673799e-01
9.534161490683229490e-01 8.770491803278688270e-01 1.000000000000000000e+00 9.344978165938864212e-01 9.651162790697673799e-01
9.684542586750788384e-01 9.145299145299145005e-01 1.000000000000000000e+00 9.553571428571429047e-01 9.761904761904761640e-01
