5.685618729096989510e-01 4.166666666666666435e-02 9.345794392523363789e-03 1.526717557251908164e-02 4.447770638629283124e-01
8.881789137380191601e-01 7.535211267605633756e-01 1.000000000000000000e+00 8.594377510040159818e-01 9.150485436893203151e-01
5.856164383561643927e-01 6.250000000000000000e-02 9.345794392523363789e-03 1.626016260162601451e-02 4.641323566557210567e-01
7.763578274760383202e-01 6.728971962616822067e-01 6.728971962616822067e-01 6.728971962616822067e-01 7.514971418201614739e-01
5.498392282958198818e-01 0.000000000000000000e+00 0.000000000000000000e+00 0.000000000000000000e+00 4.191176470588235392e-01
5.612903225806451513e-01 8.571428571428571508e-02 2.803738317757009310e-02 4.225352112676056260e-02 4.352009575986371948e-01
5.882352941176470784e-01 7.142857142857142461e-02 9.345794392523363789e-03 1.652892561983470773e-02 4.689586114819759288e-01
6.088435374149659962e-01 3.333333333333333148e-01 7.476635514018691031e-02 1.221374045801526531e-01 4.946024289069918534e-01
8.853503184713376051e-01 7.482517482517482277e-01 1.000000000000000000e+00 8.559999999999999831e-01 9.130434782608696231e-01
5.695364238410596247e-01 4.000000000000000083e-02 9.345794392523363789e-03 1.515151515151515020e-02 4.431344356578000854e-01
8.938906752411575063e-01 7.642857142857142350e-01 1.000000000000000000e+00 8.663967611336031993e-01 9.191176470588235947e-01
5.993031358885017035e-01 1.000000000000000056e-01 9.345794392523363789e-03 1.709401709401709227e-02 4.796728971962616050e-01
5.777027027027027417e-01 5.000000000000000278e-02 9.345794392523363789e-03 1.574803149606298844e-02 4.544083469317113932e-01
6.286644951140064608e-01 4.313725490196078649e-01 2.056074766355140138e-01 2.784810126582278333e-01 5.303037383177570119e-01
8.853503184713376051e-01 7.482517482517482277e-01 1.000000000000000000e+00 8.559999999999999831e-01 9.130434782608696231e-01
5.870307167235494505e-01 1.111111111111111049e-01 1.869158878504672758e-02 3.200000000000000067e-02 4.663350417043513052e-01
5.662251655629139124e-01 3.846153846153846367e-02 9.345794392523363789e-03 1.503759398496240518e-02 4.405703330936975304e-01
5.495207667731629719e-01 2.777777777777777624e-02 9.345794392523363789e-03 1.398601398601398600e-02 4.197214408855820533e-01
6.112956810631229310e-01 3.684210526315789269e-01 1.308411214953270896e-01 1.931034482758620385e-01 5.035648906445707729e-01
9.114754098360655643e-01 7.985074626865671377e-01 1.000000000000000000e+00 8.879668049792530660e-01 9.318181818181818787e-01
9.025974025974026205e-01 7.810218978102190235e-01 1.000000000000000000e+00 8.770491803278688270e-01 9.253731343283582156e-01
5.993377483443708131e-01 2.941176470588235392e-01 9.345794392523364136e-02 1.418439716312056564e-01 4.851905104241552857e-01
5.639344262295081789e-01 3.571428571428571230e-02 9.345794392523363789e-03 1.481481481481481191e-02 4.364910790144435060e-01
8.338762214983713728e-01 7.413793103448276245e-01 8.037383177570093240e-01 7.713004484304931685e-01 8.268691588785045399e-01
6.286644951140064608e-01 4.313725490196078649e-01 2.056074766355140138e-01 2.784810126582278333e-01 5.303037383177570119e-01
8.853503184713376051e-01 7.482517482517482277e-01 1.000000000000000000e+00 8.559999999999999831e-01 9.130434782608696231e-01
5.530546623794212469e-01 2.941176470588235253e-02 9.345794392523363789e-03 1.418439716312056530e-02 4.237905442550851665e-01
5.606557377049180557e-01 3.448275862068965469e-02 9.345794392523363789e-03 1.470588235294117453e-02 4.339658264891909090e-01
5.629139072847682002e-01 0.000000000000000000e+00 0.000000000000000000e+00 0.000000000000000000e+00 4.358974358974359031e-01
5.681063122923587505e-01 4.000000000000000083e-02 9.345794392523363789e-03 1.515151515151515020e-02 4.428172270931688970e-01
5.810810810810810301e-01 5.263157894736841813e-02 9.345794392523363789e-03 1.587301587301587213e-02 4.570538495772140664e-01
5.699999999999999512e-01 4.166666666666666435e-02 9.345794392523363789e-03 1.526717557251908164e-02 4.450874049682823630e-01
8.967741935483870552e-01 7.697841726618704916e-01 1.000000000000000000e+00 8.699186991869918284e-01 9.211822660098522020e-01
5.993031358885017035e-01 1.000000000000000056e-01 9.345794392523363789e-03 1.709401709401709227e-02 4.796728971962616050e-01
5.821917808219178037e-01 5.882352941176470507e-02 9.345794392523363789e-03 1.612903225806451221e-02 4.614296539530183816e-01
5.639344262295081789e-01 3.571428571428571230e-02 9.345794392523363789e-03 1.481481481481481191e-02 4.364910790144435060e-01
6.070175438596491224e-01 2.222222222222222099e-01 1.869158878504672758e-02 3.448275862068965469e-02 4.896828730442087663e-01
