9.084967320261437829e-01 7.925925925925926263e-01 1.000000000000000000e+00 8.842975206611569661e-01 9.296482412060301792e-01
6.146179401993355773e-01 3.783783783783783994e-01 1.308411214953270896e-01 1.944444444444444198e-01 5.061422102321996297e-01
5.551948051948052409e-01 3.125000000000000000e-02 9.345794392523363789e-03 1.438848920863309254e-02 4.275584693355651833e-01
5.695364238410596247e-01 4.000000000000000083e-02 9.345794392523363789e-03 1.515151515151515020e-02 4.431344356578000854e-01
5.719063545150501193e-01 4.347826086956521618e-02 9.345794392523363789e-03 1.538461538461538200e-02 4.473812305295949421e-01
5.972222222222222099e-01 1.538461538461538547e-01 1.869158878504672758e-02 3.333333333333333287e-02 4.789590540610316749e-01
5.714285714285713969e-01 4.166666666666666435e-02 9.345794392523363789e-03 1.526717557251908164e-02 4.453945466807977538e-01
5.699999999999999512e-01 4.166666666666666435e-02 9.345794392523363789e-03 1.526717557251908164e-02 4.450874049682823630e-01
7.435064935064935598e-01 6.590909090909090606e-01 5.420560747663550893e-01 5.948717948717948678e-01 6.964011717115357047e-01
9.235880398671096891e-01 8.230769230769230393e-01 1.000000000000000000e+00 9.029535864978902593e-01 9.407216494845360710e-01
5.310559006211179600e-01 0.000000000000000000e+00 0.000000000000000000e+00 0.000000000000000000e+00 3.976744186046511365e-01
5.498392282958198818e-01 0.000000000000000000e+00 0.000000000000000000e+00 0.000000000000000000e+00 4.191176470588235392e-01
8.881789137380191601e-01 7.535211267605633756e-01 1.000000000000000000e+00 8.594377510040159818e-01 9.150485436893203151e-01
5.810810810810810301e-01 5.263157894736841813e-02 9.345794392523363789e-03 1.587301587301587213e-02 4.570538495772140664e-01
5.530546623794212469e-01 2.941176470588235253e-02 9.345794392523363789e-03 1.418439716312056530e-02 4.237905442550851665e-01
8.967741935483870552e-01 7.697841726618704916e-01 1.000000000000000000e+00 8.699186991869918284e-01 9.211822660098522020e-01
9.025974025974026205e-01 7.810218978102190235e-01 1.000000000000000000e+00 8.770491803278688270e-01 9.253731343283582156e-01
5.733333333333333615e-01 4.347826086956521618e-02 9.345794392523363789e-03 1.538461538461538200e-02 4.476780785434119059e-01
8.996763754045307149e-01 7.753623188405797118e-01 1.000000000000000000e+00 8.734693877551020780e-01 9.232673267326731992e-01
5.738255033557047025e-01 4.545454545454545581e-02 9.345794392523363789e-03 1.550387596899224611e-02 4.496990752067328012e-01
6.013289036544851029e-01 3.142857142857142794e-01 1.028037383177570069e-01 1.549295774647887203e-01 4.895461990557856691e-01
5.771812080536913303e-01 8.695652173913043237e-02 1.869158878504672758e-02 3.076923076923076400e-02 4.543719724029945395e-01
5.570032573289902533e-01 3.225806451612903136e-02 9.345794392523363789e-03 1.449275362318840250e-02 4.296728971962616161e-01
6.478405315614618187e-01 5.106382978723403854e-01 2.242990654205607448e-01 3.116883116883116811e-01 5.528711821948163463e-01
5.810810810810810301e-01 5.263157894736841813e-02 9.345794392523363789e-03 1.587301587301587213e-02 4.570538495772140664e-01
5.530546623794212469e-01 2.941176470588235253e-02 9.345794392523363789e-03 1.418439716312056530e-02 4.237905442550851665e-01
6.267605633802817433e-01 5.333333333333333259e-01 7.476635514018691031e-02 1.311475409836065364e-01 5.176091662706584495e-01
7.222222222222222099e-01 6.374999999999999556e-01 4.766355140186915862e-01 5.454545454545454142e-01 6.654534354013056374e-01
5.360501567398119338e-01 0.000000000000000000e+00 0.000000000000000000e+00 0.000000000000000000e+00 4.033018867924528239e-01
5.377358490566037652e-01 0.000000000000000000e+00 0.000000000000000000e+00 0.000000000000000000e+00 4.052132701421801153e-01
5.566343042071197900e-01 3.125000000000000000e-02 9.345794392523363789e-03 1.438848920863309254e-02 4.279402239289348819e-01
9.055374592833875802e-01 7.867647058823529216e-01 1.000000000000000000e+00 8.806584362139917577e-01 9.274999999999999911e-01
9.144736842105263275e-01 8.045112781954887327e-01 1.000000000000000000e+00 8.916666666666667185e-01 9.340101522842639836e-01
5.931034482758620330e-01 7.692307692307692735e-02 9.345794392523363789e-03 1.666666666666666644e-02 4.718860119503600070e-01
5.733333333333333615e-01 8.000000000000000167e-02 1.869158878504672758e-02 3.030303030303030040e-02 4.497603021645441013e-01
8.742138364779874493e-01 7.278911564625850650e-01 1.000000000000000000e+00 8.425196850393700254e-01 9.052132701421801153e-01
9.055374592833875802e-01 7.867647058823529216e-01 1.000000000000000000e+00 8.806584362139917577e-01 9.274999999999999911e-01
