5.620915032679738577e-01 3.448275862068965469e-02 9.345794392523363789e-03 1.470588235294117453e-02 4.343211384022918065e-01
5.610561056105610733e-01 3.571428571428571230e-02 9.345794392523363789e-03 1.481481481481481191e-02 4.357953461758534708e-01
5.830508474576271416e-01 5.555555555555555247e-02 9.345794392523363789e-03 1.600000000000000033e-02 4.594601312388147951e-01
6.848874598070739950e-01 5.600000000000000533e-01 3.925233644859812965e-01 4.615384615384615641e-01 6.153793293018142707e-01
9.114754098360655643e-01 7.985074626865671377e-01 1.000000000000000000e+00 8.879668049792530660e-01 9.318181818181818787e-01
6.788079470198675747e-01 5.862068965517240882e-01 3.177570093457943723e-01 4.121212121212121104e-01 5.973400431344356720e-01
8.853503184713376051e-01 7.482517482517482277e-01 1.000000000000000000e+00 8.559999999999999831e-01 9.130434782608696231e-01
5.559105431309904199e-01 7.894736842105262720e-02 2.803738317757009310e-02 4.137931034482758563e-02 4.290672352781053633e-01
5.606557377049180557e-01 3.448275862068965469e-02 9.345794392523363789e-03 1.470588235294117453e-02 4.339658264891909090e-01
8.967741935483870552e-01 7.697841726618704916e-01 1.000000000000000000e+00 8.699186991869918284e-01 9.211822660098522020e-01
5.431309904153354129e-01 0.000000000000000000e+00 0.000000000000000000e+00 0.000000000000000000e+00 4.126213592233009542e-01
6.501650165016501504e-01 5.098039215686274161e-01 2.429906542056074759e-01 3.291139240506328889e-01 5.577198168987220761e-01
5.377358490566037652e-01 0.000000000000000000e+00 0.000000000000000000e+00 0.000000000000000000e+00 4.052132701421801153e-01
7.986577181208053267e-01 7.640449438202246979e-01 6.355140186915887446e-01 6.938775510204081565e-01 7.627831873562656018e-01
8.910256410256410797e-01 7.588652482269503396e-01 1.000000000000000000e+00 8.629032258064516236e-01 9.170731707317072434e-01
8.856209150326797008e-01 7.812500000000000000e-01 9.345794392523364413e-01 8.510638297872340496e-01 8.969379608321985664e-01
8.910256410256410797e-01 7.588652482269503396e-01 1.000000000000000000e+00 8.629032258064516236e-01 9.170731707317072434e-01
8.938906752411575063e-01 7.642857142857142350e-01 1.000000000000000000e+00 8.663967611336031993e-01 9.191176470588235947e-01
5.714285714285713969e-01 4.166666666666666435e-02 9.345794392523363789e-03 1.526717557251908164e-02 4.453945466807977538e-01
5.643564356435643026e-01 3.703703703703703498e-02 9.345794392523363789e-03 1.492537313432835792e-02 4.383463665840167112e-01
9.084967320261437829e-01 7.925925925925926263e-01 1.000000000000000000e+00 8.842975206611569661e-01 9.296482412060301792e-01
8.881789137380191601e-01 7.535211267605633756e-01 1.000000000000000000e+00 8.594377510040159818e-01 9.150485436893203151e-01
5.445859872611464869e-01 0.000000000000000000e+00 0.000000000000000000e+00 0.000000000000000000e+00 4.130434782608695676e-01
5.695364238410596247e-01 4.000000000000000083e-02 9.345794392523363789e-03 1.515151515151515020e-02 4.431344356578000854e-01
7.986577181208053267e-01 7.640449438202246979e-01 6.355140186915887446e-01 6.938775510204081565e-01 7.627831873562656018e-01
8.910256410256410797e-01 7.588652482269503396e-01 1.000000000000000000e+00 8.629032258064516236e-01 9.170731707317072434e-01
5.836177474402730603e-01 1.052631578947368363e-01 1.869158878504672758e-02 3.174603174603174427e-02 4.636468696613405549e-01
8.354838709677419040e-01 7.333333333333332815e-01 8.224299065420560551e-01 7.753303964757709554e-01 8.323972192808802850e-01
5.695364238410596247e-01 4.000000000000000083e-02 9.345794392523363789e-03 1.515151515151515020e-02 4.431344356578000854e-01
5.448717948717948234e-01 0.000000000000000000e+00 0.000000000000000000e+00 0.000000000000000000e+00 4.146341463414633943e-01
5.939597315436241365e-01 2.666666666666666630e-01 7.476635514018691031e-02 1.167883211678831940e-01 4.797915545334442422e-01
8.996763754045307149e-01 7.753623188405797118e-01 1.000000000000000000e+00 8.734693877551020780e-01 9.232673267326731992e-01
5.377358490566037652e-01 0.000000000000000000e+00 0.000000000000000000e+00 0.000000000000000000e+00 4.052132701421801153e-01
8.104575163398692883e-01 7.289719626168223998e-01 7.289719626168223998e-01 7.289719626168222888e-01 7.916216597003710165e-01
8.967741935483870552e-01 7.697841726618704916e-01 1.000000000000000000e+00 8.699186991869918284e-01 9.211822660098522020e-01
8.853503184713376051e-01 7.482517482517482277e-01 1.000000000000000000e+00 8.559999999999999831e-01 9.130434782608696231e-01
6.088435374149659962e-01 3.333333333333333148e-01 7.476635514018691031e-02 1.221374045801526531e-01 4.946024289069918534e-01
