5.283018867924528239e-01 0.000000000000000000e+00 0.000000000000000000e+00 0.000000000000000000e+00 4.430379746835443333e-01
5.767918088737201687e-01 0.000000000000000000e+00 0.000000000000000000e+00 0.000000000000000000e+00 4.543010752688171894e-01
5.649122807017543657e-01 0.000000000000000000e+00 0.000000000000000000e+00 0.000000000000000000e+00 4.522471910112359494e-01
9.409937888198758316e-01 8.492063492063491870e-01 1.000000000000000000e+00 9.184549356223175032e-01 9.558139534883721700e-01
5.232558139534884134e-01 0.000000000000000000e+00 0.000000000000000000e+00 0.000000000000000000e+00 4.470198675496688812e-01
5.757575757575758013e-01 0.000000000000000000e+00 0.000000000000000000e+00 0.000000000000000000e+00 4.500000000000000111e-01
5.827814569536423628e-01 0.000000000000000000e+00 0.000000000000000000e+00 0.000000000000000000e+00 4.512820512820512886e-01
5.836177474402730603e-01 0.000000000000000000e+00 0.000000000000000000e+00 0.000000000000000000e+00 4.596774193548386900e-01
5.510948905109489537e-01 0.000000000000000000e+00 0.000000000000000000e+00 0.000000000000000000e+00 4.520958083832335439e-01
5.819397993311036243e-01 0.000000000000000000e+00 0.000000000000000000e+00 0.000000000000000000e+00 4.531250000000000000e-01
5.699300699300698936e-01 0.000000000000000000e+00 0.000000000000000000e+00 0.000000000000000000e+00 4.553072625698323939e-01
5.000000000000000000e-01 0.000000000000000000e+00 0.000000000000000000e+00 0.000000000000000000e+00 4.344827586206896353e-01
5.699658703071672772e-01 0.000000000000000000e+00 0.000000000000000000e+00 0.000000000000000000e+00 4.489247311827956888e-01
4.919354838709677491e-01 0.000000000000000000e+00 0.000000000000000000e+00 0.000000000000000000e+00 4.326241134751773187e-01
9.554140127388535131e-01 8.842975206611570771e-01 1.000000000000000000e+00 9.385964912280702066e-01 9.661835748792271250e-01
5.598591549295774961e-01 0.000000000000000000e+00 0.000000000000000000e+00 0.000000000000000000e+00 4.491525423728813804e-01
9.136212624584717501e-01 9.175257731958762486e-01 8.317757009345794206e-01 8.725490196078430349e-01 8.952692937662588557e-01
9.555555555555556024e-01 8.842975206611570771e-01 1.000000000000000000e+00 9.385964912280702066e-01 9.663461538461538547e-01
5.777777777777777235e-01 3.793103448275861878e-01 1.028037383177570069e-01 1.617647058823529493e-01 4.961871452324980725e-01
5.543478260869565410e-01 0.000000000000000000e+00 0.000000000000000000e+00 0.000000000000000000e+00 4.526627218934911046e-01
5.798611111111111605e-01 1.818181818181818232e-01 3.738317757009345516e-02 6.201550387596898445e-02 4.689678318789693989e-01
6.366782006920415071e-01 5.416666666666666297e-01 1.214953271028037379e-01 1.984732824427480891e-01 5.305278833316215970e-01
5.333333333333333259e-01 0.000000000000000000e+00 0.000000000000000000e+00 0.000000000000000000e+00 4.417177914110429482e-01
8.013245033112582627e-01 8.730158730158730229e-01 5.140186915887849928e-01 6.470588235294116863e-01 7.364965252815720564e-01
4.919354838709677491e-01 0.000000000000000000e+00 0.000000000000000000e+00 0.000000000000000000e+00 4.326241134751773187e-01
9.554140127388535131e-01 8.842975206611570771e-01 1.000000000000000000e+00 9.385964912280702066e-01 9.661835748792271250e-01
5.531914893617021489e-01 0.000000000000000000e+00 0.000000000000000000e+00 0.000000000000000000e+00 4.457142857142857295e-01
5.350553505535055043e-01 0.000000000000000000e+00 0.000000000000000000e+00 0.000000000000000000e+00 4.420731707317073211e-01
5.909090909090909394e-01 0.000000000000000000e+00 0.000000000000000000e+00 0.000000000000000000e+00 4.527363184079601921e-01
5.441176470588234837e-01 0.000000000000000000e+00 0.000000000000000000e+00 0.000000000000000000e+00 4.484848484848484862e-01
5.298507462686566916e-01 0.000000000000000000e+00 0.000000000000000000e+00 0.000000000000000000e+00 4.409937888198757761e-01
7.741935483870967527e-01 7.761194029850746468e-01 4.859813084112149517e-01 5.977011494252872925e-01 7.060448413977257198e-01
5.729166666666666297e-01 0.000000000000000000e+00 0.000000000000000000e+00 0.000000000000000000e+00 4.558011049723756924e-01
6.099999999999999867e-01 2.916666666666666852e-01 6.542056074766354479e-02 1.068702290076335715e-01 4.886688295966297169e-01
9.409937888198758316e-01 8.492063492063491870e-01 1.000000000000000000e+00 9.184549356223175032e-01 9.558139534883721700e-01
9.409937888198758316e-01 8.492063492063491870e-01 1.000000000000000000e+00 9.184549356223175032e-01 9.558139534883721700e-01
5.308641975308642236e-01 3.793103448275861878e-01 1.028037383177570069e-01 1.617647058823529493e-01 4.852253985706431738e-01
