4.897119341563785921e-01 0.000000000000000000e+00 0.000000000000000000e+00 0.000000000000000000e+00 4.375000000000000000e-01
6.095890410958904049e-01 0.000000000000000000e+00 0.000000000000000000e+00 0.000000000000000000e+00 4.810810810810810523e-01
5.503597122302158473e-01 0.000000000000000000e+00 0.000000000000000000e+00 0.000000000000000000e+00 4.473684210526315819e-01
6.333333333333333037e-01 4.444444444444444198e-01 1.121495327102803724e-01 1.791044776119402882e-01 5.172146627281971609e-01
6.372881355932202840e-01 5.000000000000000000e-01 8.411214953271027583e-02 1.439999999999999891e-01 5.181199045535891390e-01
9.453376205787781261e-01 8.629032258064516236e-01 1.000000000000000000e+00 9.264069264069264564e-01 9.583333333333332593e-01
5.660377358490565891e-01 0.000000000000000000e+00 0.000000000000000000e+00 0.000000000000000000e+00 4.746835443037974445e-01
5.614035087719297934e-01 0.000000000000000000e+00 0.000000000000000000e+00 0.000000000000000000e+00 4.494382022471909988e-01
9.409937888198758316e-01 8.492063492063491870e-01 1.000000000000000000e+00 9.184549356223175032e-01 9.558139534883721700e-01
3.883495145631067902e-01 0.000000000000000000e+00 0.000000000000000000e+00 0.000000000000000000e+00 4.040404040404040331e-01
5.874587458745874624e-01 0.000000000000000000e+00 0.000000000000000000e+00 0.000000000000000000e+00 4.540816326530612290e-01
5.778546712802767882e-01 0.000000000000000000e+00 0.000000000000000000e+00 0.000000000000000000e+00 4.587912087912087711e-01
5.785953177257524560e-01 0.000000000000000000e+00 0.000000000000000000e+00 0.000000000000000000e+00 4.505208333333333148e-01
5.674740484429066090e-01 0.000000000000000000e+00 0.000000000000000000e+00 0.000000000000000000e+00 4.505494505494505586e-01
9.498432601880877346e-01 8.699186991869918284e-01 1.000000000000000000e+00 9.304347826086956097e-01 9.622641509433962348e-01
5.787671232876712146e-01 0.000000000000000000e+00 0.000000000000000000e+00 0.000000000000000000e+00 4.567567567567567544e-01
5.785953177257524560e-01 0.000000000000000000e+00 0.000000000000000000e+00 0.000000000000000000e+00 4.505208333333333148e-01
5.748299319727890877e-01 0.000000000000000000e+00 0.000000000000000000e+00 0.000000000000000000e+00 4.518716577540107249e-01
5.190839694656488312e-01 0.000000000000000000e+00 0.000000000000000000e+00 0.000000000000000000e+00 4.387096774193548487e-01
5.333333333333333259e-01 0.000000000000000000e+00 0.000000000000000000e+00 0.000000000000000000e+00 4.417177914110429482e-01
9.467084639498433152e-01 8.629032258064516236e-01 1.000000000000000000e+00 9.264069264069264564e-01 9.599056603773584717e-01
4.857142857142857095e-01 0.000000000000000000e+00 0.000000000000000000e+00 0.000000000000000000e+00 4.311594202898550998e-01
5.655172413793103647e-01 0.000000000000000000e+00 0.000000000000000000e+00 0.000000000000000000e+00 4.480874316939890689e-01
5.878378378378378288e-01 0.000000000000000000e+00 0.000000000000000000e+00 0.000000000000000000e+00 4.603174603174603474e-01
5.674740484429066090e-01 0.000000000000000000e+00 0.000000000000000000e+00 0.000000000000000000e+00 4.505494505494505586e-01
9.498432601880877346e-01 8.699186991869918284e-01 1.000000000000000000e+00 9.304347826086956097e-01 9.622641509433962348e-01
4.728033472803347403e-01 0.000000000000000000e+00 0.000000000000000000e+00 0.000000000000000000e+00 4.280303030303030387e-01
4.813278008298755295e-01 0.000000000000000000e+00 0.000000000000000000e+00 0.000000000000000000e+00 4.328358208955224162e-01
5.670498084291187846e-01 3.928571428571428492e-01 1.028037383177570069e-01 1.629629629629629484e-01 4.962070639640732694e-01
5.906040268456376197e-01 0.000000000000000000e+00 0.000000000000000000e+00 0.000000000000000000e+00 4.607329842931937036e-01
4.568965517241379559e-01 0.000000000000000000e+00 0.000000000000000000e+00 0.000000000000000000e+00 4.239999999999999880e-01
5.785953177257524560e-01 0.000000000000000000e+00 0.000000000000000000e+00 0.000000000000000000e+00 4.505208333333333148e-01
6.095890410958904049e-01 1.111111111111111049e-01 9.345794392523363789e-03 1.724137931034482735e-02 4.830512755746400044e-01
5.614035087719297934e-01 0.000000000000000000e+00 0.000000000000000000e+00 0.000000000000000000e+00 4.494382022471909988e-01
5.935251798561150816e-01 3.846153846153846367e-01 9.345794392523364136e-02 1.503759398496240518e-01 4.999453462316226782e-01
5.816326530612244694e-01 0.000000000000000000e+00 0.000000000000000000e+00 0.000000000000000000e+00 4.572192513368983913e-01
5.535714285714286031e-01 0.000000000000000000e+00 0.000000000000000000e+00 0.000000000000000000e+00 4.479768786127167335e-01
