6.114864864864865135e-01 3.666666666666666408e-01 1.028037383177570069e-01 1.605839416058394142e-01 5.011373188943282209e-01
6.448275862068965081e-01 6.111111111111111605e-01 1.028037383177570069e-01 1.759999999999999898e-01 5.322761860987691440e-01
5.810810810810810301e-01 0.000000000000000000e+00 0.000000000000000000e+00 0.000000000000000000e+00 4.550264550264550012e-01
5.640138408304498085e-01 0.000000000000000000e+00 0.000000000000000000e+00 0.000000000000000000e+00 4.478021978021978211e-01
5.782312925170067786e-01 0.000000000000000000e+00 0.000000000000000000e+00 0.000000000000000000e+00 4.545454545454545303e-01
7.045454545454545858e-01 7.352941176470588758e-01 2.336448598130841103e-01 3.546099290780141966e-01 5.944343702050495226e-01
5.773195876288659267e-01 0.000000000000000000e+00 0.000000000000000000e+00 0.000000000000000000e+00 4.565217391304348116e-01
5.333333333333333259e-01 0.000000000000000000e+00 0.000000000000000000e+00 0.000000000000000000e+00 4.417177914110429482e-01
6.366559485530546292e-01 3.928571428571428492e-01 1.028037383177570069e-01 1.629629629629629484e-01 5.097352024922117142e-01
5.813953488372093359e-01 0.000000000000000000e+00 0.000000000000000000e+00 0.000000000000000000e+00 4.510309278350515538e-01
5.567375886524822404e-01 0.000000000000000000e+00 0.000000000000000000e+00 0.000000000000000000e+00 4.485714285714285654e-01
6.307189542483659928e-01 3.636363636363636465e-01 7.476635514018691031e-02 1.240310077519379689e-01 5.022072981731086072e-01
6.589403973509934120e-01 5.909090909090909394e-01 1.214953271028037379e-01 2.015503875968992220e-01 5.376707404744787144e-01
9.409937888198758316e-01 8.492063492063491870e-01 1.000000000000000000e+00 9.184549356223175032e-01 9.558139534883721700e-01
5.594405594405594817e-01 0.000000000000000000e+00 0.000000000000000000e+00 0.000000000000000000e+00 4.469273743016759504e-01
9.119496855345912145e-01 8.495575221238937935e-01 8.971962616822429792e-01 8.727272727272726849e-01 9.083137706515480581e-01
5.888157894736841813e-01 0.000000000000000000e+00 0.000000000000000000e+00 0.000000000000000000e+00 4.543147208121827152e-01
9.409937888198758316e-01 8.492063492063491870e-01 1.000000000000000000e+00 9.184549356223175032e-01 9.558139534883721700e-01
6.120401337792642504e-01 3.043478260869565410e-01 6.542056074766354479e-02 1.076923076923076705e-01 4.910436137071650387e-01
5.816326530612244694e-01 0.000000000000000000e+00 0.000000000000000000e+00 0.000000000000000000e+00 4.572192513368983913e-01
6.310344827586207295e-01 5.000000000000000000e-01 7.476635514018691031e-02 1.300813008130081161e-01 5.155252540728256783e-01
7.799352750809060986e-01 7.826086956521739468e-01 5.046728971962616273e-01 6.136363636363636465e-01 7.152077357268435964e-01
5.777027027027027417e-01 0.000000000000000000e+00 0.000000000000000000e+00 0.000000000000000000e+00 4.523809523809523836e-01
6.126984126984127421e-01 0.000000000000000000e+00 0.000000000000000000e+00 0.000000000000000000e+00 4.639423076923077094e-01
9.409937888198758316e-01 8.492063492063491870e-01 1.000000000000000000e+00 9.184549356223175032e-01 9.558139534883721700e-01
5.594405594405594817e-01 0.000000000000000000e+00 0.000000000000000000e+00 0.000000000000000000e+00 4.469273743016759504e-01
5.805369127516778471e-01 0.000000000000000000e+00 0.000000000000000000e+00 0.000000000000000000e+00 4.528795811518324665e-01
5.614035087719297934e-01 0.000000000000000000e+00 0.000000000000000000e+00 0.000000000000000000e+00 4.494382022471909988e-01
5.884353741496598511e-01 0.000000000000000000e+00 0.000000000000000000e+00 0.000000000000000000e+00 4.625668449197861132e-01
9.642857142857143016e-01 9.067796610169491789e-01 1.000000000000000000e+00 9.511111111111111294e-01 9.726368159203980790e-01
5.437956204379561509e-01 0.000000000000000000e+00 0.000000000000000000e+00 0.000000000000000000e+00 4.461077844311377438e-01
5.758620689655172820e-01 0.000000000000000000e+00 0.000000000000000000e+00 0.000000000000000000e+00 4.562841530054644879e-01
5.714285714285713969e-01 0.000000000000000000e+00 0.000000000000000000e+00 0.000000000000000000e+00 4.491978609625668639e-01
5.471014492753623060e-01 0.000000000000000000e+00 0.000000000000000000e+00 0.000000000000000000e+00 4.467455621301775204e-01
5.516014234875444844e-01 0.000000000000000000e+00 0.000000000000000000e+00 0.000000000000000000e+00 4.454022988505746961e-01
9.575163398692810857e-01 8.916666666666667185e-01 1.000000000000000000e+00 9.427312775330397576e-01 9.673366834170854522e-01
6.137931034482758674e-01 2.727272727272727071e-01 2.803738317757009310e-02 5.084745762711864042e-02 4.921607680915172089e-01
