5.286624203821655987e-01 0.000000000000000000e+00 0.000000000000000000e+00 0.000000000000000000e+00 4.009661835748792313e-01
5.286624203821655987e-01 0.000000000000000000e+00 0.000000000000000000e+00 0.000000000000000000e+00 4.009661835748792313e-01
5.286624203821655987e-01 0.000000000000000000e+00 0.000000000000000000e+00 0.000000000000000000e+00 4.009661835748792313e-01
8.848684210526315264e-01 7.686567164179104461e-01 9.626168224299065379e-01 8.547717842323652171e-01 9.026282081692680315e-01
5.533980582524271608e-01 1.219512195121951192e-01 4.672897196261682068e-02 6.756756756756755744e-02 4.342555750902192813e-01
5.286624203821655987e-01 0.000000000000000000e+00 0.000000000000000000e+00 0.000000000000000000e+00 4.009661835748792313e-01
9.069767441860464574e-01 7.925925925925926263e-01 1.000000000000000000e+00 8.842975206611569661e-01 9.278350515463917869e-01
8.617363344051447438e-01 7.285714285714285365e-01 9.532710280373831724e-01 8.259109311740890913e-01 8.834982591167307442e-01
5.286624203821655987e-01 0.000000000000000000e+00 0.000000000000000000e+00 0.000000000000000000e+00 4.009661835748792313e-01
8.863636363636363535e-01 7.535211267605633756e-01 1.000000000000000000e+00 8.594377510040159818e-01 9.129353233830845848e-01
5.286624203821655987e-01 0.000000000000000000e+00 0.000000000000000000e+00 0.000000000000000000e+00 4.009661835748792313e-01
5.286624203821655987e-01 0.000000000000000000e+00 0.000000000000000000e+00 0.000000000000000000e+00 4.009661835748792313e-01
5.286624203821655987e-01 0.000000000000000000e+00 0.000000000000000000e+00 0.000000000000000000e+00 4.009661835748792313e-01
5.286624203821655987e-01 0.000000000000000000e+00 0.000000000000000000e+00 0.000000000000000000e+00 4.009661835748792313e-01
8.504672897196261516e-01 6.903225806451612767e-01 1.000000000000000000e+00 8.167938931297709093e-01 8.878504672897196137e-01
5.404530744336569770e-01 2.702702702702702853e-02 9.345794392523363789e-03 1.388888888888888638e-02 4.155639863051725502e-01
8.863636363636363535e-01 7.535211267605633756e-01 1.000000000000000000e+00 8.594377510040159818e-01 9.129353233830845848e-01
8.412162162162162282e-01 7.830188679245283501e-01 7.757009345794392274e-01 7.793427230046948706e-01 8.270039064431587983e-01
5.939597315436241365e-01 3.055555555555555802e-01 1.028037383177570069e-01 1.538461538461538269e-01 4.859568429808680534e-01
5.286624203821655987e-01 0.000000000000000000e+00 0.000000000000000000e+00 0.000000000000000000e+00 4.009661835748792313e-01
8.778135048231511250e-01 7.379310344827586521e-01 1.000000000000000000e+00 8.492063492063492980e-01 9.068627450980392135e-01
5.758620689655172820e-01 5.555555555555555247e-02 9.345794392523363789e-03 1.600000000000000033e-02 4.582248097645676421e-01
5.286624203821655987e-01 0.000000000000000000e+00 0.000000000000000000e+00 0.000000000000000000e+00 4.009661835748792313e-01
5.286624203821655987e-01 0.000000000000000000e+00 0.000000000000000000e+00 0.000000000000000000e+00 4.009661835748792313e-01
5.286624203821655987e-01 0.000000000000000000e+00 0.000000000000000000e+00 0.000000000000000000e+00 4.009661835748792313e-01
8.504672897196261516e-01 6.903225806451612767e-01 1.000000000000000000e+00 8.167938931297709093e-01 8.878504672897196137e-01
5.286624203821655987e-01 0.000000000000000000e+00 0.000000000000000000e+00 0.000000000000000000e+00 4.009661835748792313e-01
5.404530744336569770e-01 2.702702702702702853e-02 9.345794392523363789e-03 1.388888888888888638e-02 4.155639863051725502e-01
5.286624203821655987e-01 0.000000000000000000e+00 0.000000000000000000e+00 0.000000000000000000e+00 4.009661835748792313e-01
5.286624203821655987e-01 0.000000000000000000e+00 0.000000000000000000e+00 0.000000000000000000e+00 4.009661835748792313e-01
5.286624203821655987e-01 0.000000000000000000e+00 0.000000000000000000e+00 0.000000000000000000e+00 4.009661835748792313e-01
8.778135048231511250e-01 7.379310344827586521e-01 1.000000000000000000e+00 8.492063492063492980e-01 9.068627450980392135e-01
5.604026845637584131e-01 3.846153846153846367e-02 9.345794392523363789e-03 1.503759398496240518e-02 4.392278710182511703e-01
5.286624203821655987e-01 0.000000000000000000e+00 0.000000000000000000e+00 0.000000000000000000e+00 4.009661835748792313e-01
8.584905660377358805e-01 7.039473684210526550e-01 1.000000000000000000e+00 8.262548262548262690e-01 8.933649289099526714e-01
8.478260869565217295e-01 6.858974358974359031e-01 1.000000000000000000e+00 8.136882129277566156e-01 8.860465116279070408e-01
5.671140939597315578e-01 1.071428571428571369e-01 2.803738317757009310e-02 4.444444444444444614e-02 4.485736654107745358e-01
