8.921568627450980893e-01 7.642857142857142350e-01 1.000000000000000000e+00 8.663967611336031993e-01 9.170854271356784215e-01
5.637583892617449299e-01 7.407407407407406996e-02 1.869158878504672758e-02 2.985074626865671585e-02 4.439007682145129086e-01
8.980263157894736725e-01 7.753623188405797118e-01 1.000000000000000000e+00 8.734693877551020780e-01 9.213197969543146515e-01
5.286624203821655987e-01 0.000000000000000000e+00 0.000000000000000000e+00 0.000000000000000000e+00 4.009661835748792313e-01
5.286624203821655987e-01 0.000000000000000000e+00 0.000000000000000000e+00 0.000000000000000000e+00 4.009661835748792313e-01
8.863636363636363535e-01 7.535211267605633756e-01 1.000000000000000000e+00 8.594377510040159818e-01 9.129353233830845848e-01
5.286624203821655987e-01 0.000000000000000000e+00 0.000000000000000000e+00 0.000000000000000000e+00 4.009661835748792313e-01
5.286624203821655987e-01 0.000000000000000000e+00 0.000000000000000000e+00 0.000000000000000000e+00 4.009661835748792313e-01
5.838926174496644750e-01 2.424242424242424310e-01 7.476635514018691031e-02 1.142857142857142683e-01 4.719381513920830051e-01
5.286624203821655987e-01 0.000000000000000000e+00 0.000000000000000000e+00 0.000000000000000000e+00 4.009661835748792313e-01
5.286624203821655987e-01 0.000000000000000000e+00 0.000000000000000000e+00 0.000000000000000000e+00 4.009661835748792313e-01
8.190789473684210176e-01 7.280701754385965341e-01 7.757009345794392274e-01 7.511312217194570096e-01 8.091702642440343762e-01
5.286624203821655987e-01 0.000000000000000000e+00 0.000000000000000000e+00 0.000000000000000000e+00 4.009661835748792313e-01
8.778135048231511250e-01 7.379310344827586521e-01 1.000000000000000000e+00 8.492063492063492980e-01 9.068627450980392135e-01
5.604026845637584131e-01 3.846153846153846367e-02 9.345794392523363789e-03 1.503759398496240518e-02 4.392278710182511703e-01
8.778135048231511250e-01 7.379310344827586521e-01 1.000000000000000000e+00 8.492063492063492980e-01 9.068627450980392135e-01
8.778135048231511250e-01 7.379310344827586521e-01 1.000000000000000000e+00 8.492063492063492980e-01 9.068627450980392135e-01
8.778135048231511250e-01 7.379310344827586521e-01 1.000000000000000000e+00 8.492063492063492980e-01 9.068627450980392135e-01
5.604026845637584131e-01 3.846153846153846367e-02 9.345794392523363789e-03 1.503759398496240518e-02 4.392278710182511703e-01
5.286624203821655987e-01 0.000000000000000000e+00 0.000000000000000000e+00 0.000000000000000000e+00 4.009661835748792313e-01
6.476510067114094049e-01 5.192307692307692735e-01 2.523364485981308136e-01 3.396226415094338869e-01 5.607231981210548666e-01
7.236842105263158187e-01 6.352941176470587870e-01 5.046728971962616273e-01 5.625000000000000000e-01 6.736562455524455206e-01
5.714285714285713969e-01 8.695652173913043237e-02 1.869158878504672758e-02 3.076923076923076400e-02 4.531960617722025075e-01
5.286624203821655987e-01 0.000000000000000000e+00 0.000000000000000000e+00 0.000000000000000000e+00 4.009661835748792313e-01
8.778135048231511250e-01 7.379310344827586521e-01 1.000000000000000000e+00 8.492063492063492980e-01 9.068627450980392135e-01
5.604026845637584131e-01 3.846153846153846367e-02 9.345794392523363789e-03 1.503759398496240518e-02 4.392278710182511703e-01
6.140939597315435705e-01 4.047619047619047672e-01 1.588785046728971861e-01 2.281879194630872520e-01 5.139942261584381500e-01
5.286624203821655987e-01 0.000000000000000000e+00 0.000000000000000000e+00 0.000000000000000000e+00 4.009661835748792313e-01
6.073825503355704258e-01 3.750000000000000000e-01 1.401869158878504551e-01 2.040816326530611735e-01 5.046484317659147845e-01
5.286624203821655987e-01 0.000000000000000000e+00 0.000000000000000000e+00 0.000000000000000000e+00 4.009661835748792313e-01
5.404530744336569770e-01 2.702702702702702853e-02 9.345794392523363789e-03 1.388888888888888638e-02 4.155639863051725502e-01
6.174496644295301984e-01 4.186046511627907196e-01 1.682242990654205517e-01 2.400000000000000189e-01 5.186671233546997772e-01
5.286624203821655987e-01 0.000000000000000000e+00 0.000000000000000000e+00 0.000000000000000000e+00 4.009661835748792313e-01
5.286624203821655987e-01 0.000000000000000000e+00 0.000000000000000000e+00 0.000000000000000000e+00 4.009661835748792313e-01
5.286624203821655987e-01 0.000000000000000000e+00 0.000000000000000000e+00 0.000000000000000000e+00 4.009661835748792313e-01
8.863636363636363535e-01 7.535211267605633756e-01 1.000000000000000000e+00 8.594377510040159818e-01 9.129353233830845848e-01
8.778135048231511250e-01 7.379310344827586521e-01 1.000000000000000000e+00 8.492063492063492980e-01 9.068627450980392135e-01
