5.475409836065573410e-01 3.030303030303030387e-02 9.345794392523363789e-03 1.428571428571428353e-02 4.238648163881807984e-01
8.863636363636363535e-01 7.535211267605633756e-01 1.000000000000000000e+00 8.594377510040159818e-01 9.129353233830845848e-01
6.275167785234899709e-01 4.565217391304347561e-01 1.962616822429906482e-01 2.745098039215686514e-01 5.326858149434847700e-01
6.315789473684210176e-01 4.561403508771929571e-01 2.429906542056074759e-01 3.170731707317072656e-01 5.428151240571184033e-01
5.604026845637584131e-01 3.846153846153846367e-02 9.345794392523363789e-03 1.503759398496240518e-02 4.392278710182511703e-01
5.671140939597315578e-01 1.071428571428571369e-01 2.803738317757009310e-02 4.444444444444444614e-02 4.485736654107745358e-01
5.286624203821655987e-01 0.000000000000000000e+00 0.000000000000000000e+00 0.000000000000000000e+00 4.009661835748792313e-01
5.286624203821655987e-01 0.000000000000000000e+00 0.000000000000000000e+00 0.000000000000000000e+00 4.009661835748792313e-01
8.778135048231511250e-01 7.379310344827586521e-01 1.000000000000000000e+00 8.492063492063492980e-01 9.068627450980392135e-01
8.874172185430463378e-01 7.786259541984732468e-01 9.532710280373831724e-01 8.571428571428569843e-01 9.022765396597172138e-01
5.939597315436241365e-01 3.055555555555555802e-01 1.028037383177570069e-01 1.538461538461538269e-01 4.859568429808680534e-01
6.489361702127659504e-01 6.538461538461538547e-01 1.588785046728971861e-01 2.556390977443608881e-01 5.537249666221628619e-01
5.286624203821655987e-01 0.000000000000000000e+00 0.000000000000000000e+00 0.000000000000000000e+00 4.009661835748792313e-01
5.286624203821655987e-01 0.000000000000000000e+00 0.000000000000000000e+00 0.000000000000000000e+00 4.009661835748792313e-01
8.478260869565217295e-01 6.858974358974359031e-01 1.000000000000000000e+00 8.136882129277566156e-01 8.860465116279070408e-01
5.286624203821655987e-01 0.000000000000000000e+00 0.000000000000000000e+00 0.000000000000000000e+00 4.009661835748792313e-01
5.604026845637584131e-01 3.846153846153846367e-02 9.345794392523363789e-03 1.503759398496240518e-02 4.392278710182511703e-01
5.286624203821655987e-01 0.000000000000000000e+00 0.000000000000000000e+00 0.000000000000000000e+00 4.009661835748792313e-01
5.784313725490196623e-01 2.500000000000000000e-01 1.028037383177570069e-01 1.456953642384105907e-01 4.684872962945569319e-01
9.254237288135592765e-01 8.294573643410853014e-01 1.000000000000000000e+00 9.067796610169490679e-01 9.414893617021276029e-01
5.880398671096345176e-01 2.820512820512820484e-01 1.028037383177570069e-01 1.506849315068493067e-01 4.792369207052702973e-01
5.286624203821655987e-01 0.000000000000000000e+00 0.000000000000000000e+00 0.000000000000000000e+00 4.009661835748792313e-01
5.286624203821655987e-01 0.000000000000000000e+00 0.000000000000000000e+00 0.000000000000000000e+00 4.009661835748792313e-01
5.540983606557376984e-01 8.571428571428571508e-02 2.803738317757009310e-02 4.225352112676056260e-02 4.332106107807042195e-01
5.286624203821655987e-01 0.000000000000000000e+00 0.000000000000000000e+00 0.000000000000000000e+00 4.009661835748792313e-01
8.478260869565217295e-01 6.858974358974359031e-01 1.000000000000000000e+00 8.136882129277566156e-01 8.860465116279070408e-01
5.286624203821655987e-01 0.000000000000000000e+00 0.000000000000000000e+00 0.000000000000000000e+00 4.009661835748792313e-01
5.825242718446601575e-01 2.800000000000000266e-01 1.308411214953270896e-01 1.783439490445859754e-01 4.763116498565744816e-01
5.604026845637584131e-01 3.846153846153846367e-02 9.345794392523363789e-03 1.503759398496240518e-02 4.392278710182511703e-01
8.778135048231511250e-01 7.379310344827586521e-01 1.000000000000000000e+00 8.492063492063492980e-01 9.068627450980392135e-01
5.286624203821655987e-01 0.000000000000000000e+00 0.000000000000000000e+00 0.000000000000000000e+00 4.009661835748792313e-01
5.286624203821655987e-01 0.000000000000000000e+00 0.000000000000000000e+00 0.000000000000000000e+00 4.009661835748792313e-01
6.888111888111888570e-01 7.045454545454545858e-01 2.897196261682242757e-01 4.105960264900662127e-01 6.085469639221009475e-01
8.863636363636363535e-01 7.535211267605633756e-01 1.000000000000000000e+00 8.594377510040159818e-01 9.129353233830845848e-01
5.404530744336569770e-01 2.702702702702702853e-02 9.345794392523363789e-03 1.388888888888888638e-02 4.155639863051725502e-01
5.286624203821655987e-01 0.000000000000000000e+00 0.000000000000000000e+00 0.000000000000000000e+00 4.009661835748792313e-01
8.778135048231511250e-01 7.379310344827586521e-01 1.000000000000000000e+00 8.492063492063492980e-01 9.068627450980392135e-01
