5.530546623794212469e-01 0.000000000000000000e+00 0.000000000000000000e+00 0.000000000000000000e+00 4.215686274509803932e-01
5.530546623794212469e-01 0.000000000000000000e+00 0.000000000000000000e+00 0.000000000000000000e+00 4.215686274509803932e-01
5.530546623794212469e-01 0.000000000000000000e+00 0.000000000000000000e+00 0.000000000000000000e+00 4.215686274509803932e-01
6.198630136986301720e-01 4.090909090909091161e-01 8.411214953271027583e-02 1.395348837209302306e-01 5.069209396312199800e-01
9.087947882736155947e-01 7.925925925925926263e-01 1.000000000000000000e+00 8.842975206611569661e-01 9.299999999999999378e-01
5.653594771241829964e-01 3.571428571428571230e-02 9.345794392523363789e-03 1.481481481481481191e-02 4.368337012163621691e-01
9.029126213592233441e-01 7.810218978102190235e-01 1.000000000000000000e+00 8.770491803278688270e-01 9.257425742574256766e-01
5.844594594594594295e-01 5.555555555555555247e-02 9.345794392523363789e-03 1.600000000000000033e-02 4.596993522227166284e-01
5.530546623794212469e-01 0.000000000000000000e+00 0.000000000000000000e+00 0.000000000000000000e+00 4.215686274509803932e-01
8.786885245901638886e-01 7.868852459016393297e-01 8.971962616822429792e-01 8.384279475982532315e-01 8.829415651845559099e-01
5.530546623794212469e-01 0.000000000000000000e+00 0.000000000000000000e+00 0.000000000000000000e+00 4.215686274509803932e-01
5.709570957095709831e-01 4.000000000000000083e-02 9.345794392523363789e-03 1.515151515151515020e-02 4.434484074003432474e-01
5.530546623794212469e-01 0.000000000000000000e+00 0.000000000000000000e+00 0.000000000000000000e+00 4.215686274509803932e-01
5.530546623794212469e-01 0.000000000000000000e+00 0.000000000000000000e+00 0.000000000000000000e+00 4.215686274509803932e-01
8.971061093247588714e-01 7.697841726618704916e-01 1.000000000000000000e+00 8.699186991869918284e-01 9.215686274509804488e-01
5.761589403973509382e-01 8.000000000000000167e-02 1.869158878504672758e-02 3.030303030303030040e-02 4.503714354181643786e-01
7.912457912457911968e-01 7.777777777777777901e-01 5.887850467289719170e-01 6.702127659574468321e-01 7.470241023118544543e-01
7.389830508474576343e-01 7.419354838709677491e-01 4.299065420560747586e-01 5.443786982248520756e-01 6.724000795386757545e-01
5.728476821192053370e-01 4.166666666666666435e-02 9.345794392523363789e-03 1.526717557251908164e-02 4.456985382219026404e-01
5.530546623794212469e-01 0.000000000000000000e+00 0.000000000000000000e+00 0.000000000000000000e+00 4.215686274509803932e-01
8.913738019169329396e-01 7.588652482269503396e-01 1.000000000000000000e+00 8.629032258064516236e-01 9.174757281553397315e-01
5.530546623794212469e-01 0.000000000000000000e+00 0.000000000000000000e+00 0.000000000000000000e+00 4.215686274509803932e-01
5.530546623794212469e-01 0.000000000000000000e+00 0.000000000000000000e+00 0.000000000000000000e+00 4.215686274509803932e-01
5.766666666666666607e-01 4.545454545454545581e-02 9.345794392523363789e-03 1.550387596899224611e-02 4.502687521185414488e-01
5.530546623794212469e-01 0.000000000000000000e+00 0.000000000000000000e+00 0.000000000000000000e+00 4.215686274509803932e-01
8.971061093247588714e-01 7.697841726618704916e-01 1.000000000000000000e+00 8.699186991869918284e-01 9.215686274509804488e-01
5.530546623794212469e-01 0.000000000000000000e+00 0.000000000000000000e+00 0.000000000000000000e+00 4.215686274509803932e-01
5.530546623794212469e-01 0.000000000000000000e+00 0.000000000000000000e+00 0.000000000000000000e+00 4.215686274509803932e-01
5.530546623794212469e-01 0.000000000000000000e+00 0.000000000000000000e+00 0.000000000000000000e+00 4.215686274509803932e-01
5.530546623794212469e-01 0.000000000000000000e+00 0.000000000000000000e+00 0.000000000000000000e+00 4.215686274509803932e-01
5.530546623794212469e-01 0.000000000000000000e+00 0.000000000000000000e+00 0.000000000000000000e+00 4.215686274509803932e-01
8.857142857142856762e-01 7.482517482517482277e-01 1.000000000000000000e+00 8.559999999999999831e-01 9.134615384615384359e-01
5.530546623794212469e-01 0.000000000000000000e+00 0.000000000000000000e+00 0.000000000000000000e+00 4.215686274509803932e-01
5.819397993311036243e-01 9.090909090909091161e-02 1.869158878504672758e-02 3.100775193798449222e-02 4.572624610591900507e-01
8.664596273291925721e-01 7.133333333333333748e-01 1.000000000000000000e+00 8.326848249027237747e-01 9.000000000000000222e-01
8.773584905660377631e-01 7.328767123287671659e-01 1.000000000000000000e+00 8.458498023715415037e-01 9.075829383886255819e-01
6.059602649006622377e-01 3.235294117647058987e-01 1.028037383177570069e-01 1.560283687943262443e-01 4.924275101845194680e-01
