5.530546623794212469e-01 0.000000000000000000e+00 0.000000000000000000e+00 0.000000000000000000e+00 4.215686274509803932e-01
9.029126213592233441e-01 7.810218978102190235e-01 1.000000000000000000e+00 8.770491803278688270e-01 9.257425742574256766e-01
5.728476821192053370e-01 4.166666666666666435e-02 9.345794392523363789e-03 1.526717557251908164e-02 4.456985382219026404e-01
5.530546623794212469e-01 0.000000000000000000e+00 0.000000000000000000e+00 0.000000000000000000e+00 4.215686274509803932e-01
5.766666666666666607e-01 4.545454545454545581e-02 9.345794392523363789e-03 1.550387596899224611e-02 4.502687521185414488e-01
5.904436860068259518e-01 6.666666666666666574e-02 9.345794392523363789e-03 1.639344262295081706e-02 4.670384885941111230e-01
5.530546623794212469e-01 0.000000000000000000e+00 0.000000000000000000e+00 0.000000000000000000e+00 4.215686274509803932e-01
5.530546623794212469e-01 0.000000000000000000e+00 0.000000000000000000e+00 0.000000000000000000e+00 4.215686274509803932e-01
8.857142857142856762e-01 7.482517482517482277e-01 1.000000000000000000e+00 8.559999999999999831e-01 9.134615384615384359e-01
8.507936507936507686e-01 7.272727272727272929e-01 8.971962616822429792e-01 8.033472803347281310e-01 8.620596693026598700e-01
5.799999999999999600e-01 8.695652173913043237e-02 1.869158878504672758e-02 3.076923076923076400e-02 4.549416493148031870e-01
5.958904109589041598e-01 1.333333333333333315e-01 1.869158878504672758e-02 3.278688524590163411e-02 4.742106592573882562e-01
5.530546623794212469e-01 0.000000000000000000e+00 0.000000000000000000e+00 0.000000000000000000e+00 4.215686274509803932e-01
5.530546623794212469e-01 0.000000000000000000e+00 0.000000000000000000e+00 0.000000000000000000e+00 4.215686274509803932e-01
8.691588785046728827e-01 7.181208053691274795e-01 1.000000000000000000e+00 8.359375000000000000e-01 9.018691588785046065e-01
5.530546623794212469e-01 0.000000000000000000e+00 0.000000000000000000e+00 0.000000000000000000e+00 4.215686274509803932e-01
5.530546623794212469e-01 0.000000000000000000e+00 0.000000000000000000e+00 0.000000000000000000e+00 4.215686274509803932e-01
5.530546623794212469e-01 0.000000000000000000e+00 0.000000000000000000e+00 0.000000000000000000e+00 4.215686274509803932e-01
5.530546623794212469e-01 0.000000000000000000e+00 0.000000000000000000e+00 0.000000000000000000e+00 4.215686274509803932e-01
9.029126213592233441e-01 7.810218978102190235e-01 1.000000000000000000e+00 8.770491803278688270e-01 9.257425742574256766e-01
5.742574257425742124e-01 7.692307692307692735e-02 1.869158878504672758e-02 3.007518796992481036e-02 4.481213045966049857e-01
5.530546623794212469e-01 0.000000000000000000e+00 0.000000000000000000e+00 0.000000000000000000e+00 4.215686274509803932e-01
5.530546623794212469e-01 0.000000000000000000e+00 0.000000000000000000e+00 0.000000000000000000e+00 4.215686274509803932e-01
5.704918032786885362e-01 7.142857142857142461e-02 1.869158878504672758e-02 2.962962962962962382e-02 4.436892287359577303e-01
5.530546623794212469e-01 0.000000000000000000e+00 0.000000000000000000e+00 0.000000000000000000e+00 4.215686274509803932e-01
8.691588785046728827e-01 7.181208053691274795e-01 1.000000000000000000e+00 8.359375000000000000e-01 9.018691588785046065e-01
5.530546623794212469e-01 0.000000000000000000e+00 0.000000000000000000e+00 0.000000000000000000e+00 4.215686274509803932e-01
5.530546623794212469e-01 0.000000000000000000e+00 0.000000000000000000e+00 0.000000000000000000e+00 4.215686274509803932e-01
5.616883116883116811e-01 3.333333333333333287e-02 9.345794392523363789e-03 1.459854014598539924e-02 4.325335937136745579e-01
8.913738019169329396e-01 7.588652482269503396e-01 1.000000000000000000e+00 8.629032258064516236e-01 9.174757281553397315e-01
5.530546623794212469e-01 0.000000000000000000e+00 0.000000000000000000e+00 0.000000000000000000e+00 4.215686274509803932e-01
5.530546623794212469e-01 0.000000000000000000e+00 0.000000000000000000e+00 0.000000000000000000e+00 4.215686274509803932e-01
5.993150684931506378e-01 1.875000000000000000e-01 2.803738317757009310e-02 4.878048780487804353e-02 4.788835564536498834e-01
9.029126213592233441e-01 7.810218978102190235e-01 1.000000000000000000e+00 8.770491803278688270e-01 9.257425742574256766e-01
5.530546623794212469e-01 0.000000000000000000e+00 0.000000000000000000e+00 0.000000000000000000e+00 4.215686274509803932e-01
5.530546623794212469e-01 0.000000000000000000e+00 0.000000000000000000e+00 0.000000000000000000e+00 4.215686274509803932e-01
9.029126213592233441e-01 7.810218978102190235e-01 1.000000000000000000e+00 8.770491803278688270e-01 9.257425742574256766e-01
