7.220447284345048455e-01 7.173913043478260532e-01 3.084112149532710068e-01 4.313725490196078094e-01 6.226522094183830625e-01
6.258741258741258306e-01 5.000000000000000000e-01 1.028037383177570069e-01 1.705426356589147263e-01 5.206756121756382916e-01
9.100000000000000311e-01 9.255319148936169693e-01 8.130841121495326895e-01 8.656716417910447214e-01 8.884073410488596556e-01
8.386075949367088889e-01 8.255813953488372325e-01 6.635514018691588412e-01 7.357512953367874031e-01 7.958905334704645673e-01
5.864406779661016644e-01 0.000000000000000000e+00 0.000000000000000000e+00 0.000000000000000000e+00 4.601063829787234161e-01
5.214007782101167665e-01 0.000000000000000000e+00 0.000000000000000000e+00 0.000000000000000000e+00 4.466666666666666563e-01
5.767918088737201687e-01 0.000000000000000000e+00 0.000000000000000000e+00 0.000000000000000000e+00 4.543010752688171894e-01
5.979020979020979176e-01 0.000000000000000000e+00 0.000000000000000000e+00 0.000000000000000000e+00 4.776536312849162247e-01
6.094890510948904883e-01 5.000000000000000000e-01 7.476635514018691031e-02 1.300813008130081161e-01 5.134310817617102618e-01
9.472049689440993347e-01 8.629032258064516236e-01 1.000000000000000000e+00 9.264069264069264564e-01 9.604651162790698304e-01
5.704225352112676228e-01 0.000000000000000000e+00 0.000000000000000000e+00 0.000000000000000000e+00 4.576271186440677985e-01
5.986159169550172576e-01 0.000000000000000000e+00 0.000000000000000000e+00 0.000000000000000000e+00 4.752747252747252515e-01
5.986394557823129237e-01 0.000000000000000000e+00 0.000000000000000000e+00 0.000000000000000000e+00 4.705882352941176405e-01
6.089743589743589203e-01 0.000000000000000000e+00 0.000000000000000000e+00 0.000000000000000000e+00 4.634146341463414864e-01
5.118110236220472231e-01 0.000000000000000000e+00 0.000000000000000000e+00 0.000000000000000000e+00 4.421768707482993110e-01
9.531250000000000000e-01 8.770491803278688270e-01 1.000000000000000000e+00 9.344978165938864212e-01 9.647887323943661331e-01
5.474452554744525523e-01 0.000000000000000000e+00 0.000000000000000000e+00 0.000000000000000000e+00 4.491017964071856161e-01
9.472049689440993347e-01 8.629032258064516236e-01 1.000000000000000000e+00 9.264069264069264564e-01 9.604651162790698304e-01
9.472049689440993347e-01 8.629032258064516236e-01 1.000000000000000000e+00 9.264069264069264564e-01 9.604651162790698304e-01
5.852842809364549037e-01 0.000000000000000000e+00 0.000000000000000000e+00 0.000000000000000000e+00 4.557291666666666852e-01
5.062761506276151069e-01 0.000000000000000000e+00 0.000000000000000000e+00 0.000000000000000000e+00 4.583333333333333148e-01
7.181208053691274795e-01 7.555555555555555358e-01 3.177570093457943723e-01 4.473684210526315264e-01 6.300826931545725484e-01
5.807560137457045135e-01 0.000000000000000000e+00 0.000000000000000000e+00 0.000000000000000000e+00 4.592391304347825942e-01
5.555555555555555802e-01 0.000000000000000000e+00 0.000000000000000000e+00 0.000000000000000000e+00 4.505813953488372325e-01
6.089743589743589203e-01 0.000000000000000000e+00 0.000000000000000000e+00 0.000000000000000000e+00 4.634146341463414864e-01
5.118110236220472231e-01 0.000000000000000000e+00 0.000000000000000000e+00 0.000000000000000000e+00 4.421768707482993110e-01
5.821917808219178037e-01 0.000000000000000000e+00 0.000000000000000000e+00 0.000000000000000000e+00 4.594594594594594295e-01
5.699300699300698936e-01 0.000000000000000000e+00 0.000000000000000000e+00 0.000000000000000000e+00 4.553072625698323939e-01
5.663082437275985814e-01 0.000000000000000000e+00 0.000000000000000000e+00 0.000000000000000000e+00 4.593023255813953321e-01
9.647435897435897578e-01 9.067796610169491789e-01 1.000000000000000000e+00 9.511111111111111294e-01 9.731707317073170493e-01
5.664335664335664600e-01 0.000000000000000000e+00 0.000000000000000000e+00 0.000000000000000000e+00 4.525139664804469497e-01
6.012861736334405016e-01 0.000000000000000000e+00 0.000000000000000000e+00 0.000000000000000000e+00 4.583333333333333148e-01
5.947712418300653558e-01 0.000000000000000000e+00 0.000000000000000000e+00 0.000000000000000000e+00 4.572864321608040017e-01
5.714285714285713969e-01 0.000000000000000000e+00 0.000000000000000000e+00 0.000000000000000000e+00 4.555555555555555469e-01
5.793103448275862544e-01 0.000000000000000000e+00 0.000000000000000000e+00 0.000000000000000000e+00 4.590163934426229608e-01
9.472049689440993347e-01 8.629032258064516236e-01 1.000000000000000000e+00 9.264069264069264564e-01 9.604651162790698304e-01
5.610687022900763266e-01 2.142857142857142738e-01 2.803738317757009310e-02 4.958677685950412667e-02 4.785348206210430777e-01
