5.517241379310344751e-01 0.000000000000000000e+00 0.000000000000000000e+00 0.000000000000000000e+00 4.675324675324675217e-01
9.472049689440993347e-01 8.629032258064516236e-01 1.000000000000000000e+00 9.264069264069264564e-01 9.604651162790698304e-01
5.734265734265734382e-01 0.000000000000000000e+00 0.000000000000000000e+00 0.000000000000000000e+00 4.581005586592178935e-01
6.474576271186440746e-01 5.600000000000000533e-01 1.308411214953270896e-01 2.121212121212120993e-01 5.361652415987273601e-01
6.338983050847457612e-01 4.761904761904761640e-01 9.345794392523364136e-02 1.562500000000000000e-01 5.174736528136806291e-01
8.196721311475410054e-01 8.714285714285714413e-01 5.700934579439251859e-01 6.892655367231638186e-01 7.623194562446898859e-01
5.759717314487632356e-01 0.000000000000000000e+00 0.000000000000000000e+00 0.000000000000000000e+00 4.630681818181818232e-01
5.830508474576271416e-01 0.000000000000000000e+00 0.000000000000000000e+00 0.000000000000000000e+00 4.574468085106382920e-01
9.472049689440993347e-01 8.629032258064516236e-01 1.000000000000000000e+00 9.264069264069264564e-01 9.604651162790698304e-01
6.197718631178706916e-01 6.060606060606060774e-01 1.869158878504672827e-01 2.857142857142856984e-01 5.517912772585669146e-01
9.673202614379085018e-01 9.145299145299145005e-01 1.000000000000000000e+00 9.553571428571429047e-01 9.748743718592964846e-01
9.589905362776025566e-01 8.916666666666667185e-01 1.000000000000000000e+00 9.427312775330397576e-01 9.690476190476190466e-01
6.397306397306397052e-01 5.000000000000000000e-01 1.401869158878504551e-01 2.189781021897810043e-01 5.306197737333988584e-01
5.618374558303886879e-01 0.000000000000000000e+00 0.000000000000000000e+00 0.000000000000000000e+00 4.517045454545454697e-01
9.472049689440993347e-01 8.629032258064516236e-01 1.000000000000000000e+00 9.264069264069264564e-01 9.604651162790698304e-01
5.960912052117264270e-01 0.000000000000000000e+00 0.000000000000000000e+00 0.000000000000000000e+00 4.575000000000000178e-01
5.838926174496644750e-01 0.000000000000000000e+00 0.000000000000000000e+00 0.000000000000000000e+00 4.554973821989528604e-01
5.916955017301037678e-01 0.000000000000000000e+00 0.000000000000000000e+00 0.000000000000000000e+00 4.697802197802197766e-01
5.734265734265734382e-01 0.000000000000000000e+00 0.000000000000000000e+00 0.000000000000000000e+00 4.581005586592178935e-01
5.921052631578946901e-01 0.000000000000000000e+00 0.000000000000000000e+00 0.000000000000000000e+00 4.568527918781725705e-01
9.617834394904458684e-01 8.991596638655462437e-01 1.000000000000000000e+00 9.469026548672566657e-01 9.710144927536231707e-01
5.910652920962199408e-01 1.666666666666666574e-01 2.803738317757009310e-02 4.800000000000000100e-02 4.732578220235675870e-01
5.595667870036100666e-01 0.000000000000000000e+00 0.000000000000000000e+00 0.000000000000000000e+00 4.558823529411764608e-01
5.850340136054421603e-01 0.000000000000000000e+00 0.000000000000000000e+00 0.000000000000000000e+00 4.598930481283422522e-01
5.618374558303886879e-01 0.000000000000000000e+00 0.000000000000000000e+00 0.000000000000000000e+00 4.517045454545454697e-01
9.472049689440993347e-01 8.629032258064516236e-01 1.000000000000000000e+00 9.264069264069264564e-01 9.604651162790698304e-01
5.498154981549815412e-01 0.000000000000000000e+00 0.000000000000000000e+00 0.000000000000000000e+00 4.542682926829268442e-01
5.892255892255892080e-01 0.000000000000000000e+00 0.000000000000000000e+00 0.000000000000000000e+00 4.605263157894736725e-01
5.956678700361011103e-01 4.000000000000000222e-01 9.345794392523364136e-02 1.515151515151514916e-01 5.026113249037932329e-01
6.321070234113712605e-01 4.210526315789473450e-01 7.476635514018691031e-02 1.269841269841269771e-01 5.087373442367602028e-01
5.457875457875457359e-01 0.000000000000000000e+00 0.000000000000000000e+00 0.000000000000000000e+00 4.487951807228915957e-01
5.793103448275862544e-01 0.000000000000000000e+00 0.000000000000000000e+00 0.000000000000000000e+00 4.590163934426229608e-01
9.472049689440993347e-01 8.629032258064516236e-01 1.000000000000000000e+00 9.264069264069264564e-01 9.604651162790698304e-01
6.168831168831169220e-01 0.000000000000000000e+00 0.000000000000000000e+00 0.000000000000000000e+00 4.726368159203980235e-01
5.912408759124088142e-01 4.000000000000000222e-01 9.345794392523364136e-02 1.515151515151514916e-01 5.018187923218982993e-01
6.317567567567567988e-01 4.500000000000000111e-01 8.411214953271027583e-02 1.417322834645669272e-01 5.129555456658260182e-01
5.986842105263158187e-01 0.000000000000000000e+00 0.000000000000000000e+00 0.000000000000000000e+00 4.619289340101522812e-01
