5.575539568345323493e-01 0.000000000000000000e+00 0.000000000000000000e+00 0.000000000000000000e+00 4.532163742690058506e-01
5.864406779661016644e-01 0.000000000000000000e+00 0.000000000000000000e+00 0.000000000000000000e+00 4.601063829787234161e-01
5.627240143369175440e-01 0.000000000000000000e+00 0.000000000000000000e+00 0.000000000000000000e+00 4.563953488372092804e-01
9.472049689440993347e-01 8.629032258064516236e-01 1.000000000000000000e+00 9.264069264069264564e-01 9.604651162790698304e-01
5.852842809364549037e-01 0.000000000000000000e+00 0.000000000000000000e+00 0.000000000000000000e+00 4.557291666666666852e-01
5.694444444444444198e-01 0.000000000000000000e+00 0.000000000000000000e+00 0.000000000000000000e+00 4.530386740331491802e-01
6.149068322981366963e-01 0.000000000000000000e+00 0.000000000000000000e+00 0.000000000000000000e+00 4.604651162790697749e-01
6.038961038961039307e-01 0.000000000000000000e+00 0.000000000000000000e+00 0.000000000000000000e+00 4.626865671641791078e-01
5.830508474576271416e-01 0.000000000000000000e+00 0.000000000000000000e+00 0.000000000000000000e+00 4.574468085106382920e-01
6.039603960396039417e-01 0.000000000000000000e+00 0.000000000000000000e+00 0.000000000000000000e+00 4.668367346938775420e-01
5.709342560553632984e-01 0.000000000000000000e+00 0.000000000000000000e+00 0.000000000000000000e+00 4.532967032967032961e-01
5.507246376811594235e-01 0.000000000000000000e+00 0.000000000000000000e+00 0.000000000000000000e+00 4.497041420118343402e-01
6.057692307692307265e-01 0.000000000000000000e+00 0.000000000000000000e+00 0.000000000000000000e+00 4.609756097560975818e-01
5.230769230769231060e-01 0.000000000000000000e+00 0.000000000000000000e+00 0.000000000000000000e+00 4.444444444444444198e-01
9.472049689440993347e-01 8.629032258064516236e-01 1.000000000000000000e+00 9.264069264069264564e-01 9.604651162790698304e-01
5.878378378378378288e-01 0.000000000000000000e+00 0.000000000000000000e+00 0.000000000000000000e+00 4.603174603174603474e-01
9.472049689440993347e-01 8.629032258064516236e-01 1.000000000000000000e+00 9.264069264069264564e-01 9.604651162790698304e-01
9.472049689440993347e-01 8.629032258064516236e-01 1.000000000000000000e+00 9.264069264069264564e-01 9.604651162790698304e-01
5.978647686832739838e-01 3.846153846153846367e-01 9.345794392523364136e-02 1.503759398496240518e-01 5.007519604683638992e-01
5.678571428571428381e-01 0.000000000000000000e+00 0.000000000000000000e+00 0.000000000000000000e+00 4.595375722543352803e-01
6.099999999999999867e-01 0.000000000000000000e+00 0.000000000000000000e+00 0.000000000000000000e+00 4.740932642487046822e-01
6.666666666666666297e-01 6.206896551724138122e-01 1.682242990654205517e-01 2.647058823529411797e-01 5.556147402062854290e-01
5.289575289575290107e-01 0.000000000000000000e+00 0.000000000000000000e+00 0.000000000000000000e+00 4.506578947368420907e-01
6.466666666666666119e-01 5.333333333333333259e-01 7.476635514018691031e-02 1.311475409836065364e-01 5.192484625441866619e-01
5.230769230769231060e-01 0.000000000000000000e+00 0.000000000000000000e+00 0.000000000000000000e+00 4.444444444444444198e-01
9.472049689440993347e-01 8.629032258064516236e-01 1.000000000000000000e+00 9.264069264069264564e-01 9.604651162790698304e-01
5.303030303030302761e-01 0.000000000000000000e+00 0.000000000000000000e+00 0.000000000000000000e+00 4.458598726114649802e-01
5.709342560553632984e-01 0.000000000000000000e+00 0.000000000000000000e+00 0.000000000000000000e+00 4.532967032967032961e-01
5.852842809364549037e-01 0.000000000000000000e+00 0.000000000000000000e+00 0.000000000000000000e+00 4.557291666666666852e-01
5.373134328358208922e-01 0.000000000000000000e+00 0.000000000000000000e+00 0.000000000000000000e+00 4.472049689440993903e-01
5.647482014388489624e-01 0.000000000000000000e+00 0.000000000000000000e+00 0.000000000000000000e+00 4.590643274853801192e-01
5.974025974025973795e-01 0.000000000000000000e+00 0.000000000000000000e+00 0.000000000000000000e+00 4.577114427860696777e-01
5.767918088737201687e-01 0.000000000000000000e+00 0.000000000000000000e+00 0.000000000000000000e+00 4.543010752688171894e-01
6.063492063492063044e-01 0.000000000000000000e+00 0.000000000000000000e+00 0.000000000000000000e+00 4.591346153846153633e-01
9.472049689440993347e-01 8.629032258064516236e-01 1.000000000000000000e+00 9.264069264069264564e-01 9.604651162790698304e-01
9.472049689440993347e-01 8.629032258064516236e-01 1.000000000000000000e+00 9.264069264069264564e-01 9.604651162790698304e-01
5.978260869565217295e-01 4.230769230769230727e-01 1.028037383177570069e-01 1.654135338345864847e-01 5.070231709340264903e-01
