9.361022364217251868e-01 8.425196850393700254e-01 1.000000000000000000e+00 9.145299145299145005e-01 9.514563106796116720e-01
6.450511945392491953e-01 1.000000000000000000e+00 2.803738317757009310e-02 5.454545454545454974e-02 5.140186915887849928e-01
6.296296296296296502e-01 2.000000000000000111e-01 9.345794392523363789e-03 1.785714285714285615e-02 4.941465814067879658e-01
6.610738255033556943e-01 6.875000000000000000e-01 1.028037383177570069e-01 1.788617886178861804e-01 5.383128639232763746e-01
6.192052980132450868e-01 1.000000000000000056e-01 9.345794392523363789e-03 1.709401709401709227e-02 4.815959741193385213e-01
9.361022364217251868e-01 8.425196850393700254e-01 1.000000000000000000e+00 9.145299145299145005e-01 9.514563106796116720e-01
6.071428571428570953e-01 6.250000000000000000e-02 9.345794392523363789e-03 1.626016260162601451e-02 4.673594643604407350e-01
6.338983050847457612e-01 3.333333333333333148e-01 9.345794392523363789e-03 1.818181818181818094e-02 4.993537482600914346e-01
6.466666666666666119e-01 5.333333333333333259e-01 7.476635514018691031e-02 1.311475409836065364e-01 5.192484625441866619e-01
6.500000000000000222e-01 5.625000000000000000e-01 8.411214953271027583e-02 1.463414634146341375e-01 5.239213597404482892e-01
5.923566878980891515e-01 0.000000000000000000e+00 0.000000000000000000e+00 0.000000000000000000e+00 4.492753623188405765e-01
6.111111111111111605e-01 7.142857142857142461e-02 9.345794392523363789e-03 1.652892561983470773e-02 4.720095806133470795e-01
6.442953020134227771e-01 5.454545454545454142e-01 5.607476635514018620e-02 1.016949152542372808e-01 5.149483779419680163e-01
6.445182724252491724e-01 5.000000000000000000e-01 7.476635514018691031e-02 1.300813008130081161e-01 5.167646208690624965e-01
6.151315789473684736e-01 8.333333333333332871e-02 9.345794392523363789e-03 1.680672268907562952e-02 4.767541154703732742e-01
7.210884353741496833e-01 9.629629629629629095e-01 2.429906542056074759e-01 3.880597014925373234e-01 6.188215303113598909e-01
9.272151898734176667e-01 8.230769230769230393e-01 1.000000000000000000e+00 9.029535864978902593e-01 9.449760765550239139e-01
9.272151898734176667e-01 8.230769230769230393e-01 1.000000000000000000e+00 9.029535864978902593e-01 9.449760765550239139e-01
7.254237288135593209e-01 9.333333333333333481e-01 2.616822429906541791e-01 4.087591240875911858e-01 6.255219725591568691e-01
6.071428571428570953e-01 6.250000000000000000e-02 9.345794392523363789e-03 1.626016260162601451e-02 4.673594643604407350e-01
7.029702970297029285e-01 7.297297297297297147e-01 2.523364485981308136e-01 3.749999999999999445e-01 6.006580202174327532e-01
5.923566878980891515e-01 0.000000000000000000e+00 0.000000000000000000e+00 0.000000000000000000e+00 4.492753623188405765e-01
6.296296296296296502e-01 2.000000000000000111e-01 9.345794392523363789e-03 1.785714285714285615e-02 4.941465814067879658e-01
6.928104575163398504e-01 6.666666666666666297e-01 2.429906542056074759e-01 3.561643835616438158e-01 5.888320105198892040e-01
6.445182724252491724e-01 5.000000000000000000e-01 7.476635514018691031e-02 1.300813008130081161e-01 5.167646208690624965e-01
6.151315789473684736e-01 8.333333333333332871e-02 9.345794392523363789e-03 1.680672268907562952e-02 4.767541154703732742e-01
6.287625418060200921e-01 2.500000000000000000e-01 1.869158878504672758e-02 3.478260869565217434e-02 4.937207943925233655e-01
6.418918918918918859e-01 5.714285714285713969e-01 3.738317757009345516e-02 7.017543859649122417e-02 5.107550808485388227e-01
6.375404530744336329e-01 4.074074074074073848e-01 1.028037383177570069e-01 1.641791044776119424e-01 5.117979087628388157e-01
5.923566878980891515e-01 0.000000000000000000e+00 0.000000000000000000e+00 0.000000000000000000e+00 4.492753623188405765e-01
6.051779935275081179e-01 5.882352941176470507e-02 9.345794392523363789e-03 1.612903225806451221e-02 4.650689368002220991e-01
6.310679611650485965e-01 3.599999999999999867e-01 8.411214953271027583e-02 1.363636363636363535e-01 5.024521143703155612e-01
5.923566878980891515e-01 0.000000000000000000e+00 0.000000000000000000e+00 0.000000000000000000e+00 4.492753623188405765e-01
6.351351351351350871e-01 4.000000000000000222e-01 1.869158878504672758e-02 3.571428571428571230e-02 5.014092864560154572e-01
7.216828478964401050e-01 6.981132075471697673e-01 3.457943925233644689e-01 4.624999999999999667e-01 6.332932358656426786e-01
9.391025641025640969e-01 8.492063492063491870e-01 1.000000000000000000e+00 9.184549356223175032e-01 9.536585365853659235e-01
9.272151898734176667e-01 8.230769230769230393e-01 1.000000000000000000e+00 9.029535864978902593e-01 9.449760765550239139e-01
