6.233333333333332948e-01 1.250000000000000000e-01 9.345794392523363789e-03 1.739130434782608717e-02 4.865381821703548826e-01
9.421221864951768721e-01 8.559999999999999831e-01 1.000000000000000000e+00 9.224137931034482873e-01 9.558823529411764053e-01
6.071428571428570953e-01 6.250000000000000000e-02 9.345794392523363789e-03 1.626016260162601451e-02 4.673594643604407350e-01
8.365384615384615641e-01 7.978723404255319007e-01 7.009345794392523032e-01 7.462686567164178442e-01 8.041258263049919641e-01
6.111111111111111605e-01 7.142857142857142461e-02 9.345794392523363789e-03 1.652892561983470773e-02 4.720095806133470795e-01
6.765676567656765394e-01 6.551724137931034253e-01 1.775700934579439172e-01 2.794117647058823595e-01 5.632748426473394021e-01
6.192052980132450868e-01 1.000000000000000056e-01 9.345794392523363789e-03 1.709401709401709227e-02 4.815959741193385213e-01
6.111111111111111605e-01 7.142857142857142461e-02 9.345794392523363789e-03 1.652892561983470773e-02 4.720095806133470795e-01
9.331210191082802696e-01 8.359375000000000000e-01 1.000000000000000000e+00 9.106382978723404076e-01 9.492753623188405765e-01
6.111111111111111605e-01 7.142857142857142461e-02 9.345794392523363789e-03 1.652892561983470773e-02 4.720095806133470795e-01
6.217105263157894912e-01 2.142857142857142738e-01 2.803738317757009310e-02 4.958677685950412667e-02 4.860999098628966397e-01
6.103896103896103709e-01 1.176470588235294101e-01 1.869158878504672758e-02 3.225806451612902442e-02 4.720323615567024733e-01
6.192052980132450868e-01 1.000000000000000056e-01 9.345794392523363789e-03 1.709401709401709227e-02 4.815959741193385213e-01
6.329966329966330019e-01 3.333333333333333148e-01 1.869158878504672758e-02 3.539823008849556779e-02 4.988194786030497041e-01
9.213836477987421558e-01 8.106060606060605522e-01 1.000000000000000000e+00 8.953974895397489586e-01 9.407582938388625582e-01
6.777408637873754138e-01 6.923076923076922906e-01 1.682242990654205517e-01 2.706766917293232932e-01 5.634935928316794351e-01
6.233333333333332948e-01 1.250000000000000000e-01 9.345794392523363789e-03 1.739130434782608717e-02 4.865381821703548826e-01
6.176470588235294379e-01 1.875000000000000000e-01 2.803738317757009310e-02 4.878048780487804353e-02 4.813553750058704450e-01
6.233333333333332948e-01 1.250000000000000000e-01 9.345794392523363789e-03 1.739130434782608717e-02 4.865381821703548826e-01
9.391025641025640969e-01 8.492063492063491870e-01 1.000000000000000000e+00 9.184549356223175032e-01 9.536585365853659235e-01
6.225165562913906880e-01 1.818181818181818232e-01 1.869158878504672758e-02 3.389830508474575566e-02 4.862688713156002596e-01
6.375838926174496324e-01 4.444444444444444198e-01 3.738317757009345516e-02 6.896551724137930939e-02 5.056025835494446508e-01
6.184210526315789824e-01 1.538461538461538547e-01 1.869158878504672758e-02 3.333333333333333287e-02 4.814270126666350125e-01
6.360655737704917767e-01 4.000000000000000222e-01 7.476635514018691031e-02 1.259842519685039075e-01 5.070801472670631860e-01
6.329966329966330019e-01 3.333333333333333148e-01 1.869158878504672758e-02 3.539823008849556779e-02 4.988194786030497041e-01
9.213836477987421558e-01 8.106060606060605522e-01 1.000000000000000000e+00 8.953974895397489586e-01 9.407582938388625582e-01
6.051779935275081179e-01 5.882352941176470507e-02 9.345794392523363789e-03 1.612903225806451221e-02 4.650689368002220991e-01
6.192052980132450868e-01 1.000000000000000056e-01 9.345794392523363789e-03 1.709401709401709227e-02 4.815959741193385213e-01
6.287625418060200921e-01 2.500000000000000000e-01 1.869158878504672758e-02 3.478260869565217434e-02 4.937207943925233655e-01
9.272151898734176667e-01 8.230769230769230393e-01 1.000000000000000000e+00 9.029535864978902593e-01 9.449760765550239139e-01
6.051779935275081179e-01 5.882352941176470507e-02 9.345794392523363789e-03 1.612903225806451221e-02 4.650689368002220991e-01
6.111111111111111605e-01 7.142857142857142461e-02 9.345794392523363789e-03 1.652892561983470773e-02 4.720095806133470795e-01
6.111111111111111605e-01 7.142857142857142461e-02 9.345794392523363789e-03 1.652892561983470773e-02 4.720095806133470795e-01
6.329966329966330019e-01 3.333333333333333148e-01 1.869158878504672758e-02 3.539823008849556779e-02 4.988194786030497041e-01
6.382252559726961927e-01 1.000000000000000000e+00 9.345794392523363789e-03 1.851851851851851749e-02 5.046728971962616273e-01
6.327868852459016535e-01 3.684210526315789269e-01 6.542056074766354479e-02 1.111111111111110911e-01 5.024072500708014477e-01
6.233333333333332948e-01 1.250000000000000000e-01 9.345794392523363789e-03 1.739130434782608717e-02 4.865381821703548826e-01
