6.143790849673202992e-01 1.333333333333333315e-01 1.869158878504672758e-02 3.278688524590163411e-02 4.766824778096088178e-01
6.225165562913906880e-01 1.818181818181818232e-01 1.869158878504672758e-02 3.389830508474575566e-02 4.862688713156002596e-01
6.360544217687075230e-01 5.000000000000000000e-01 9.345794392523363789e-03 1.834862385321100672e-02 5.019991004048177663e-01
6.275167785234899709e-01 1.666666666666666574e-01 9.345794392523363789e-03 1.769911504424778390e-02 4.915838919606595470e-01
9.361022364217251868e-01 8.425196850393700254e-01 1.000000000000000000e+00 9.145299145299145005e-01 9.514563106796116720e-01
7.186440677966101642e-01 9.285714285714286031e-01 2.429906542056074759e-01 3.851851851851851860e-01 6.161761781666335036e-01
9.361022364217251868e-01 8.425196850393700254e-01 1.000000000000000000e+00 9.145299145299145005e-01 9.514563106796116720e-01
5.923566878980891515e-01 0.000000000000000000e+00 0.000000000000000000e+00 0.000000000000000000e+00 4.492753623188405765e-01
6.498316498316498713e-01 6.363636363636363535e-01 6.542056074766354479e-02 1.186440677966101587e-01 5.221839645843580069e-01
8.888888888888888395e-01 8.686868686868687295e-01 8.037383177570093240e-01 8.349514563106795739e-01 8.692058422955900587e-01
5.923566878980891515e-01 0.000000000000000000e+00 0.000000000000000000e+00 0.000000000000000000e+00 4.492753623188405765e-01
6.923076923076922906e-01 6.122448979591836871e-01 2.803738317757009102e-01 3.846153846153845257e-01 5.938454524732162954e-01
6.111111111111111605e-01 7.142857142857142461e-02 9.345794392523363789e-03 1.652892561983470773e-02 4.720095806133470795e-01
6.966666666666666563e-01 7.666666666666667185e-01 2.149532710280373793e-01 3.357664233576642121e-01 5.893419204881119589e-01
9.272151898734176667e-01 8.230769230769230393e-01 1.000000000000000000e+00 9.029535864978902593e-01 9.449760765550239139e-01
6.266666666666667052e-01 2.222222222222222099e-01 1.869158878504672758e-02 3.448275862068965469e-02 4.912110793666166209e-01
6.402640264026402406e-01 4.444444444444444198e-01 7.476635514018691031e-02 1.280000000000000027e-01 5.118729734884608362e-01
6.225165562913906880e-01 1.818181818181818232e-01 1.869158878504672758e-02 3.389830508474575566e-02 4.862688713156002596e-01
6.071428571428570953e-01 6.250000000000000000e-02 9.345794392523363789e-03 1.626016260162601451e-02 4.673594643604407350e-01
6.560509554140127042e-01 4.878048780487804770e-01 1.869158878504672827e-01 2.702702702702702298e-01 5.427333062440742317e-01
9.272151898734176667e-01 8.230769230769230393e-01 1.000000000000000000e+00 9.029535864978902593e-01 9.449760765550239139e-01
6.111111111111111605e-01 7.142857142857142461e-02 9.345794392523363789e-03 1.652892561983470773e-02 4.720095806133470795e-01
6.143790849673202992e-01 1.333333333333333315e-01 1.869158878504672758e-02 3.278688524590163411e-02 4.766824778096088178e-01
5.923566878980891515e-01 0.000000000000000000e+00 0.000000000000000000e+00 0.000000000000000000e+00 4.492753623188405765e-01
6.966666666666666563e-01 7.666666666666667185e-01 2.149532710280373793e-01 3.357664233576642121e-01 5.893419204881119589e-01
9.272151898734176667e-01 8.230769230769230393e-01 1.000000000000000000e+00 9.029535864978902593e-01 9.449760765550239139e-01
6.192052980132450868e-01 1.000000000000000056e-01 9.345794392523363789e-03 1.709401709401709227e-02 4.815959741193385213e-01
6.151315789473684736e-01 8.333333333333332871e-02 9.345794392523363789e-03 1.680672268907562952e-02 4.767541154703732742e-01
6.275167785234899709e-01 1.666666666666666574e-01 9.345794392523363789e-03 1.769911504424778390e-02 4.915838919606595470e-01
6.091205211726384849e-01 6.666666666666666574e-02 9.345794392523363789e-03 1.639344262295081706e-02 4.696728971962615962e-01
6.192052980132450868e-01 1.000000000000000056e-01 9.345794392523363789e-03 1.709401709401709227e-02 4.815959741193385213e-01
9.361022364217251868e-01 8.425196850393700254e-01 1.000000000000000000e+00 9.145299145299145005e-01 9.514563106796116720e-01
6.032258064516129448e-01 5.555555555555555247e-02 9.345794392523363789e-03 1.600000000000000033e-02 4.628009760139956130e-01
7.016949152542373280e-01 9.130434782608695121e-01 1.962616822429906482e-01 3.230769230769230393e-01 5.928116921853250343e-01
9.213836477987421558e-01 8.106060606060605522e-01 1.000000000000000000e+00 8.953974895397489586e-01 9.407582938388625582e-01
9.184952978056426520e-01 8.045112781954887327e-01 1.000000000000000000e+00 8.916666666666667185e-01 9.386792452830189371e-01
6.666666666666666297e-01 6.153846153846154188e-01 1.495327102803738206e-01 2.406015037593984829e-01 5.492561510585542983e-01
