5.979020979020979176e-01 0.000000000000000000e+00 0.000000000000000000e+00 0.000000000000000000e+00 4.776536312849162247e-01
5.972222222222222099e-01 0.000000000000000000e+00 0.000000000000000000e+00 0.000000000000000000e+00 4.751381215469613339e-01
5.639097744360902498e-01 0.000000000000000000e+00 0.000000000000000000e+00 0.000000000000000000e+00 4.716981132075471761e-01
5.901060070671377833e-01 0.000000000000000000e+00 0.000000000000000000e+00 0.000000000000000000e+00 4.744318181818181768e-01
9.842767295597484312e-01 9.553571428571429047e-01 1.000000000000000000e+00 9.771689497716895545e-01 9.881516587677724450e-01
6.020761245674740580e-01 0.000000000000000000e+00 0.000000000000000000e+00 0.000000000000000000e+00 4.780219780219780445e-01
5.703703703703704164e-01 0.000000000000000000e+00 0.000000000000000000e+00 0.000000000000000000e+00 4.723926380368098088e-01
5.719557195571955965e-01 0.000000000000000000e+00 0.000000000000000000e+00 0.000000000000000000e+00 4.725609756097560732e-01
5.766423357664233196e-01 0.000000000000000000e+00 0.000000000000000000e+00 0.000000000000000000e+00 4.730538922155688719e-01
6.254071661237784463e-01 0.000000000000000000e+00 0.000000000000000000e+00 0.000000000000000000e+00 4.799999999999999822e-01
6.258278145695364003e-01 0.000000000000000000e+00 0.000000000000000000e+00 0.000000000000000000e+00 4.846153846153846145e-01
5.802919708029197210e-01 0.000000000000000000e+00 0.000000000000000000e+00 0.000000000000000000e+00 4.760479041916167442e-01
5.433070866141732624e-01 0.000000000000000000e+00 0.000000000000000000e+00 0.000000000000000000e+00 4.693877551020408379e-01
5.766423357664233196e-01 0.000000000000000000e+00 0.000000000000000000e+00 0.000000000000000000e+00 4.730538922155688719e-01
5.929824561403508332e-01 0.000000000000000000e+00 0.000000000000000000e+00 0.000000000000000000e+00 4.747191011235954994e-01
9.842767295597484312e-01 9.553571428571429047e-01 1.000000000000000000e+00 9.771689497716895545e-01 9.881516587677724450e-01
7.624999999999999556e-01 8.297872340425531679e-01 3.644859813084111999e-01 5.064935064935064402e-01 6.634636479312008284e-01
