6.061643835616438158e-01 0.000000000000000000e+00 0.000000000000000000e+00 0.000000000000000000e+00 4.783783783783783772e-01
9.749216300940438673e-01 9.304347826086956097e-01 1.000000000000000000e+00 9.639639639639638879e-01 9.811320754716981174e-01
9.903846153846154188e-01 9.727272727272727737e-01 1.000000000000000000e+00 9.861751152073733317e-01 9.926829268292682862e-01
5.381526104417670986e-01 0.000000000000000000e+00 0.000000000000000000e+00 0.000000000000000000e+00 4.718309859154929398e-01
6.241379310344827847e-01 4.000000000000000222e-01 3.738317757009345516e-02 6.837606837606836907e-02 5.022981461620958932e-01
5.857142857142857428e-01 0.000000000000000000e+00 0.000000000000000000e+00 0.000000000000000000e+00 4.739884393063583667e-01
6.103448275862068950e-01 0.000000000000000000e+00 0.000000000000000000e+00 0.000000000000000000e+00 4.836065573770491621e-01
6.307189542483659928e-01 0.000000000000000000e+00 0.000000000000000000e+00 0.000000000000000000e+00 4.849246231155778797e-01
9.720496894409937916e-01 9.224137931034482873e-01 1.000000000000000000e+00 9.596412556053811604e-01 9.790697674418604723e-01
6.312292358803986980e-01 0.000000000000000000e+00 0.000000000000000000e+00 0.000000000000000000e+00 4.896907216494845172e-01
6.287625418060200921e-01 0.000000000000000000e+00 0.000000000000000000e+00 0.000000000000000000e+00 4.895833333333333148e-01
5.915492957746478764e-01 0.000000000000000000e+00 0.000000000000000000e+00 0.000000000000000000e+00 4.745762711864406902e-01
6.195286195286194841e-01 0.000000000000000000e+00 0.000000000000000000e+00 0.000000000000000000e+00 4.842105263157894801e-01
6.156462585034013779e-01 0.000000000000000000e+00 0.000000000000000000e+00 0.000000000000000000e+00 4.839572192513368898e-01
9.720496894409937916e-01 9.224137931034482873e-01 1.000000000000000000e+00 9.596412556053811604e-01 9.790697674418604723e-01
5.787545787545788079e-01 0.000000000000000000e+00 0.000000000000000000e+00 0.000000000000000000e+00 4.759036144578313032e-01
9.873817034700315132e-01 9.639639639639639990e-01 1.000000000000000000e+00 9.816513761467891008e-01 9.904761904761903990e-01
