9.750778816199376919e-01 9.304347826086956097e-01 1.000000000000000000e+00 9.639639639639638879e-01 9.813084112149532690e-01
6.633663366336634004e-01 6.923076923076922906e-01 8.411214953271027583e-02 1.499999999999999944e-01 5.318519931337020168e-01
6.233333333333332948e-01 0.000000000000000000e+00 0.000000000000000000e+00 0.000000000000000000e+00 4.844559585492227982e-01
5.999999999999999778e-01 0.000000000000000000e+00 0.000000000000000000e+00 0.000000000000000000e+00 4.754098360655737432e-01
5.719557195571955965e-01 0.000000000000000000e+00 0.000000000000000000e+00 0.000000000000000000e+00 4.725609756097560732e-01
6.312292358803986980e-01 0.000000000000000000e+00 0.000000000000000000e+00 0.000000000000000000e+00 4.896907216494845172e-01
4.866071428571428492e-01 0.000000000000000000e+00 0.000000000000000000e+00 0.000000000000000000e+00 4.658119658119658224e-01
6.409395973154362602e-01 5.000000000000000000e-01 5.607476635514018620e-02 1.008403361344537841e-01 5.123305768948476224e-01
5.827338129496403285e-01 0.000000000000000000e+00 0.000000000000000000e+00 0.000000000000000000e+00 4.736842105263158187e-01
6.360759493670885556e-01 0.000000000000000000e+00 0.000000000000000000e+00 0.000000000000000000e+00 4.808612440191387671e-01
9.873817034700315132e-01 9.639639639639639990e-01 1.000000000000000000e+00 9.816513761467891008e-01 9.904761904761903990e-01
6.324503311258278249e-01 0.000000000000000000e+00 0.000000000000000000e+00 0.000000000000000000e+00 4.897435897435897245e-01
5.878136200716845838e-01 0.000000000000000000e+00 0.000000000000000000e+00 0.000000000000000000e+00 4.767441860465116421e-01
9.720496894409937916e-01 9.224137931034482873e-01 1.000000000000000000e+00 9.596412556053811604e-01 9.790697674418604723e-01
5.797101449275362528e-01 0.000000000000000000e+00 0.000000000000000000e+00 0.000000000000000000e+00 4.733727810650887324e-01
6.158940397350993745e-01 0.000000000000000000e+00 0.000000000000000000e+00 0.000000000000000000e+00 4.769230769230768940e-01
9.720496894409937916e-01 9.224137931034482873e-01 1.000000000000000000e+00 9.596412556053811604e-01 9.790697674418604723e-01
