5.416666666666666297e-01 0.000000000000000000e+00 0.000000000000000000e+00 0.000000000000000000e+00 4.121951219512195452e-01
5.416666666666666297e-01 0.000000000000000000e+00 0.000000000000000000e+00 0.000000000000000000e+00 4.121951219512195452e-01
5.416666666666666297e-01 0.000000000000000000e+00 0.000000000000000000e+00 0.000000000000000000e+00 4.121951219512195452e-01
5.416666666666666297e-01 0.000000000000000000e+00 0.000000000000000000e+00 0.000000000000000000e+00 4.121951219512195452e-01
8.846153846153845812e-01 7.482517482517482277e-01 1.000000000000000000e+00 8.559999999999999831e-01 9.121951219512195452e-01
5.416666666666666297e-01 0.000000000000000000e+00 0.000000000000000000e+00 0.000000000000000000e+00 4.121951219512195452e-01
8.990228013029315512e-01 7.753623188405797118e-01 1.000000000000000000e+00 8.734693877551020780e-01 9.224999999999999867e-01
5.762711864406779849e-01 5.000000000000000278e-02 9.345794392523363789e-03 1.574803149606298844e-02 4.541409823026446579e-01
5.416666666666666297e-01 0.000000000000000000e+00 0.000000000000000000e+00 0.000000000000000000e+00 4.121951219512195452e-01
5.416666666666666297e-01 0.000000000000000000e+00 0.000000000000000000e+00 0.000000000000000000e+00 4.121951219512195452e-01
8.990228013029315512e-01 7.753623188405797118e-01 1.000000000000000000e+00 8.734693877551020780e-01 9.224999999999999867e-01
7.064516129032257785e-01 5.952380952380952328e-01 4.672897196261682207e-01 5.235602094240838777e-01 6.499010174485521096e-01
5.416666666666666297e-01 0.000000000000000000e+00 0.000000000000000000e+00 0.000000000000000000e+00 4.121951219512195452e-01
5.816326530612244694e-01 1.000000000000000056e-01 1.869158878504672758e-02 3.149606299212597688e-02 4.612174521465340904e-01
5.466237942122186277e-01 2.777777777777777624e-02 9.345794392523363789e-03 1.398601398601398600e-02 4.188885834707714584e-01
8.598130841121495171e-01 7.039473684210526550e-01 1.000000000000000000e+00 8.262548262548262690e-01 8.948598130841122211e-01
5.416666666666666297e-01 0.000000000000000000e+00 0.000000000000000000e+00 0.000000000000000000e+00 4.121951219512195452e-01
