6.101694915254237683e-01 3.666666666666666408e-01 1.028037383177570069e-01 1.605839416058394142e-01 5.008699542652614856e-01
5.416666666666666297e-01 0.000000000000000000e+00 0.000000000000000000e+00 0.000000000000000000e+00 4.121951219512195452e-01
5.416666666666666297e-01 0.000000000000000000e+00 0.000000000000000000e+00 0.000000000000000000e+00 4.121951219512195452e-01
5.416666666666666297e-01 0.000000000000000000e+00 0.000000000000000000e+00 0.000000000000000000e+00 4.121951219512195452e-01
5.416666666666666297e-01 0.000000000000000000e+00 0.000000000000000000e+00 0.000000000000000000e+00 4.121951219512195452e-01
5.416666666666666297e-01 0.000000000000000000e+00 0.000000000000000000e+00 0.000000000000000000e+00 4.121951219512195452e-01
5.416666666666666297e-01 0.000000000000000000e+00 0.000000000000000000e+00 0.000000000000000000e+00 4.121951219512195452e-01
5.416666666666666297e-01 0.000000000000000000e+00 0.000000000000000000e+00 0.000000000000000000e+00 4.121951219512195452e-01
8.598130841121495171e-01 7.039473684210526550e-01 1.000000000000000000e+00 8.262548262548262690e-01 8.948598130841122211e-01
5.416666666666666297e-01 0.000000000000000000e+00 0.000000000000000000e+00 0.000000000000000000e+00 4.121951219512195452e-01
5.416666666666666297e-01 0.000000000000000000e+00 0.000000000000000000e+00 0.000000000000000000e+00 4.121951219512195452e-01
5.416666666666666297e-01 0.000000000000000000e+00 0.000000000000000000e+00 0.000000000000000000e+00 4.121951219512195452e-01
5.416666666666666297e-01 0.000000000000000000e+00 0.000000000000000000e+00 0.000000000000000000e+00 4.121951219512195452e-01
5.416666666666666297e-01 0.000000000000000000e+00 0.000000000000000000e+00 0.000000000000000000e+00 4.121951219512195452e-01
8.598130841121495171e-01 7.039473684210526550e-01 1.000000000000000000e+00 8.262548262548262690e-01 8.948598130841122211e-01
5.416666666666666297e-01 0.000000000000000000e+00 0.000000000000000000e+00 0.000000000000000000e+00 4.121951219512195452e-01
8.990228013029315512e-01 7.753623188405797118e-01 1.000000000000000000e+00 8.734693877551020780e-01 9.224999999999999867e-01
