8.033898305084745672e-01 7.816091954022988952e-01 6.355140186915887446e-01 7.010309278350514983e-01 7.672250944521774585e-01
5.519480519480519654e-01 3.030303030303030387e-02 9.345794392523363789e-03 1.428571428571428353e-02 4.250709071465104683e-01
8.990228013029315512e-01 7.753623188405797118e-01 1.000000000000000000e+00 8.734693877551020780e-01 9.224999999999999867e-01
5.416666666666666297e-01 0.000000000000000000e+00 0.000000000000000000e+00 0.000000000000000000e+00 4.121951219512195452e-01
5.416666666666666297e-01 0.000000000000000000e+00 0.000000000000000000e+00 0.000000000000000000e+00 4.121951219512195452e-01
5.416666666666666297e-01 0.000000000000000000e+00 0.000000000000000000e+00 0.000000000000000000e+00 4.121951219512195452e-01
9.019607843137255054e-01 7.810218978102190235e-01 1.000000000000000000e+00 8.770491803278688270e-01 9.246231155778894539e-01
5.466237942122186277e-01 2.777777777777777624e-02 9.345794392523363789e-03 1.398601398601398600e-02 4.188885834707714584e-01
5.416666666666666297e-01 0.000000000000000000e+00 0.000000000000000000e+00 0.000000000000000000e+00 4.121951219512195452e-01
8.874598070739549982e-01 7.535211267605633756e-01 1.000000000000000000e+00 8.594377510040159818e-01 9.142156862745097756e-01
8.786885245901638886e-01 7.734375000000000000e-01 9.252336448598130758e-01 8.425531914893616969e-01 8.893844991975834446e-01
5.416666666666666297e-01 0.000000000000000000e+00 0.000000000000000000e+00 0.000000000000000000e+00 4.121951219512195452e-01
5.416666666666666297e-01 0.000000000000000000e+00 0.000000000000000000e+00 0.000000000000000000e+00 4.121951219512195452e-01
8.846153846153845812e-01 7.482517482517482277e-01 1.000000000000000000e+00 8.559999999999999831e-01 9.121951219512195452e-01
5.416666666666666297e-01 0.000000000000000000e+00 0.000000000000000000e+00 0.000000000000000000e+00 4.121951219512195452e-01
5.416666666666666297e-01 0.000000000000000000e+00 0.000000000000000000e+00 0.000000000000000000e+00 4.121951219512195452e-01
8.846153846153845812e-01 7.482517482517482277e-01 1.000000000000000000e+00 8.559999999999999831e-01 9.121951219512195452e-01
