5.253164556962025555e-01 0.000000000000000000e+00 0.000000000000000000e+00 0.000000000000000000e+00 3.971291866028708317e-01
5.253164556962025555e-01 0.000000000000000000e+00 0.000000000000000000e+00 0.000000000000000000e+00 3.971291866028708317e-01
5.253164556962025555e-01 0.000000000000000000e+00 0.000000000000000000e+00 0.000000000000000000e+00 3.971291866028708317e-01
5.369774919614147546e-01 2.564102564102564014e-02 9.345794392523363789e-03 1.369863013698630061e-02 4.115356422943008408e-01
8.639240506329114444e-01 7.133333333333333748e-01 1.000000000000000000e+00 8.326848249027237747e-01 8.971291866028708872e-01
5.253164556962025555e-01 0.000000000000000000e+00 0.000000000000000000e+00 0.000000000000000000e+00 3.971291866028708317e-01
8.806451612903225534e-01 7.430555555555555802e-01 1.000000000000000000e+00 8.525896414342629681e-01 9.088669950738916814e-01
5.439739413680781954e-01 2.857142857142857054e-02 9.345794392523363789e-03 1.408450704225351971e-02 4.196728971962616073e-01
5.253164556962025555e-01 0.000000000000000000e+00 0.000000000000000000e+00 0.000000000000000000e+00 3.971291866028708317e-01
5.253164556962025555e-01 0.000000000000000000e+00 0.000000000000000000e+00 0.000000000000000000e+00 3.971291866028708317e-01
8.584905660377358805e-01 7.039473684210526550e-01 1.000000000000000000e+00 8.262548262548262690e-01 8.933649289099526714e-01
5.253164556962025555e-01 0.000000000000000000e+00 0.000000000000000000e+00 0.000000000000000000e+00 3.971291866028708317e-01
5.253164556962025555e-01 0.000000000000000000e+00 0.000000000000000000e+00 0.000000000000000000e+00 3.971291866028708317e-01
5.404530744336569770e-01 2.702702702702702853e-02 9.345794392523363789e-03 1.388888888888888638e-02 4.155639863051725502e-01
5.253164556962025555e-01 0.000000000000000000e+00 0.000000000000000000e+00 0.000000000000000000e+00 3.971291866028708317e-01
9.039735099337747881e-01 7.867647058823529216e-01 1.000000000000000000e+00 8.806584362139917577e-01 9.256410256410255721e-01
5.637583892617449299e-01 7.407407407407406996e-02 1.869158878504672758e-02 2.985074626865671585e-02 4.439007682145129086e-01
