8.666666666666666963e-01 7.181208053691274795e-01 1.000000000000000000e+00 8.359375000000000000e-01 8.990384615384615641e-01
5.490196078431373028e-01 5.714285714285714107e-02 1.869158878504672758e-02 2.816901408450703942e-02 4.264312215282017871e-01
8.863636363636363535e-01 7.535211267605633756e-01 1.000000000000000000e+00 8.594377510040159818e-01 9.129353233830845848e-01
5.369774919614147546e-01 2.564102564102564014e-02 9.345794392523363789e-03 1.369863013698630061e-02 4.115356422943008408e-01
5.253164556962025555e-01 0.000000000000000000e+00 0.000000000000000000e+00 0.000000000000000000e+00 3.971291866028708317e-01
5.352564102564102422e-01 2.500000000000000139e-02 9.345794392523363789e-03 1.360544217687074606e-02 4.095509459767494587e-01
8.950819672131147264e-01 7.697841726618704916e-01 1.000000000000000000e+00 8.699186991869918284e-01 9.191919191919191157e-01
5.369774919614147546e-01 2.564102564102564014e-02 9.345794392523363789e-03 1.369863013698630061e-02 4.115356422943008408e-01
5.253164556962025555e-01 0.000000000000000000e+00 0.000000000000000000e+00 0.000000000000000000e+00 3.971291866028708317e-01
8.639240506329114444e-01 7.133333333333333748e-01 1.000000000000000000e+00 8.326848249027237747e-01 8.971291866028708872e-01
8.980263157894736725e-01 7.753623188405797118e-01 1.000000000000000000e+00 8.734693877551020780e-01 9.213197969543146515e-01
5.253164556962025555e-01 0.000000000000000000e+00 0.000000000000000000e+00 0.000000000000000000e+00 3.971291866028708317e-01
5.253164556962025555e-01 0.000000000000000000e+00 0.000000000000000000e+00 0.000000000000000000e+00 3.971291866028708317e-01
8.666666666666666963e-01 7.181208053691274795e-01 1.000000000000000000e+00 8.359375000000000000e-01 8.990384615384615641e-01
5.253164556962025555e-01 0.000000000000000000e+00 0.000000000000000000e+00 0.000000000000000000e+00 3.971291866028708317e-01
5.253164556962025555e-01 0.000000000000000000e+00 0.000000000000000000e+00 0.000000000000000000e+00 3.971291866028708317e-01
8.666666666666666963e-01 7.181208053691274795e-01 1.000000000000000000e+00 8.359375000000000000e-01 8.990384615384615641e-01
