9.751552795031055432e-01 9.304347826086956097e-01 1.000000000000000000e+00 9.639639639639638879e-01 9.813953488372093581e-01
5.896414342629482386e-01 6.250000000000000000e-01 9.345794392523364136e-02 1.626016260162601590e-01 5.258956386292835683e-01
9.751552795031055432e-01 9.304347826086956097e-01 1.000000000000000000e+00 9.639639639639638879e-01 9.813953488372093581e-01
5.848375451263537750e-01 0.000000000000000000e+00 0.000000000000000000e+00 0.000000000000000000e+00 4.764705882352940902e-01
5.936395759717314480e-01 0.000000000000000000e+00 0.000000000000000000e+00 0.000000000000000000e+00 4.772727272727272929e-01
5.971731448763251127e-01 0.000000000000000000e+00 0.000000000000000000e+00 0.000000000000000000e+00 4.801136363636363535e-01
9.903846153846154188e-01 9.727272727272727737e-01 1.000000000000000000e+00 9.861751152073733317e-01 9.926829268292682862e-01
6.543624161073825496e-01 6.428571428571429047e-01 8.411214953271027583e-02 1.487603305785124008e-01 5.289670695307530091e-01
5.802919708029197210e-01 0.000000000000000000e+00 0.000000000000000000e+00 0.000000000000000000e+00 4.760479041916167442e-01
9.751552795031055432e-01 9.304347826086956097e-01 1.000000000000000000e+00 9.639639639639638879e-01 9.813953488372093581e-01
9.751552795031055432e-01 9.304347826086956097e-01 1.000000000000000000e+00 9.639639639639638879e-01 9.813953488372093581e-01
5.860805860805861078e-01 0.000000000000000000e+00 0.000000000000000000e+00 0.000000000000000000e+00 4.819277108433734913e-01
6.109215017064846265e-01 0.000000000000000000e+00 0.000000000000000000e+00 0.000000000000000000e+00 4.811827956989247479e-01
9.751552795031055432e-01 9.304347826086956097e-01 1.000000000000000000e+00 9.639639639639638879e-01 9.813953488372093581e-01
5.777777777777777235e-01 0.000000000000000000e+00 0.000000000000000000e+00 0.000000000000000000e+00 4.785276073619632031e-01
7.284345047923322936e-01 8.055555555555555802e-01 2.710280373831775447e-01 4.055944055944055715e-01 6.185237274294528298e-01
9.751552795031055432e-01 9.304347826086956097e-01 1.000000000000000000e+00 9.639639639639638879e-01 9.813953488372093581e-01
