5.472440944881890035e-01 0.000000000000000000e+00 0.000000000000000000e+00 0.000000000000000000e+00 4.727891156462585287e-01
6.428571428571429047e-01 0.000000000000000000e+00 0.000000000000000000e+00 0.000000000000000000e+00 4.813953488372093026e-01
6.656250000000000222e-01 5.000000000000000000e-01 7.476635514018691031e-02 1.300813008130081161e-01 5.186038348470887183e-01
6.013986013986013512e-01 0.000000000000000000e+00 0.000000000000000000e+00 0.000000000000000000e+00 4.804469273743016688e-01
6.203389830508474478e-01 0.000000000000000000e+00 0.000000000000000000e+00 0.000000000000000000e+00 4.867021276595744905e-01
5.746268656716417844e-01 0.000000000000000000e+00 0.000000000000000000e+00 0.000000000000000000e+00 4.782608695652174058e-01
8.370607028753993539e-01 9.242424242424241987e-01 5.700934579439251859e-01 7.052023121387284155e-01 7.729108066418655110e-01
6.233333333333332948e-01 0.000000000000000000e+00 0.000000000000000000e+00 0.000000000000000000e+00 4.844559585492227982e-01
9.751552795031055432e-01 9.304347826086956097e-01 1.000000000000000000e+00 9.639639639639638879e-01 9.813953488372093581e-01
6.319218241042344753e-01 0.000000000000000000e+00 0.000000000000000000e+00 0.000000000000000000e+00 4.849999999999999867e-01
5.381526104417670986e-01 0.000000000000000000e+00 0.000000000000000000e+00 0.000000000000000000e+00 4.718309859154929398e-01
5.730337078651684957e-01 0.000000000000000000e+00 0.000000000000000000e+00 0.000000000000000000e+00 4.781250000000000222e-01
9.841269841269840724e-01 9.553571428571429047e-01 1.000000000000000000e+00 9.771689497716895545e-01 9.879807692307691624e-01
6.174496644295301984e-01 0.000000000000000000e+00 0.000000000000000000e+00 0.000000000000000000e+00 4.816753926701570765e-01
9.751552795031055432e-01 9.304347826086956097e-01 1.000000000000000000e+00 9.639639639639638879e-01 9.813953488372093581e-01
6.145833333333333703e-01 0.000000000000000000e+00 0.000000000000000000e+00 0.000000000000000000e+00 4.889502762430939509e-01
9.810725552050473253e-01 9.469026548672566657e-01 1.000000000000000000e+00 9.727272727272727737e-01 9.857142857142856540e-01
