5.892857142857143016e-01 0.000000000000000000e+00 0.000000000000000000e+00 0.000000000000000000e+00 4.768786127167630173e-01
5.756457564575645502e-01 0.000000000000000000e+00 0.000000000000000000e+00 0.000000000000000000e+00 4.756097560975609539e-01
5.875912408759124128e-01 0.000000000000000000e+00 0.000000000000000000e+00 0.000000000000000000e+00 4.820359281437125998e-01
6.055363321799307474e-01 0.000000000000000000e+00 0.000000000000000000e+00 0.000000000000000000e+00 4.807692307692307820e-01
9.751552795031055432e-01 9.304347826086956097e-01 1.000000000000000000e+00 9.639639639639638879e-01 9.813953488372093581e-01
5.878136200716845838e-01 0.000000000000000000e+00 0.000000000000000000e+00 0.000000000000000000e+00 4.767441860465116421e-01
6.763754045307442953e-01 7.333333333333332815e-01 1.028037383177570069e-01 1.803278688524590223e-01 5.415008790598685451e-01
6.270627062706271015e-01 0.000000000000000000e+00 0.000000000000000000e+00 0.000000000000000000e+00 4.846938775510203912e-01
5.899280575539568305e-01 0.000000000000000000e+00 0.000000000000000000e+00 0.000000000000000000e+00 4.795321637426900319e-01
9.525316455696202222e-01 9.339622641509434109e-01 9.252336448598130758e-01 9.295774647887323772e-01 9.458704109466529175e-01
6.250000000000000000e-01 0.000000000000000000e+00 0.000000000000000000e+00 0.000000000000000000e+00 4.822335025380710682e-01
5.978647686832739838e-01 0.000000000000000000e+00 0.000000000000000000e+00 0.000000000000000000e+00 4.827586206896551935e-01
5.676691729323308788e-01 0.000000000000000000e+00 0.000000000000000000e+00 0.000000000000000000e+00 4.748427672955974899e-01
6.095890410958904049e-01 0.000000000000000000e+00 0.000000000000000000e+00 0.000000000000000000e+00 4.810810810810810523e-01
5.869565217391304879e-01 0.000000000000000000e+00 0.000000000000000000e+00 0.000000000000000000e+00 4.792899408284023721e-01
9.751552795031055432e-01 9.304347826086956097e-01 1.000000000000000000e+00 9.639639639639638879e-01 9.813953488372093581e-01
6.552795031055900221e-01 3.333333333333333148e-01 3.738317757009345516e-02 6.722689075630251809e-02 5.000869376222559781e-01
