8.664495114006515175e-01 7.229729729729730270e-01 1.000000000000000000e+00 8.392156862745098200e-01 8.975000000000000755e-01
5.793103448275862544e-01 2.727272727272727071e-01 8.411214953271027583e-02 1.285714285714285587e-01 4.764823042745518489e-01
8.312500000000000444e-01 6.645962732919254989e-01 1.000000000000000000e+00 7.985074626865671377e-01 8.732394366197182567e-01
5.782312925170067786e-01 2.820512820512820484e-01 1.028037383177570069e-01 1.506849315068493067e-01 4.765355589984506812e-01
5.031645569620253333e-01 0.000000000000000000e+00 0.000000000000000000e+00 0.000000000000000000e+00 3.803827751196172113e-01
5.278688524590163800e-01 4.878048780487805047e-02 1.869158878504672758e-02 2.702702702702702159e-02 4.108609459076748571e-01
8.444444444444444420e-01 6.858974358974359031e-01 1.000000000000000000e+00 8.136882129277566156e-01 8.822115384615384359e-01
5.366666666666666252e-01 5.555555555555555247e-02 1.869158878504672758e-02 2.797202797202797200e-02 4.212628928381192406e-01
5.177993527508090166e-01 2.272727272727272790e-02 9.345794392523363789e-03 1.324503311258277971e-02 3.982372536319052636e-01
8.444444444444444420e-01 6.858974358974359031e-01 1.000000000000000000e+00 8.136882129277566156e-01 8.822115384615384359e-01
8.485915492957746276e-01 8.199999999999999512e-01 7.663551401869158619e-01 7.922705314009661492e-01 8.323301124663392558e-01
5.423728813559322015e-01 3.333333333333333287e-02 9.345794392523363789e-03 1.459854014598539924e-02 4.275452376217935835e-01
5.177993527508090166e-01 2.272727272727272790e-02 9.345794392523363789e-03 1.324503311258277971e-02 3.982372536319052636e-01
8.721311475409836422e-01 7.328767123287671659e-01 1.000000000000000000e+00 8.458498023715415037e-01 9.015151515151514916e-01
5.177993527508090166e-01 2.272727272727272790e-02 9.345794392523363789e-03 1.324503311258277971e-02 3.982372536319052636e-01
5.344262295081967373e-01 9.302325581395348708e-02 3.738317757009345516e-02 5.333333333333332982e-02 4.202067403001982226e-01
8.692810457516340072e-01 7.278911564625850650e-01 1.000000000000000000e+00 8.425196850393700254e-01 8.994974874371859386e-01
