6.073825503355704258e-01 4.074074074074073848e-01 2.056074766355140138e-01 2.732919254658385255e-01 5.190341048099036403e-01
6.350877192982455899e-01 5.365853658536585691e-01 2.056074766355140138e-01 2.972972972972973138e-01 5.494329518009031244e-01
5.423728813559322015e-01 3.333333333333333287e-02 9.345794392523363789e-03 1.459854014598539924e-02 4.275452376217935835e-01
5.551724137931034475e-01 7.692307692307692735e-02 1.869158878504672758e-02 3.007518796992481036e-02 4.437720239007200695e-01
8.391167192429022093e-01 6.772151898734176667e-01 1.000000000000000000e+00 8.075471698113206864e-01 8.785714285714285587e-01
5.932203389830508211e-01 3.555555555555555691e-01 1.495327102803738206e-01 2.105263157894737003e-01 4.976386955657188249e-01
8.956228956228956539e-01 7.753623188405797118e-01 1.000000000000000000e+00 8.734693877551020780e-01 9.184210526315789158e-01
5.586206896551724199e-01 1.111111111111111049e-01 2.803738317757009310e-02 4.477611940298507204e-02 4.484449210969816968e-01
5.389610389610389740e-01 1.428571428571428492e-01 6.542056074766354479e-02 8.974358974358974395e-02 4.282326684335332478e-01
5.513698630136986134e-01 7.142857142857142461e-02 1.869158878504672758e-02 2.962962962962962382e-02 4.390755241222530914e-01
8.312500000000000444e-01 6.645962732919254989e-01 1.000000000000000000e+00 7.985074626865671377e-01 8.732394366197182567e-01
5.228758169934640820e-01 2.439024390243902524e-02 9.345794392523363789e-03 1.351351351351351079e-02 4.041703846334476213e-01
5.177993527508090166e-01 2.272727272727272790e-02 9.345794392523363789e-03 1.324503311258277971e-02 3.982372536319052636e-01
5.689045936395760172e-01 1.052631578947368363e-01 1.869158878504672758e-02 3.174603174603174427e-02 4.610503398470688352e-01
5.177993527508090166e-01 2.272727272727272790e-02 9.345794392523363789e-03 1.324503311258277971e-02 3.982372536319052636e-01
8.636363636363636465e-01 7.181208053691274795e-01 1.000000000000000000e+00 8.359375000000000000e-01 8.955223880597015240e-01
6.132404181184668568e-01 4.473684210526315819e-01 1.588785046728971861e-01 2.344827586206896519e-01 5.211059190031152033e-01
