6.236933797909407495e-01 4.878048780487804770e-01 1.869158878504672827e-01 2.702702702702702298e-01 5.351246105919001961e-01
6.810631229235880602e-01 5.679012345679012030e-01 4.299065420560747586e-01 4.893617021276596146e-01 6.247470854610270852e-01
5.315614617940199738e-01 2.777777777777777624e-02 9.345794392523363789e-03 1.398601398601398600e-02 4.144667116292513054e-01
6.258278145695364003e-01 4.545454545454545303e-01 2.803738317757009102e-01 3.468208092485548510e-01 5.478792235801581700e-01
5.384615384615384359e-01 5.714285714285714107e-02 1.869158878504672758e-02 2.816901408450703942e-02 4.234082943925233655e-01
5.031645569620253333e-01 0.000000000000000000e+00 0.000000000000000000e+00 0.000000000000000000e+00 3.803827751196172113e-01
5.177993527508090166e-01 2.272727272727272790e-02 9.345794392523363789e-03 1.324503311258277971e-02 3.982372536319052636e-01
7.467105263157894912e-01 6.415094339622641195e-01 6.355140186915887446e-01 6.384976525821596249e-01 7.213103088381801475e-01
8.525641025641025328e-01 6.993464052287581278e-01 1.000000000000000000e+00 8.230769230769230393e-01 8.878048780487804992e-01
5.423728813559322015e-01 3.333333333333333287e-02 9.345794392523363789e-03 1.459854014598539924e-02 4.275452376217935835e-01
5.031645569620253333e-01 0.000000000000000000e+00 0.000000000000000000e+00 0.000000000000000000e+00 3.803827751196172113e-01
5.315614617940199738e-01 2.777777777777777624e-02 9.345794392523363789e-03 1.398601398601398600e-02 4.144667116292513054e-01
5.513698630136986134e-01 7.142857142857142461e-02 1.869158878504672758e-02 2.962962962962962382e-02 4.390755241222530914e-01
7.176079734219269479e-01 6.195652173913043237e-01 5.327102803738317238e-01 5.728643216080401279e-01 6.761489546199055400e-01
8.525641025641025328e-01 6.993464052287581278e-01 1.000000000000000000e+00 8.230769230769230393e-01 8.878048780487804992e-01
6.391752577319587125e-01 5.192307692307692735e-01 2.523364485981308136e-01 3.396226415094338869e-01 5.582334416903697027e-01
8.417721518987342222e-01 6.815286624203821253e-01 1.000000000000000000e+00 8.106060606060605522e-01 8.803827751196171558e-01
