9.562500000000000444e-01 8.842975206611570771e-01 1.000000000000000000e+00 9.385964912280702066e-01 9.671361502347417538e-01
9.503105590062111974e-01 8.699186991869918284e-01 1.000000000000000000e+00 9.304347826086956097e-01 9.627906976744186052e-01
9.589905362776025566e-01 8.916666666666667185e-01 1.000000000000000000e+00 9.427312775330397576e-01 9.690476190476190466e-01
9.532710280373831724e-01 8.770491803278688270e-01 1.000000000000000000e+00 9.344978165938864212e-01 9.649532710280374070e-01
9.372937293729373120e-01 9.150943396226415283e-01 9.065420560747663448e-01 9.107981220657277444e-01 9.303118443639137869e-01
6.560509554140127042e-01 4.799999999999999822e-01 1.121495327102803724e-01 1.818181818181818232e-01 5.246738001715652855e-01
8.095238095238095344e-01 8.219178082191780366e-01 5.607476635514018204e-01 6.666666666666667407e-01 7.491238317757009657e-01
5.882352941176470784e-01 0.000000000000000000e+00 0.000000000000000000e+00 0.000000000000000000e+00 4.670329670329670391e-01
9.678456591639871265e-01 9.145299145299145005e-01 1.000000000000000000e+00 9.553571428571429047e-01 9.754901960784313486e-01
9.503105590062111974e-01 8.699186991869918284e-01 1.000000000000000000e+00 9.304347826086956097e-01 9.627906976744186052e-01
9.532710280373831724e-01 8.770491803278688270e-01 1.000000000000000000e+00 9.344978165938864212e-01 9.649532710280374070e-01
9.503105590062111974e-01 8.699186991869918284e-01 1.000000000000000000e+00 9.304347826086956097e-01 9.627906976744186052e-01
5.999999999999999778e-01 0.000000000000000000e+00 0.000000000000000000e+00 0.000000000000000000e+00 4.621212121212120993e-01
9.532710280373831724e-01 8.770491803278688270e-01 1.000000000000000000e+00 9.344978165938864212e-01 9.649532710280374070e-01
9.532710280373831724e-01 8.770491803278688270e-01 1.000000000000000000e+00 9.344978165938864212e-01 9.649532710280374070e-01
9.503105590062111974e-01 8.699186991869918284e-01 1.000000000000000000e+00 9.304347826086956097e-01 9.627906976744186052e-01
9.592476489028213260e-01 8.916666666666667185e-01 1.000000000000000000e+00 9.427312775330397576e-01 9.693396226415094130e-01
9.592476489028213260e-01 8.916666666666667185e-01 1.000000000000000000e+00 9.427312775330397576e-01 9.693396226415094130e-01
9.531250000000000000e-01 8.770491803278688270e-01 1.000000000000000000e+00 9.344978165938864212e-01 9.647887323943661331e-01
4.893617021276595591e-01 0.000000000000000000e+00 0.000000000000000000e+00 0.000000000000000000e+00 4.492187500000000000e-01
9.503105590062111974e-01 8.699186991869918284e-01 1.000000000000000000e+00 9.304347826086956097e-01 9.627906976744186052e-01
9.683544303797468888e-01 9.145299145299145005e-01 1.000000000000000000e+00 9.553571428571429047e-01 9.760765550239234312e-01
5.857142857142857428e-01 0.000000000000000000e+00 0.000000000000000000e+00 0.000000000000000000e+00 4.739884393063583667e-01
5.964285714285714191e-01 2.000000000000000111e-01 1.869158878504672758e-02 3.418803418803418454e-02 4.862244071092863829e-01
9.532710280373831724e-01 8.770491803278688270e-01 1.000000000000000000e+00 9.344978165938864212e-01 9.649532710280374070e-01
9.532710280373831724e-01 8.770491803278688270e-01 1.000000000000000000e+00 9.344978165938864212e-01 9.649532710280374070e-01
6.413793103448275357e-01 5.600000000000000533e-01 1.308411214953270896e-01 2.121212121212120993e-01 5.353659159389204669e-01
9.503105590062111974e-01 8.699186991869918284e-01 1.000000000000000000e+00 9.304347826086956097e-01 9.627906976744186052e-01
5.518518518518518157e-01 0.000000000000000000e+00 0.000000000000000000e+00 0.000000000000000000e+00 4.570552147239264063e-01
8.241042345276873293e-01 8.354430379746835555e-01 6.168224299065420135e-01 7.096774193548387455e-01 7.759112149532709779e-01
7.071651090342678803e-01 6.511627906976744651e-01 2.616822429906541791e-01 3.733333333333332948e-01 5.957943925233645244e-01
9.339622641509434109e-01 8.909090909090908728e-01 9.158878504672897103e-01 9.032258064516128782e-01 9.295079062762987565e-01
7.220447284345048455e-01 6.999999999999999556e-01 3.271028037383177378e-01 4.458598726114649802e-01 6.271436348788675952e-01
5.986159169550172576e-01 2.631578947368420907e-01 4.672897196261682068e-02 7.936507936507936067e-02 4.849029475197699224e-01
9.503105590062111974e-01 8.699186991869918284e-01 1.000000000000000000e+00 9.304347826086956097e-01 9.627906976744186052e-01
9.503105590062111974e-01 8.699186991869918284e-01 1.000000000000000000e+00 9.304347826086956097e-01 9.627906976744186052e-01
9.612903225806451735e-01 8.991596638655462437e-01 1.000000000000000000e+00 9.469026548672566657e-01 9.704433497536945064e-01
