6.254295532646048095e-01 4.444444444444444198e-01 7.476635514018691031e-02 1.280000000000000027e-01 5.102092645266151916e-01
9.646302250803858724e-01 9.067796610169491789e-01 1.000000000000000000e+00 9.511111111111111294e-01 9.730392156862744946e-01
6.116838487972509064e-01 3.499999999999999778e-01 6.542056074766354479e-02 1.102362204724409295e-01 4.973841934173099943e-01
6.878980891719744806e-01 6.285714285714285587e-01 2.056074766355140138e-01 3.098591549295774406e-01 5.714027721341821131e-01
5.526315789473684736e-01 0.000000000000000000e+00 0.000000000000000000e+00 0.000000000000000000e+00 4.622641509433962348e-01
9.622641509433962348e-01 8.991596638655462437e-01 1.000000000000000000e+00 9.469026548672566657e-01 9.715639810426539569e-01
5.824175824175824578e-01 1.818181818181818232e-01 1.869158878504672758e-02 3.389830508474575566e-02 4.822373606575836025e-01
8.051948051948052409e-01 8.219178082191780366e-01 5.607476635514018204e-01 6.666666666666667407e-01 7.480355233179893926e-01
9.493670886075948889e-01 8.823529411764705621e-01 9.813084112149532690e-01 9.292035398230087395e-01 9.571613826409693937e-01
9.503105590062111974e-01 8.699186991869918284e-01 1.000000000000000000e+00 9.304347826086956097e-01 9.627906976744186052e-01
6.521739130434782705e-01 6.153846153846154188e-01 7.476635514018691031e-02 1.333333333333333315e-01 5.243623442367600918e-01
9.678456591639871265e-01 9.145299145299145005e-01 1.000000000000000000e+00 9.553571428571429047e-01 9.754901960784313486e-01
6.077738515901059957e-01 4.000000000000000222e-01 7.476635514018691031e-02 1.259842519685039075e-01 5.032922684791844015e-01
6.410256410256410797e-01 3.529411764705882582e-01 5.607476635514018620e-02 9.677419354838709409e-02 5.012081148848871459e-01
9.503105590062111974e-01 8.699186991869918284e-01 1.000000000000000000e+00 9.304347826086956097e-01 9.627906976744186052e-01
6.151315789473684736e-01 0.000000000000000000e+00 0.000000000000000000e+00 0.000000000000000000e+00 4.746192893401015023e-01
6.275167785234899709e-01 4.090909090909091161e-01 8.411214953271027583e-02 1.395348837209302306e-01 5.080246611537896362e-01
5.211864406779661563e-01 2.500000000000000000e-01 2.803738317757009310e-02 5.042016806722689204e-02 4.791349706585524282e-01
6.410256410256410797e-01 3.913043478260869734e-01 8.411214953271027583e-02 1.384615384615384415e-01 5.079097333029404249e-01
9.503105590062111974e-01 8.699186991869918284e-01 1.000000000000000000e+00 9.304347826086956097e-01 9.627906976744186052e-01
9.503105590062111974e-01 8.699186991869918284e-01 1.000000000000000000e+00 9.304347826086956097e-01 9.627906976744186052e-01
5.845588235294117974e-01 0.000000000000000000e+00 0.000000000000000000e+00 0.000000000000000000e+00 4.818181818181818121e-01
7.261146496815286122e-01 7.142857142857143016e-01 3.271028037383177378e-01 4.487179487179486781e-01 6.297349767483859662e-01
9.562500000000000444e-01 8.842975206611570771e-01 1.000000000000000000e+00 9.385964912280702066e-01 9.671361502347417538e-01
6.410256410256410797e-01 3.529411764705882582e-01 5.607476635514018620e-02 9.677419354838709409e-02 5.012081148848871459e-01
9.503105590062111974e-01 8.699186991869918284e-01 1.000000000000000000e+00 9.304347826086956097e-01 9.627906976744186052e-01
6.183745583038868787e-01 4.761904761904761640e-01 9.345794392523364136e-02 1.562500000000000000e-01 5.154789719626168276e-01
6.245847176079734053e-01 0.000000000000000000e+00 0.000000000000000000e+00 0.000000000000000000e+00 4.845360824742268036e-01
6.498422712933753509e-01 4.230769230769230727e-01 1.028037383177570069e-01 1.654135338345864847e-01 5.156875834445927564e-01
6.156462585034013779e-01 3.636363636363636465e-01 7.476635514018691031e-02 1.240310077519379689e-01 4.999500224898795753e-01
6.541095890410958402e-01 5.999999999999999778e-01 1.682242990654205517e-01 2.627737226277371829e-01 5.516797171002778555e-01
6.304347826086956763e-01 6.086956521739130821e-01 1.308411214953270896e-01 2.153846153846153411e-01 5.387933418127522911e-01
9.622641509433962348e-01 8.991596638655462437e-01 1.000000000000000000e+00 9.469026548672566657e-01 9.715639810426539569e-01
8.888888888888888395e-01 8.829787234042553168e-01 7.757009345794392274e-01 8.258706467661692807e-01 8.614081595974119043e-01
5.203252032520325754e-01 0.000000000000000000e+00 0.000000000000000000e+00 0.000000000000000000e+00 4.604316546762590168e-01
6.210526315789474117e-01 4.705882352941176405e-01 7.476635514018691031e-02 1.290322580645160977e-01 5.121022786936889615e-01
5.589353612167300422e-01 0.000000000000000000e+00 0.000000000000000000e+00 0.000000000000000000e+00 4.711538461538461453e-01
