9.503105590062111974e-01 8.699186991869918284e-01 1.000000000000000000e+00 9.304347826086956097e-01 9.627906976744186052e-01
9.503105590062111974e-01 8.699186991869918284e-01 1.000000000000000000e+00 9.304347826086956097e-01 9.627906976744186052e-01
9.503105590062111974e-01 8.699186991869918284e-01 1.000000000000000000e+00 9.304347826086956097e-01 9.627906976744186052e-01
6.437908496732026586e-01 4.375000000000000000e-01 6.542056074766354479e-02 1.138211382113820946e-01 5.100972150471985156e-01
9.503105590062111974e-01 8.699186991869918284e-01 1.000000000000000000e+00 9.304347826086956097e-01 9.627906976744186052e-01
9.503105590062111974e-01 8.699186991869918284e-01 1.000000000000000000e+00 9.304347826086956097e-01 9.627906976744186052e-01
9.503105590062111974e-01 8.699186991869918284e-01 1.000000000000000000e+00 9.304347826086956097e-01 9.627906976744186052e-01
6.791808873720136530e-01 7.096774193548387455e-01 2.056074766355140138e-01 3.188405797101449002e-01 5.786101899306602681e-01
7.037037037037037202e-01 7.209302325581394832e-01 2.897196261682242757e-01 4.133333333333333304e-01 6.132808657156911814e-01
9.503105590062111974e-01 8.699186991869918284e-01 1.000000000000000000e+00 9.304347826086956097e-01 9.627906976744186052e-01
9.503105590062111974e-01 8.699186991869918284e-01 1.000000000000000000e+00 9.304347826086956097e-01 9.627906976744186052e-01
9.503105590062111974e-01 8.699186991869918284e-01 1.000000000000000000e+00 9.304347826086956097e-01 9.627906976744186052e-01
6.589403973509934120e-01 5.909090909090909394e-01 1.214953271028037379e-01 2.015503875968992220e-01 5.376707404744787144e-01
9.503105590062111974e-01 8.699186991869918284e-01 1.000000000000000000e+00 9.304347826086956097e-01 9.627906976744186052e-01
9.503105590062111974e-01 8.699186991869918284e-01 1.000000000000000000e+00 9.304347826086956097e-01 9.627906976744186052e-01
9.503105590062111974e-01 8.699186991869918284e-01 1.000000000000000000e+00 9.304347826086956097e-01 9.627906976744186052e-01
7.452229299363056780e-01 7.755102040816326259e-01 3.551401869158878344e-01 4.871794871794871140e-01 6.510000451487651940e-01
5.966666666666666785e-01 0.000000000000000000e+00 0.000000000000000000e+00 0.000000000000000000e+00 4.637305699481865107e-01
9.503105590062111974e-01 8.699186991869918284e-01 1.000000000000000000e+00 9.304347826086956097e-01 9.627906976744186052e-01
9.532710280373831724e-01 8.770491803278688270e-01 1.000000000000000000e+00 9.344978165938864212e-01 9.649532710280374070e-01
9.531250000000000000e-01 8.770491803278688270e-01 1.000000000000000000e+00 9.344978165938864212e-01 9.647887323943661331e-01
9.589905362776025566e-01 8.916666666666667185e-01 1.000000000000000000e+00 9.427312775330397576e-01 9.690476190476190466e-01
9.681528662420382236e-01 9.145299145299145005e-01 1.000000000000000000e+00 9.553571428571429047e-01 9.758454106280193274e-01
9.621451104100946505e-01 8.991596638655462437e-01 1.000000000000000000e+00 9.469026548672566657e-01 9.714285714285714191e-01
9.503105590062111974e-01 8.699186991869918284e-01 1.000000000000000000e+00 9.304347826086956097e-01 9.627906976744186052e-01
9.503105590062111974e-01 8.699186991869918284e-01 1.000000000000000000e+00 9.304347826086956097e-01 9.627906976744186052e-01
9.501557632398753839e-01 8.760330578512396382e-01 9.906542056074766345e-01 9.298245614035086648e-01 9.602803738317757798e-01
9.503105590062111974e-01 8.699186991869918284e-01 1.000000000000000000e+00 9.304347826086956097e-01 9.627906976744186052e-01
7.427652733118971229e-01 7.872340425531915153e-01 3.457943925233644689e-01 4.805194805194805130e-01 6.483873923401134443e-01
8.548387096774193727e-01 8.874999999999999556e-01 6.635514018691588412e-01 7.593582887700534023e-01 8.096082132498503281e-01
9.503105590062111974e-01 8.699186991869918284e-01 1.000000000000000000e+00 9.304347826086956097e-01 9.627906976744186052e-01
9.503105590062111974e-01 8.699186991869918284e-01 1.000000000000000000e+00 9.304347826086956097e-01 9.627906976744186052e-01
9.503105590062111974e-01 8.699186991869918284e-01 1.000000000000000000e+00 9.304347826086956097e-01 9.627906976744186052e-01
6.751592356687897700e-01 5.806451612903226200e-01 1.682242990654205517e-01 2.608695652173912971e-01 5.527111833491353821e-01
9.503105590062111974e-01 8.699186991869918284e-01 1.000000000000000000e+00 9.304347826086956097e-01 9.627906976744186052e-01
9.503105590062111974e-01 8.699186991869918284e-01 1.000000000000000000e+00 9.304347826086956097e-01 9.627906976744186052e-01
9.503105590062111974e-01 8.699186991869918284e-01 1.000000000000000000e+00 9.304347826086956097e-01 9.627906976744186052e-01
