5.248447204968944568e-01 0.000000000000000000e+00 0.000000000000000000e+00 0.000000000000000000e+00 3.930232558139534760e-01
5.248447204968944568e-01 0.000000000000000000e+00 0.000000000000000000e+00 0.000000000000000000e+00 3.930232558139534760e-01
5.248447204968944568e-01 0.000000000000000000e+00 0.000000000000000000e+00 0.000000000000000000e+00 3.930232558139534760e-01
7.129032258064516014e-01 5.999999999999999778e-01 5.046728971962616273e-01 5.482233502538070846e-01 6.636664978592144992e-01
9.010238907849829060e-01 8.482142857142856984e-01 8.878504672897196137e-01 8.675799086757991496e-01 8.982263089136770517e-01
5.765472312703583402e-01 2.051282051282051211e-01 7.476635514018691031e-02 1.095890410958904049e-01 4.598831775700934488e-01
9.169435215946843964e-01 8.106060606060605522e-01 1.000000000000000000e+00 8.953974895397489586e-01 9.355670103092783574e-01
5.654952076677316475e-01 2.040816326530612290e-01 9.345794392523364136e-02 1.282051282051281937e-01 4.520687777878595326e-01
5.248447204968944568e-01 0.000000000000000000e+00 0.000000000000000000e+00 0.000000000000000000e+00 3.930232558139534760e-01
8.734177215189873333e-01 7.278911564625850650e-01 1.000000000000000000e+00 8.425196850393700254e-01 9.043062200956937247e-01
5.248447204968944568e-01 0.000000000000000000e+00 0.000000000000000000e+00 0.000000000000000000e+00 3.930232558139534760e-01
9.019607843137255054e-01 7.810218978102190235e-01 1.000000000000000000e+00 8.770491803278688270e-01 9.246231155778894539e-01
5.248447204968944568e-01 0.000000000000000000e+00 0.000000000000000000e+00 0.000000000000000000e+00 3.930232558139534760e-01
7.443365695792880654e-01 6.489361702127659504e-01 5.700934579439251859e-01 6.069651741293532465e-01 7.033635606551309483e-01
8.761904761904761862e-01 7.328767123287671659e-01 1.000000000000000000e+00 8.458498023715415037e-01 9.062500000000000000e-01
8.679245283018868218e-01 7.181208053691274795e-01 1.000000000000000000e+00 8.359375000000000000e-01 9.004739336492890711e-01
8.789808917197452498e-01 7.379310344827586521e-01 1.000000000000000000e+00 8.492063492063492980e-01 9.082125603864733554e-01
8.679245283018868218e-01 7.181208053691274795e-01 1.000000000000000000e+00 8.359375000000000000e-01 9.004739336492890711e-01
5.314465408805031377e-01 0.000000000000000000e+00 0.000000000000000000e+00 0.000000000000000000e+00 4.004739336492890711e-01
5.248447204968944568e-01 0.000000000000000000e+00 0.000000000000000000e+00 0.000000000000000000e+00 3.930232558139534760e-01
8.846153846153845812e-01 7.482517482517482277e-01 1.000000000000000000e+00 8.559999999999999831e-01 9.121951219512195452e-01
8.817891373801917121e-01 7.430555555555555802e-01 1.000000000000000000e+00 8.525896414342629681e-01 9.101941747572814823e-01
5.248447204968944568e-01 0.000000000000000000e+00 0.000000000000000000e+00 0.000000000000000000e+00 3.930232558139534760e-01
5.610561056105610733e-01 3.571428571428571230e-02 9.345794392523363789e-03 1.481481481481481191e-02 4.357953461758534708e-01
7.443365695792880654e-01 6.489361702127659504e-01 5.700934579439251859e-01 6.069651741293532465e-01 7.033635606551309483e-01
8.761904761904761862e-01 7.328767123287671659e-01 1.000000000000000000e+00 8.458498023715415037e-01 9.062500000000000000e-01
5.382165605095541316e-01 0.000000000000000000e+00 0.000000000000000000e+00 0.000000000000000000e+00 4.082125603864734109e-01
5.248447204968944568e-01 0.000000000000000000e+00 0.000000000000000000e+00 0.000000000000000000e+00 3.930232558139534760e-01
5.248447204968944568e-01 0.000000000000000000e+00 0.000000000000000000e+00 0.000000000000000000e+00 3.930232558139534760e-01
5.248447204968944568e-01 0.000000000000000000e+00 0.000000000000000000e+00 0.000000000000000000e+00 3.930232558139534760e-01
5.248447204968944568e-01 0.000000000000000000e+00 0.000000000000000000e+00 0.000000000000000000e+00 3.930232558139534760e-01
9.169435215946843964e-01 8.106060606060605522e-01 1.000000000000000000e+00 8.953974895397489586e-01 9.355670103092783574e-01
5.248447204968944568e-01 0.000000000000000000e+00 0.000000000000000000e+00 0.000000000000000000e+00 3.930232558139534760e-01
9.049180327868852070e-01 7.867647058823529216e-01 1.000000000000000000e+00 8.806584362139917577e-01 9.267676767676767957e-01
8.625000000000000444e-01 7.086092715231787631e-01 1.000000000000000000e+00 8.294573643410853014e-01 8.967136150234742420e-01
8.598130841121495171e-01 7.039473684210526550e-01 1.000000000000000000e+00 8.262548262548262690e-01 8.948598130841122211e-01
7.674418604651163101e-01 7.126436781609195581e-01 5.794392523364485514e-01 6.391752577319586015e-01 7.252866364775025776e-01
