8.990228013029315512e-01 7.753623188405797118e-01 1.000000000000000000e+00 8.734693877551020780e-01 9.224999999999999867e-01
6.027397260273972268e-01 3.043478260869565410e-01 6.542056074766354479e-02 1.076923076923076705e-01 4.894670371305884782e-01
8.434504792332268019e-01 7.132352941176470784e-01 9.065420560747663448e-01 7.983539094650206058e-01 8.586108338626259329e-01
5.248447204968944568e-01 0.000000000000000000e+00 0.000000000000000000e+00 0.000000000000000000e+00 3.930232558139534760e-01
5.501618122977346426e-01 2.941176470588235253e-02 9.345794392523363789e-03 1.418439716312056530e-02 4.229897288794299826e-01
6.793650793650793940e-01 5.357142857142856984e-01 4.205607476635513930e-01 4.712041884816753345e-01 6.165303738317756688e-01
5.248447204968944568e-01 0.000000000000000000e+00 0.000000000000000000e+00 0.000000000000000000e+00 3.930232558139534760e-01
5.248447204968944568e-01 0.000000000000000000e+00 0.000000000000000000e+00 0.000000000000000000e+00 3.930232558139534760e-01
7.677419354838709298e-01 6.699029126213592589e-01 6.448598130841121101e-01 6.571428571428571397e-01 7.386860641775240266e-01
8.571428571428570953e-01 6.993464052287581278e-01 1.000000000000000000e+00 8.230769230769230393e-01 8.930232558139534760e-01
5.248447204968944568e-01 0.000000000000000000e+00 0.000000000000000000e+00 0.000000000000000000e+00 3.930232558139534760e-01
5.248447204968944568e-01 0.000000000000000000e+00 0.000000000000000000e+00 0.000000000000000000e+00 3.930232558139534760e-01
8.846153846153845812e-01 7.482517482517482277e-01 1.000000000000000000e+00 8.559999999999999831e-01 9.121951219512195452e-01
8.817891373801917121e-01 7.430555555555555802e-01 1.000000000000000000e+00 8.525896414342629681e-01 9.101941747572814823e-01
5.248447204968944568e-01 0.000000000000000000e+00 0.000000000000000000e+00 0.000000000000000000e+00 3.930232558139534760e-01
8.817891373801917121e-01 7.430555555555555802e-01 1.000000000000000000e+00 8.525896414342629681e-01 9.101941747572814823e-01
8.874598070739549982e-01 7.535211267605633756e-01 1.000000000000000000e+00 8.594377510040159818e-01 9.142156862745097756e-01
5.248447204968944568e-01 0.000000000000000000e+00 0.000000000000000000e+00 0.000000000000000000e+00 3.930232558139534760e-01
8.817891373801917121e-01 7.430555555555555802e-01 1.000000000000000000e+00 8.525896414342629681e-01 9.101941747572814823e-01
5.519480519480519654e-01 3.030303030303030387e-02 9.345794392523363789e-03 1.428571428571428353e-02 4.250709071465104683e-01
6.517241379310344529e-01 5.882352941176470784e-01 1.869158878504672827e-01 2.836879432624113129e-01 5.552065778050150335e-01
5.399361022364217444e-01 0.000000000000000000e+00 0.000000000000000000e+00 0.000000000000000000e+00 4.101941747572815378e-01
5.248447204968944568e-01 0.000000000000000000e+00 0.000000000000000000e+00 0.000000000000000000e+00 3.930232558139534760e-01
5.379746835443037778e-01 2.439024390243902524e-02 9.345794392523363789e-03 1.351351351351351079e-02 4.089791172919554074e-01
8.817891373801917121e-01 7.430555555555555802e-01 1.000000000000000000e+00 8.525896414342629681e-01 9.101941747572814823e-01
5.248447204968944568e-01 0.000000000000000000e+00 0.000000000000000000e+00 0.000000000000000000e+00 3.930232558139534760e-01
5.365079365079364893e-01 0.000000000000000000e+00 0.000000000000000000e+00 0.000000000000000000e+00 4.062500000000000000e-01
8.392282958199357434e-01 7.244094488188976833e-01 8.598130841121495171e-01 7.863247863247863068e-01 8.441222283305845897e-01
5.248447204968944568e-01 0.000000000000000000e+00 0.000000000000000000e+00 0.000000000000000000e+00 3.930232558139534760e-01
5.348101265822784445e-01 0.000000000000000000e+00 0.000000000000000000e+00 0.000000000000000000e+00 4.043062200956937802e-01
5.248447204968944568e-01 0.000000000000000000e+00 0.000000000000000000e+00 0.000000000000000000e+00 3.930232558139534760e-01
8.789808917197452498e-01 7.379310344827586521e-01 1.000000000000000000e+00 8.492063492063492980e-01 9.082125603864733554e-01
5.540983606557376984e-01 6.060606060606060774e-02 1.869158878504672758e-02 2.857142857142856707e-02 4.310629661096950782e-01
5.248447204968944568e-01 0.000000000000000000e+00 0.000000000000000000e+00 0.000000000000000000e+00 3.930232558139534760e-01
5.248447204968944568e-01 0.000000000000000000e+00 0.000000000000000000e+00 0.000000000000000000e+00 3.930232558139534760e-01
8.679245283018868218e-01 7.181208053691274795e-01 1.000000000000000000e+00 8.359375000000000000e-01 9.004739336492890711e-01
8.789808917197452498e-01 7.379310344827586521e-01 1.000000000000000000e+00 8.492063492063492980e-01 9.082125603864733554e-01
