5.248447204968944568e-01 0.000000000000000000e+00 0.000000000000000000e+00 0.000000000000000000e+00 3.930232558139534760e-01
8.817891373801917121e-01 7.430555555555555802e-01 1.000000000000000000e+00 8.525896414342629681e-01 9.101941747572814823e-01
5.248447204968944568e-01 0.000000000000000000e+00 0.000000000000000000e+00 0.000000000000000000e+00 3.930232558139534760e-01
5.379746835443037778e-01 2.439024390243902524e-02 9.345794392523363789e-03 1.351351351351351079e-02 4.089791172919554074e-01
5.248447204968944568e-01 0.000000000000000000e+00 0.000000000000000000e+00 0.000000000000000000e+00 3.930232558139534760e-01
5.314465408805031377e-01 0.000000000000000000e+00 0.000000000000000000e+00 0.000000000000000000e+00 4.004739336492890711e-01
5.519480519480519654e-01 3.030303030303030387e-02 9.345794392523363789e-03 1.428571428571428353e-02 4.250709071465104683e-01
5.248447204968944568e-01 0.000000000000000000e+00 0.000000000000000000e+00 0.000000000000000000e+00 3.930232558139534760e-01
9.169435215946843964e-01 8.106060606060605522e-01 1.000000000000000000e+00 8.953974895397489586e-01 9.355670103092783574e-01
8.051118210862620028e-01 6.916666666666666519e-01 7.757009345794392274e-01 7.312775330396475981e-01 7.980446420470010960e-01
8.679245283018868218e-01 7.181208053691274795e-01 1.000000000000000000e+00 8.359375000000000000e-01 9.004739336492890711e-01
6.270627062706271015e-01 4.375000000000000000e-01 1.962616822429906482e-01 2.709677419354838968e-01 5.292532901010871260e-01
7.418300653594771532e-01 6.489361702127659504e-01 5.700934579439251859e-01 6.069651741293532465e-01 7.021321561076410145e-01
5.248447204968944568e-01 0.000000000000000000e+00 0.000000000000000000e+00 0.000000000000000000e+00 3.930232558139534760e-01
8.652037617554858562e-01 7.133333333333333748e-01 1.000000000000000000e+00 8.326848249027237747e-01 8.985849056603774088e-01
5.248447204968944568e-01 0.000000000000000000e+00 0.000000000000000000e+00 0.000000000000000000e+00 3.930232558139534760e-01
5.248447204968944568e-01 0.000000000000000000e+00 0.000000000000000000e+00 0.000000000000000000e+00 3.930232558139534760e-01
6.357827476038339087e-01 4.477611940298507620e-01 2.803738317757009102e-01 3.448275862068965747e-01 5.503810906451320761e-01
5.354838709677419706e-01 0.000000000000000000e+00 0.000000000000000000e+00 0.000000000000000000e+00 4.088669950738916259e-01
9.230769230769231282e-01 8.230769230769230393e-01 1.000000000000000000e+00 9.029535864978902593e-01 9.401041666666667407e-01
8.874598070739549982e-01 7.535211267605633756e-01 1.000000000000000000e+00 8.594377510040159818e-01 9.142156862745097756e-01
5.248447204968944568e-01 0.000000000000000000e+00 0.000000000000000000e+00 0.000000000000000000e+00 3.930232558139534760e-01
5.248447204968944568e-01 0.000000000000000000e+00 0.000000000000000000e+00 0.000000000000000000e+00 3.930232558139534760e-01
8.903225806451613433e-01 7.588652482269503396e-01 1.000000000000000000e+00 8.629032258064516236e-01 9.162561576354679715e-01
5.248447204968944568e-01 0.000000000000000000e+00 0.000000000000000000e+00 0.000000000000000000e+00 3.930232558139534760e-01
8.652037617554858562e-01 7.133333333333333748e-01 1.000000000000000000e+00 8.326848249027237747e-01 8.985849056603774088e-01
5.248447204968944568e-01 0.000000000000000000e+00 0.000000000000000000e+00 0.000000000000000000e+00 3.930232558139534760e-01
5.248447204968944568e-01 0.000000000000000000e+00 0.000000000000000000e+00 0.000000000000000000e+00 3.930232558139534760e-01
5.248447204968944568e-01 0.000000000000000000e+00 0.000000000000000000e+00 0.000000000000000000e+00 3.930232558139534760e-01
5.248447204968944568e-01 0.000000000000000000e+00 0.000000000000000000e+00 0.000000000000000000e+00 3.930232558139534760e-01
5.248447204968944568e-01 0.000000000000000000e+00 0.000000000000000000e+00 0.000000000000000000e+00 3.930232558139534760e-01
5.248447204968944568e-01 0.000000000000000000e+00 0.000000000000000000e+00 0.000000000000000000e+00 3.930232558139534760e-01
8.846153846153845812e-01 7.482517482517482277e-01 1.000000000000000000e+00 8.559999999999999831e-01 9.121951219512195452e-01
8.817891373801917121e-01 7.430555555555555802e-01 1.000000000000000000e+00 8.525896414342629681e-01 9.101941747572814823e-01
5.248447204968944568e-01 0.000000000000000000e+00 0.000000000000000000e+00 0.000000000000000000e+00 3.930232558139534760e-01
5.248447204968944568e-01 0.000000000000000000e+00 0.000000000000000000e+00 0.000000000000000000e+00 3.930232558139534760e-01
5.248447204968944568e-01 0.000000000000000000e+00 0.000000000000000000e+00 0.000000000000000000e+00 3.930232558139534760e-01
