9.087947882736155947e-01 7.925925925925926263e-01 1.000000000000000000e+00 8.842975206611569661e-01 9.299999999999999378e-01
5.856164383561643927e-01 1.111111111111111049e-01 1.869158878504672758e-02 3.200000000000000067e-02 4.661025511492801199e-01
8.773584905660377631e-01 7.328767123287671659e-01 1.000000000000000000e+00 8.458498023715415037e-01 9.075829383886255819e-01
5.341614906832298226e-01 0.000000000000000000e+00 0.000000000000000000e+00 0.000000000000000000e+00 4.000000000000000222e-01
5.723684210526315264e-01 7.407407407407406996e-02 1.869158878504672758e-02 2.985074626865671585e-02 4.458940177427771490e-01
5.944055944055943730e-01 9.090909090909091161e-02 9.345794392523363789e-03 1.694915254237287783e-02 4.767399363024068526e-01
5.440251572327043927e-01 2.500000000000000139e-02 9.345794392523363789e-03 1.360544217687074606e-02 4.122558355848872647e-01
5.411392405063291111e-01 0.000000000000000000e+00 0.000000000000000000e+00 0.000000000000000000e+00 4.090909090909090606e-01
5.979381443298968923e-01 1.428571428571428492e-01 1.869158878504672758e-02 3.305785123966941547e-02 4.767370987403494742e-01
9.087947882736155947e-01 7.925925925925926263e-01 1.000000000000000000e+00 8.842975206611569661e-01 9.299999999999999378e-01
5.341614906832298226e-01 0.000000000000000000e+00 0.000000000000000000e+00 0.000000000000000000e+00 4.000000000000000222e-01
5.341614906832298226e-01 0.000000000000000000e+00 0.000000000000000000e+00 0.000000000000000000e+00 4.000000000000000222e-01
9.058441558441558961e-01 7.867647058823529216e-01 1.000000000000000000e+00 8.806584362139917577e-01 9.278606965174129861e-01
9.087947882736155947e-01 7.925925925925926263e-01 1.000000000000000000e+00 8.842975206611569661e-01 9.299999999999999378e-01
5.341614906832298226e-01 0.000000000000000000e+00 0.000000000000000000e+00 0.000000000000000000e+00 4.000000000000000222e-01
8.857142857142856762e-01 7.482517482517482277e-01 1.000000000000000000e+00 8.559999999999999831e-01 9.134615384615384359e-01
9.238410596026490618e-01 8.230769230769230393e-01 1.000000000000000000e+00 9.029535864978902593e-01 9.410256410256410131e-01
5.341614906832298226e-01 0.000000000000000000e+00 0.000000000000000000e+00 0.000000000000000000e+00 4.000000000000000222e-01
9.000000000000000222e-01 7.753623188405797118e-01 1.000000000000000000e+00 8.734693877551020780e-01 9.236453201970442617e-01
5.924657534246575707e-01 7.142857142857142461e-02 9.345794392523363789e-03 1.652892561983470773e-02 4.695377620611265179e-01
6.094276094276094291e-01 3.333333333333333148e-01 8.411214953271027583e-02 1.343283582089551953e-01 4.946876537137235297e-01
5.796610169491525077e-01 9.523809523809523281e-02 1.869158878504672758e-02 3.124999999999999653e-02 4.588138794989063407e-01
5.341614906832298226e-01 0.000000000000000000e+00 0.000000000000000000e+00 0.000000000000000000e+00 4.000000000000000222e-01
5.492063492063492536e-01 2.702702702702702853e-02 9.345794392523363789e-03 1.388888888888888638e-02 4.181344356578000632e-01
9.087947882736155947e-01 7.925925925925926263e-01 1.000000000000000000e+00 8.842975206611569661e-01 9.299999999999999378e-01
5.341614906832298226e-01 0.000000000000000000e+00 0.000000000000000000e+00 0.000000000000000000e+00 4.000000000000000222e-01
5.901639344262294973e-01 2.352941176470588203e-01 7.476635514018691031e-02 1.134751773049645224e-01 4.717266119135278268e-01
7.402597402597402843e-01 6.588235294117646967e-01 5.233644859813083583e-01 5.833333333333332593e-01 6.895429395080672208e-01
5.341614906832298226e-01 0.000000000000000000e+00 0.000000000000000000e+00 0.000000000000000000e+00 4.000000000000000222e-01
5.443037974683544444e-01 0.000000000000000000e+00 0.000000000000000000e+00 0.000000000000000000e+00 4.114832535885167286e-01
5.341614906832298226e-01 0.000000000000000000e+00 0.000000000000000000e+00 0.000000000000000000e+00 4.000000000000000222e-01
8.885350318471337827e-01 7.535211267605633756e-01 1.000000000000000000e+00 8.594377510040159818e-01 9.154589371980677015e-01
5.695364238410596247e-01 4.000000000000000083e-02 9.345794392523363789e-03 1.515151515151515020e-02 4.431344356578000854e-01
5.610561056105610733e-01 3.571428571428571230e-02 9.345794392523363789e-03 1.481481481481481191e-02 4.357953461758534708e-01
5.341614906832298226e-01 0.000000000000000000e+00 0.000000000000000000e+00 0.000000000000000000e+00 4.000000000000000222e-01
8.801261829652996527e-01 7.379310344827586521e-01 1.000000000000000000e+00 8.492063492063492980e-01 9.095238095238095122e-01
8.857142857142856762e-01 7.482517482517482277e-01 1.000000000000000000e+00 8.559999999999999831e-01 9.134615384615384359e-01
