5.341614906832298226e-01 0.000000000000000000e+00 0.000000000000000000e+00 0.000000000000000000e+00 4.000000000000000222e-01
5.341614906832298226e-01 0.000000000000000000e+00 0.000000000000000000e+00 0.000000000000000000e+00 4.000000000000000222e-01
5.904436860068259518e-01 6.666666666666666574e-02 9.345794392523363789e-03 1.639344262295081706e-02 4.670384885941111230e-01
6.719745222929935924e-01 5.270270270270269730e-01 3.644859813084111999e-01 4.309392265193370264e-01 5.977019278522732737e-01
9.147540983606556875e-01 8.045112781954887327e-01 1.000000000000000000e+00 8.916666666666667185e-01 9.343434343434343647e-01
6.020761245674740580e-01 1.666666666666666574e-01 1.869158878504672758e-02 3.361344537815125905e-02 4.818732669199958796e-01
9.087947882736155947e-01 7.925925925925926263e-01 1.000000000000000000e+00 8.842975206611569661e-01 9.299999999999999378e-01
8.773584905660377631e-01 7.328767123287671659e-01 1.000000000000000000e+00 8.458498023715415037e-01 9.075829383886255819e-01
5.341614906832298226e-01 0.000000000000000000e+00 0.000000000000000000e+00 0.000000000000000000e+00 4.000000000000000222e-01
9.029126213592233441e-01 7.810218978102190235e-01 1.000000000000000000e+00 8.770491803278688270e-01 9.257425742574256766e-01
5.341614906832298226e-01 0.000000000000000000e+00 0.000000000000000000e+00 0.000000000000000000e+00 4.000000000000000222e-01
9.207920792079208328e-01 8.167938931297710203e-01 1.000000000000000000e+00 8.991596638655461327e-01 9.387755102040815647e-01
5.341614906832298226e-01 0.000000000000000000e+00 0.000000000000000000e+00 0.000000000000000000e+00 4.000000000000000222e-01
6.980519480519480346e-01 5.972222222222222099e-01 4.018691588785046620e-01 4.804469273743016688e-01 6.287952759566651784e-01
8.971061093247588714e-01 7.697841726618704916e-01 1.000000000000000000e+00 8.699186991869918284e-01 9.215686274509804488e-01
5.580645161290322953e-01 3.125000000000000000e-02 9.345794392523363789e-03 1.438848920863309254e-02 4.283182173933060000e-01
9.000000000000000222e-01 7.753623188405797118e-01 1.000000000000000000e+00 8.734693877551020780e-01 9.236453201970442617e-01
9.207920792079208328e-01 8.167938931297710203e-01 1.000000000000000000e+00 8.991596638655461327e-01 9.387755102040815647e-01
5.341614906832298226e-01 0.000000000000000000e+00 0.000000000000000000e+00 0.000000000000000000e+00 4.000000000000000222e-01
5.440251572327043927e-01 2.500000000000000139e-02 9.345794392523363789e-03 1.360544217687074606e-02 4.122558355848872647e-01
8.913738019169329396e-01 7.588652482269503396e-01 1.000000000000000000e+00 8.629032258064516236e-01 9.174757281553397315e-01
8.857142857142856762e-01 7.482517482517482277e-01 1.000000000000000000e+00 8.559999999999999831e-01 9.134615384615384359e-01
5.341614906832298226e-01 0.000000000000000000e+00 0.000000000000000000e+00 0.000000000000000000e+00 4.000000000000000222e-01
5.544871794871795156e-01 2.941176470588235253e-02 9.345794392523363789e-03 1.418439716312056530e-02 4.241850923182128308e-01
6.980519480519480346e-01 5.972222222222222099e-01 4.018691588785046620e-01 4.804469273743016688e-01 6.287952759566651784e-01
8.971061093247588714e-01 7.697841726618704916e-01 1.000000000000000000e+00 8.699186991869918284e-01 9.215686274509804488e-01
5.598705501618123082e-01 3.225806451612903136e-02 9.345794392523363789e-03 1.449275362318840250e-02 4.304154714536873594e-01
5.341614906832298226e-01 0.000000000000000000e+00 0.000000000000000000e+00 0.000000000000000000e+00 4.000000000000000222e-01
5.341614906832298226e-01 0.000000000000000000e+00 0.000000000000000000e+00 0.000000000000000000e+00 4.000000000000000222e-01
5.341614906832298226e-01 0.000000000000000000e+00 0.000000000000000000e+00 0.000000000000000000e+00 4.000000000000000222e-01
5.341614906832298226e-01 0.000000000000000000e+00 0.000000000000000000e+00 0.000000000000000000e+00 4.000000000000000222e-01
9.087947882736155947e-01 7.925925925925926263e-01 1.000000000000000000e+00 8.842975206611569661e-01 9.299999999999999378e-01
5.460317460317459792e-01 0.000000000000000000e+00 0.000000000000000000e+00 0.000000000000000000e+00 4.134615384615384359e-01
9.269102990033222245e-01 8.294573643410853014e-01 1.000000000000000000e+00 9.067796610169490679e-01 9.432989690721649279e-01
8.885350318471337827e-01 7.535211267605633756e-01 1.000000000000000000e+00 8.594377510040159818e-01 9.154589371980677015e-01
8.746081504702194476e-01 7.278911564625850650e-01 1.000000000000000000e+00 8.425196850393700254e-01 9.056603773584905870e-01
7.909967845659163777e-01 6.981132075471697673e-01 6.915887850467289377e-01 6.948356807511736344e-01 7.673630199743448621e-01
