5.443037974683544444e-01 0.000000000000000000e+00 0.000000000000000000e+00 0.000000000000000000e+00 4.114832535885167286e-01
9.177631578947368363e-01 8.106060606060605522e-01 1.000000000000000000e+00 8.953974895397489586e-01 9.365482233502537834e-01
5.723905723905723386e-01 4.545454545454545581e-02 9.345794392523363789e-03 1.550387596899224611e-02 4.494097393015247799e-01
6.148867313915857835e-01 3.928571428571428492e-01 2.056074766355140138e-01 2.699386503067484622e-01 5.186453224761728986e-01
5.374999999999999778e-01 0.000000000000000000e+00 0.000000000000000000e+00 0.000000000000000000e+00 4.037558685446009377e-01
5.570032573289902533e-01 3.225806451612903136e-02 9.345794392523363789e-03 1.449275362318840250e-02 4.296728971962616161e-01
5.440251572327043927e-01 2.500000000000000139e-02 9.345794392523363789e-03 1.360544217687074606e-02 4.122558355848872647e-01
5.341614906832298226e-01 0.000000000000000000e+00 0.000000000000000000e+00 0.000000000000000000e+00 4.000000000000000222e-01
9.087947882736155947e-01 7.925925925925926263e-01 1.000000000000000000e+00 8.842975206611569661e-01 9.299999999999999378e-01
6.032258064516129448e-01 3.400000000000000244e-01 1.588785046728971861e-01 2.165605095541401348e-01 4.981584641591086382e-01
8.857142857142856762e-01 7.482517482517482277e-01 1.000000000000000000e+00 8.559999999999999831e-01 9.134615384615384359e-01
7.450980392156862919e-01 6.746987951807228434e-01 5.233644859813083583e-01 5.894736842105262609e-01 6.938430470107547210e-01
7.915309446254071846e-01 7.128712871287128383e-01 6.728971962616822067e-01 6.923076923076922906e-01 7.639485981308411500e-01
5.341614906832298226e-01 0.000000000000000000e+00 0.000000000000000000e+00 0.000000000000000000e+00 4.000000000000000222e-01
8.913738019169329396e-01 7.588652482269503396e-01 1.000000000000000000e+00 8.629032258064516236e-01 9.174757281553397315e-01
5.341614906832298226e-01 0.000000000000000000e+00 0.000000000000000000e+00 0.000000000000000000e+00 4.000000000000000222e-01
5.341614906832298226e-01 0.000000000000000000e+00 0.000000000000000000e+00 0.000000000000000000e+00 4.000000000000000222e-01
5.463258785942491924e-01 2.702702702702702853e-02 9.345794392523363789e-03 1.388888888888888638e-02 4.172942564195625814e-01
7.955271565495207753e-01 6.902654867256636795e-01 7.289719626168223998e-01 7.090909090909089940e-01 7.795345249977315705e-01
9.087947882736155947e-01 7.925925925925926263e-01 1.000000000000000000e+00 8.842975206611569661e-01 9.299999999999999378e-01
9.058441558441558961e-01 7.867647058823529216e-01 1.000000000000000000e+00 8.806584362139917577e-01 9.278606965174129861e-01
5.341614906832298226e-01 0.000000000000000000e+00 0.000000000000000000e+00 0.000000000000000000e+00 4.000000000000000222e-01
5.341614906832298226e-01 0.000000000000000000e+00 0.000000000000000000e+00 0.000000000000000000e+00 4.000000000000000222e-01
9.238410596026490618e-01 8.230769230769230393e-01 1.000000000000000000e+00 9.029535864978902593e-01 9.410256410256410131e-01
5.341614906832298226e-01 0.000000000000000000e+00 0.000000000000000000e+00 0.000000000000000000e+00 4.000000000000000222e-01
8.913738019169329396e-01 7.588652482269503396e-01 1.000000000000000000e+00 8.629032258064516236e-01 9.174757281553397315e-01
5.341614906832298226e-01 0.000000000000000000e+00 0.000000000000000000e+00 0.000000000000000000e+00 4.000000000000000222e-01
5.341614906832298226e-01 0.000000000000000000e+00 0.000000000000000000e+00 0.000000000000000000e+00 4.000000000000000222e-01
5.341614906832298226e-01 0.000000000000000000e+00 0.000000000000000000e+00 0.000000000000000000e+00 4.000000000000000222e-01
5.714285714285713969e-01 4.166666666666666435e-02 9.345794392523363789e-03 1.526717557251908164e-02 4.453945466807977538e-01
5.598705501618123082e-01 3.225806451612903136e-02 9.345794392523363789e-03 1.449275362318840250e-02 4.304154714536873594e-01
5.672131147540984131e-01 3.703703703703703498e-02 9.345794392523363789e-03 1.492537313432835792e-02 4.390163315396959920e-01
8.971061093247588714e-01 7.697841726618704916e-01 1.000000000000000000e+00 8.699186991869918284e-01 9.215686274509804488e-01
8.903654485049833367e-01 8.032786885245901676e-01 9.158878504672897103e-01 8.558951965065501044e-01 8.960882551305520138e-01
5.653594771241829964e-01 3.571428571428571230e-02 9.345794392523363789e-03 1.481481481481481191e-02 4.368337012163621691e-01
5.341614906832298226e-01 0.000000000000000000e+00 0.000000000000000000e+00 0.000000000000000000e+00 4.000000000000000222e-01
5.341614906832298226e-01 0.000000000000000000e+00 0.000000000000000000e+00 0.000000000000000000e+00 4.000000000000000222e-01
