9.472049689440993347e-01 8.629032258064516236e-01 1.000000000000000000e+00 9.264069264069264564e-01 9.604651162790698304e-01
9.472049689440993347e-01 8.629032258064516236e-01 1.000000000000000000e+00 9.264069264069264564e-01 9.604651162790698304e-01
9.472049689440993347e-01 8.629032258064516236e-01 1.000000000000000000e+00 9.264069264069264564e-01 9.604651162790698304e-01
9.529780564263322651e-01 8.770491803278688270e-01 1.000000000000000000e+00 9.344978165938864212e-01 9.646226415094338869e-01
9.472049689440993347e-01 8.629032258064516236e-01 1.000000000000000000e+00 9.264069264069264564e-01 9.604651162790698304e-01
9.472049689440993347e-01 8.629032258064516236e-01 1.000000000000000000e+00 9.264069264069264564e-01 9.604651162790698304e-01
9.472049689440993347e-01 8.629032258064516236e-01 1.000000000000000000e+00 9.264069264069264564e-01 9.604651162790698304e-01
6.081081081081081141e-01 0.000000000000000000e+00 0.000000000000000000e+00 0.000000000000000000e+00 4.761904761904761640e-01
8.066666666666666430e-01 8.181818181818182323e-01 5.887850467289719170e-01 6.847826086956521063e-01 7.581230933126724691e-01
9.472049689440993347e-01 8.629032258064516236e-01 1.000000000000000000e+00 9.264069264069264564e-01 9.604651162790698304e-01
9.472049689440993347e-01 8.629032258064516236e-01 1.000000000000000000e+00 9.264069264069264564e-01 9.604651162790698304e-01
9.472049689440993347e-01 8.629032258064516236e-01 1.000000000000000000e+00 9.264069264069264564e-01 9.604651162790698304e-01
9.561128526645767955e-01 8.842975206611570771e-01 1.000000000000000000e+00 9.385964912280702066e-01 9.669811320754717610e-01
9.472049689440993347e-01 8.629032258064516236e-01 1.000000000000000000e+00 9.264069264069264564e-01 9.604651162790698304e-01
9.472049689440993347e-01 8.629032258064516236e-01 1.000000000000000000e+00 9.264069264069264564e-01 9.604651162790698304e-01
9.472049689440993347e-01 8.629032258064516236e-01 1.000000000000000000e+00 9.264069264069264564e-01 9.604651162790698304e-01
9.528301886792452935e-01 8.770491803278688270e-01 1.000000000000000000e+00 9.344978165938864212e-01 9.644549763033175571e-01
7.193548387096774244e-01 7.631578947368421462e-01 2.710280373831775447e-01 3.999999999999999667e-01 6.133465310068596521e-01
9.472049689440993347e-01 8.629032258064516236e-01 1.000000000000000000e+00 9.264069264069264564e-01 9.604651162790698304e-01
9.501557632398753839e-01 8.699186991869918284e-01 1.000000000000000000e+00 9.304347826086956097e-01 9.626168224299065379e-01
9.531250000000000000e-01 8.770491803278688270e-01 1.000000000000000000e+00 9.344978165938864212e-01 9.647887323943661331e-01
9.472049689440993347e-01 8.629032258064516236e-01 1.000000000000000000e+00 9.264069264069264564e-01 9.604651162790698304e-01
9.472049689440993347e-01 8.629032258064516236e-01 1.000000000000000000e+00 9.264069264069264564e-01 9.604651162790698304e-01
9.472049689440993347e-01 8.629032258064516236e-01 1.000000000000000000e+00 9.264069264069264564e-01 9.604651162790698304e-01
9.472049689440993347e-01 8.629032258064516236e-01 1.000000000000000000e+00 9.264069264069264564e-01 9.604651162790698304e-01
9.472049689440993347e-01 8.629032258064516236e-01 1.000000000000000000e+00 9.264069264069264564e-01 9.604651162790698304e-01
9.501557632398753839e-01 8.699186991869918284e-01 1.000000000000000000e+00 9.304347826086956097e-01 9.626168224299065379e-01
9.472049689440993347e-01 8.629032258064516236e-01 1.000000000000000000e+00 9.264069264069264564e-01 9.604651162790698304e-01
9.556962025316455556e-01 8.842975206611570771e-01 1.000000000000000000e+00 9.385964912280702066e-01 9.665071770334927592e-01
9.645161290322580294e-01 9.210526315789473450e-01 9.813084112149532690e-01 9.502262443438913575e-01 9.684867179227474310e-01
9.472049689440993347e-01 8.629032258064516236e-01 1.000000000000000000e+00 9.264069264069264564e-01 9.604651162790698304e-01
9.472049689440993347e-01 8.629032258064516236e-01 1.000000000000000000e+00 9.264069264069264564e-01 9.604651162790698304e-01
9.531250000000000000e-01 8.770491803278688270e-01 1.000000000000000000e+00 9.344978165938864212e-01 9.647887323943661331e-01
6.719242902208202306e-01 5.517241379310344751e-01 1.495327102803738206e-01 2.352941176470587925e-01 5.438139741878059708e-01
9.472049689440993347e-01 8.629032258064516236e-01 1.000000000000000000e+00 9.264069264069264564e-01 9.604651162790698304e-01
9.472049689440993347e-01 8.629032258064516236e-01 1.000000000000000000e+00 9.264069264069264564e-01 9.604651162790698304e-01
9.472049689440993347e-01 8.629032258064516236e-01 1.000000000000000000e+00 9.264069264069264564e-01 9.604651162790698304e-01
