6.013745704467353681e-01 1.538461538461538547e-01 1.869158878504672758e-02 3.333333333333333287e-02 4.794544900446972568e-01
9.076433121019108485e-01 8.979591836734693855e-01 8.224299065420560551e-01 8.585365853658536439e-01 8.870603638990474105e-01
8.333333333333333703e-01 8.139534883720930258e-01 6.542056074766354756e-01 7.253886010362694536e-01 7.891881117951897728e-01
9.053627760252366263e-01 8.737864077669902363e-01 8.411214953271027861e-01 8.571428571428570953e-01 8.896083667111703841e-01
5.992366412213741000e-01 5.625000000000000000e-01 8.411214953271027583e-02 1.463414634146341375e-01 5.194754296050647646e-01
9.472049689440993347e-01 8.629032258064516236e-01 1.000000000000000000e+00 9.264069264069264564e-01 9.604651162790698304e-01
5.658914728682170603e-01 3.913043478260869734e-01 8.411214953271027583e-02 1.384615384615384415e-01 4.956984588723153395e-01
9.499999999999999556e-01 8.699186991869918284e-01 1.000000000000000000e+00 9.304347826086956097e-01 9.624413145539906234e-01
9.472049689440993347e-01 8.629032258064516236e-01 1.000000000000000000e+00 9.264069264069264564e-01 9.604651162790698304e-01
9.472049689440993347e-01 8.629032258064516236e-01 1.000000000000000000e+00 9.264069264069264564e-01 9.604651162790698304e-01
8.149350649350649567e-01 8.787878787878787845e-01 5.420560747663550893e-01 6.705202312138727194e-01 7.511275398707396578e-01
9.680511182108626489e-01 9.217391304347826164e-01 9.906542056074766345e-01 9.549549549549549710e-01 9.734824426095636252e-01
6.894197952218430459e-01 6.904761904761904656e-01 2.710280373831775447e-01 3.892617449664429463e-01 6.005677821324489907e-01
9.528301886792452935e-01 8.770491803278688270e-01 1.000000000000000000e+00 9.344978165938864212e-01 9.644549763033175571e-01
9.472049689440993347e-01 8.629032258064516236e-01 1.000000000000000000e+00 9.264069264069264564e-01 9.604651162790698304e-01
9.498432601880877346e-01 8.699186991869918284e-01 1.000000000000000000e+00 9.304347826086956097e-01 9.622641509433962348e-01
6.634304207119741115e-01 5.789473684210526550e-01 1.028037383177570069e-01 1.746031746031745935e-01 5.315998889608586353e-01
5.687022900763358813e-01 3.636363636363636465e-01 7.476635514018691031e-02 1.240310077519379689e-01 4.922218872475128126e-01
6.409395973154362602e-01 5.000000000000000000e-01 1.214953271028037379e-01 1.954887218045112673e-01 5.267162499388363672e-01
9.472049689440993347e-01 8.629032258064516236e-01 1.000000000000000000e+00 9.264069264069264564e-01 9.604651162790698304e-01
9.472049689440993347e-01 8.629032258064516236e-01 1.000000000000000000e+00 9.264069264069264564e-01 9.604651162790698304e-01
5.769230769230768718e-01 0.000000000000000000e+00 0.000000000000000000e+00 0.000000000000000000e+00 4.608938547486033377e-01
8.377483443708608757e-01 8.452380952380952328e-01 6.635514018691588412e-01 7.434554973821988488e-01 7.984423676012460946e-01
9.472049689440993347e-01 8.629032258064516236e-01 1.000000000000000000e+00 9.264069264069264564e-01 9.604651162790698304e-01
9.528301886792452935e-01 8.770491803278688270e-01 1.000000000000000000e+00 9.344978165938864212e-01 9.644549763033175571e-01
9.472049689440993347e-01 8.629032258064516236e-01 1.000000000000000000e+00 9.264069264069264564e-01 9.604651162790698304e-01
5.852713178294574048e-01 5.000000000000000000e-01 8.411214953271027583e-02 1.439999999999999891e-01 5.122547502630439009e-01
9.472049689440993347e-01 8.629032258064516236e-01 1.000000000000000000e+00 9.264069264069264564e-01 9.604651162790698304e-01
8.971061093247588714e-01 8.712871287128712838e-01 8.224299065420560551e-01 8.461538461538461453e-01 8.793522081729888695e-01
7.482758620689655693e-01 8.269230769230768718e-01 4.018691588785046620e-01 5.408805031446540790e-01 6.763444155048259354e-01
7.027972027972028135e-01 7.894736842105263275e-01 2.803738317757009102e-01 4.137931034482758008e-01 6.178405471727667075e-01
6.514657980456025621e-01 5.000000000000000000e-01 1.214953271028037379e-01 1.954887218045112673e-01 5.282476635514018470e-01
9.119496855345912145e-01 8.761904761904761862e-01 8.598130841121495171e-01 8.679245283018867108e-01 8.991008548522833044e-01
9.523809523809523281e-01 8.770491803278688270e-01 1.000000000000000000e+00 9.344978165938864212e-01 9.639423076923077094e-01
5.676691729323308788e-01 0.000000000000000000e+00 0.000000000000000000e+00 0.000000000000000000e+00 4.748427672955974899e-01
6.357615894039735371e-01 4.117647058823529216e-01 6.542056074766354479e-02 1.129032258064515959e-01 5.070692547328060629e-01
9.437499999999999778e-01 8.677685950413223104e-01 9.813084112149532690e-01 9.210526315789473450e-01 9.530955201614672578e-01
