9.472049689440993347e-01 8.629032258064516236e-01 1.000000000000000000e+00 9.264069264069264564e-01 9.604651162790698304e-01
9.472049689440993347e-01 8.629032258064516236e-01 1.000000000000000000e+00 9.264069264069264564e-01 9.604651162790698304e-01
9.591194968553459210e-01 8.916666666666667185e-01 1.000000000000000000e+00 9.427312775330397576e-01 9.691943127962086013e-01
9.501557632398753839e-01 8.699186991869918284e-01 1.000000000000000000e+00 9.304347826086956097e-01 9.626168224299065379e-01
8.705501618122977181e-01 8.850574712643678454e-01 7.196261682242990343e-01 7.938144329896906770e-01 8.350606088646247427e-01
9.501557632398753839e-01 8.699186991869918284e-01 1.000000000000000000e+00 9.304347826086956097e-01 9.626168224299065379e-01
9.561128526645767955e-01 8.842975206611570771e-01 1.000000000000000000e+00 9.385964912280702066e-01 9.669811320754717610e-01
6.476190476190476497e-01 4.166666666666666852e-01 9.345794392523364136e-02 1.526717557251908441e-01 5.130751258087706823e-01
9.315960912052116960e-01 9.215686274509803377e-01 8.785046728971962482e-01 8.995215311004784997e-01 9.192523364485980508e-01
9.472049689440993347e-01 8.629032258064516236e-01 1.000000000000000000e+00 9.264069264069264564e-01 9.604651162790698304e-01
9.531250000000000000e-01 8.770491803278688270e-01 1.000000000000000000e+00 9.344978165938864212e-01 9.647887323943661331e-01
9.472049689440993347e-01 8.629032258064516236e-01 1.000000000000000000e+00 9.264069264069264564e-01 9.604651162790698304e-01
7.176870748299319924e-01 7.399999999999999911e-01 3.457943925233644689e-01 4.713375796178343458e-01 6.381378379729121253e-01
9.501557632398753839e-01 8.699186991869918284e-01 1.000000000000000000e+00 9.304347826086956097e-01 9.626168224299065379e-01
9.531250000000000000e-01 8.770491803278688270e-01 1.000000000000000000e+00 9.344978165938864212e-01 9.647887323943661331e-01
9.472049689440993347e-01 8.629032258064516236e-01 1.000000000000000000e+00 9.264069264069264564e-01 9.604651162790698304e-01
9.531250000000000000e-01 8.770491803278688270e-01 1.000000000000000000e+00 9.344978165938864212e-01 9.647887323943661331e-01
9.531250000000000000e-01 8.770491803278688270e-01 1.000000000000000000e+00 9.344978165938864212e-01 9.647887323943661331e-01
9.501557632398753839e-01 8.699186991869918284e-01 1.000000000000000000e+00 9.304347826086956097e-01 9.626168224299065379e-01
4.423963133640553269e-01 0.000000000000000000e+00 0.000000000000000000e+00 0.000000000000000000e+00 4.363636363636363980e-01
9.472049689440993347e-01 8.629032258064516236e-01 1.000000000000000000e+00 9.264069264069264564e-01 9.604651162790698304e-01
9.367088607594936667e-01 8.782608695652174280e-01 9.439252336448598069e-01 9.099099099099099419e-01 9.384697938559227737e-01
6.438356164383561842e-01 6.153846153846154188e-01 7.476635514018691031e-02 1.333333333333333315e-01 5.238696640565799756e-01
6.381578947368421462e-01 4.210526315789473450e-01 7.476635514018691031e-02 1.269841269841269771e-01 5.094643958442051090e-01
9.501557632398753839e-01 8.699186991869918284e-01 1.000000000000000000e+00 9.304347826086956097e-01 9.626168224299065379e-01
9.531250000000000000e-01 8.770491803278688270e-01 1.000000000000000000e+00 9.344978165938864212e-01 9.647887323943661331e-01
6.666666666666666297e-01 5.945945945945946276e-01 2.056074766355140138e-01 3.055555555555555247e-01 5.639436346908139885e-01
9.472049689440993347e-01 8.629032258064516236e-01 1.000000000000000000e+00 9.264069264069264564e-01 9.604651162790698304e-01
8.181818181818182323e-01 8.101265822784810000e-01 5.981308411214952825e-01 6.881720430107526321e-01 7.636880620701816946e-01
8.952380952380952772e-01 8.627450980392157298e-01 8.224299065420560551e-01 8.421052631578946901e-01 8.775611071171819377e-01
7.047619047619048116e-01 6.666666666666666297e-01 2.616822429906541791e-01 3.758389261744966015e-01 5.971872753414809720e-01
9.619047619047619291e-01 8.991596638655462437e-01 1.000000000000000000e+00 9.469026548672566657e-01 9.711538461538461453e-01
9.498432601880877346e-01 8.699186991869918284e-01 1.000000000000000000e+00 9.304347826086956097e-01 9.622641509433962348e-01
5.500000000000000444e-01 1.875000000000000000e-01 2.803738317757009310e-02 4.878048780487804353e-02 4.715350314580660229e-01
9.472049689440993347e-01 8.629032258064516236e-01 1.000000000000000000e+00 9.264069264069264564e-01 9.604651162790698304e-01
9.472049689440993347e-01 8.629032258064516236e-01 1.000000000000000000e+00 9.264069264069264564e-01 9.604651162790698304e-01
9.472049689440993347e-01 8.629032258064516236e-01 1.000000000000000000e+00 9.264069264069264564e-01 9.604651162790698304e-01
