8.967741935483870552e-01 7.697841726618704916e-01 1.000000000000000000e+00 8.699186991869918284e-01 9.211822660098522020e-01
6.305084745762712384e-01 4.687500000000000000e-01 1.401869158878504551e-01 2.158273381294963933e-01 5.248806919864783538e-01
5.498392282958198818e-01 2.857142857142857054e-02 9.345794392523363789e-03 1.408450704225351971e-02 4.213395638629283124e-01
5.566343042071197900e-01 3.125000000000000000e-02 9.345794392523363789e-03 1.438848920863309254e-02 4.279402239289348819e-01
5.512820512820513219e-01 2.857142857142857054e-02 9.345794392523363789e-03 1.408450704225351971e-02 4.217460679279689262e-01
5.602605863192182678e-01 6.250000000000000000e-02 1.869158878504672758e-02 2.877697841726618508e-02 4.343457943925233544e-01
5.896551724137930606e-01 7.142857142857142461e-02 9.345794392523363789e-03 1.652892561983470773e-02 4.691537715132015340e-01
5.681063122923587505e-01 4.000000000000000083e-02 9.345794392523363789e-03 1.515151515151515020e-02 4.428172270931688970e-01
7.557755775577558177e-01 6.987951807228915957e-01 5.420560747663550893e-01 6.105263157894735837e-01 7.072525271790958135e-01
9.144736842105263275e-01 8.045112781954887327e-01 1.000000000000000000e+00 8.916666666666667185e-01 9.340101522842639836e-01
5.310559006211179600e-01 0.000000000000000000e+00 0.000000000000000000e+00 0.000000000000000000e+00 3.976744186046511365e-01
5.498392282958198818e-01 2.857142857142857054e-02 9.345794392523363789e-03 1.408450704225351971e-02 4.213395638629283124e-01
8.996763754045307149e-01 7.753623188405797118e-01 1.000000000000000000e+00 8.734693877551020780e-01 9.232673267326731992e-01
8.211920529801324253e-01 7.623762376237623872e-01 7.196261682242990343e-01 7.403846153846154188e-01 7.982746225736879753e-01
5.495207667731629719e-01 2.777777777777777624e-02 9.345794392523363789e-03 1.398601398601398600e-02 4.197214408855820533e-01
8.938906752411575063e-01 7.642857142857142350e-01 1.000000000000000000e+00 8.663967611336031993e-01 9.191176470588235947e-01
8.996763754045307149e-01 7.753623188405797118e-01 1.000000000000000000e+00 8.734693877551020780e-01 9.232673267326731992e-01
5.602605863192182678e-01 3.333333333333333287e-02 9.345794392523363789e-03 1.459854014598539924e-02 4.321728971962616184e-01
8.996763754045307149e-01 7.753623188405797118e-01 1.000000000000000000e+00 8.734693877551020780e-01 9.232673267326731992e-01
5.993031358885017035e-01 1.000000000000000056e-01 9.345794392523363789e-03 1.709401709401709227e-02 4.796728971962616050e-01
6.206896551724138122e-01 4.285714285714285476e-01 8.411214953271027583e-02 1.406250000000000000e-01 5.092691895204534136e-01
5.945017182130584166e-01 1.333333333333333315e-01 1.869158878504672758e-02 3.278688524590163411e-02 4.740197074360016360e-01
5.516129032258064724e-01 2.941176470588235253e-02 9.345794392523363789e-03 1.418439716312056530e-02 4.233921090189217140e-01
6.282894736842105088e-01 4.347826086956521618e-01 1.869158878504672827e-01 2.614379084967320410e-01 5.274680962094976389e-01
8.211920529801324253e-01 7.623762376237623872e-01 7.196261682242990343e-01 7.403846153846154188e-01 7.982746225736879753e-01
5.495207667731629719e-01 2.777777777777777624e-02 9.345794392523363789e-03 1.398601398601398600e-02 4.197214408855820533e-01
9.297658862876254648e-01 8.359375000000000000e-01 1.000000000000000000e+00 9.106382978723404076e-01 9.453125000000000000e-01
7.183544303797468888e-01 5.957446808510638014e-01 5.233644859813083583e-01 5.572139303482586126e-01 6.707731520815632953e-01
5.566343042071197900e-01 3.125000000000000000e-02 9.345794392523363789e-03 1.438848920863309254e-02 4.279402239289348819e-01
5.360501567398119338e-01 0.000000000000000000e+00 0.000000000000000000e+00 0.000000000000000000e+00 4.033018867924528239e-01
5.566343042071197900e-01 3.125000000000000000e-02 9.345794392523363789e-03 1.438848920863309254e-02 4.279402239289348819e-01
8.996763754045307149e-01 7.753623188405797118e-01 1.000000000000000000e+00 8.734693877551020780e-01 9.232673267326731992e-01
5.979020979020979176e-01 1.000000000000000056e-01 9.345794392523363789e-03 1.709401709401709227e-02 4.795332323917923523e-01
5.951557093425605682e-01 8.333333333333332871e-02 9.345794392523363789e-03 1.680672268907562952e-02 4.744531169764814038e-01
5.695364238410596247e-01 4.000000000000000083e-02 9.345794392523363789e-03 1.515151515151515020e-02 4.431344356578000854e-01
8.714733542319749171e-01 7.229729729729730270e-01 1.000000000000000000e+00 8.392156862745098200e-01 9.033018867924528239e-01
9.084967320261437829e-01 7.925925925925926263e-01 1.000000000000000000e+00 8.842975206611569661e-01 9.296482412060301792e-01
