5.796610169491525077e-01 5.263157894736841813e-02 9.345794392523363789e-03 1.587301587301587213e-02 4.568005567707297265e-01
8.996763754045307149e-01 7.753623188405797118e-01 1.000000000000000000e+00 8.734693877551020780e-01 9.232673267326731992e-01
6.013986013986013512e-01 1.111111111111111049e-01 9.345794392523363789e-03 1.724137931034482735e-02 4.823265284811778519e-01
8.127090301003344619e-01 7.741935483870967527e-01 6.728971962616822067e-01 7.200000000000000844e-01 7.817610981308411588e-01
5.310559006211179600e-01 0.000000000000000000e+00 0.000000000000000000e+00 0.000000000000000000e+00 3.976744186046511365e-01
5.649350649350649567e-01 9.090909090909091161e-02 2.803738317757009310e-02 4.285714285714285754e-02 4.393918259171432084e-01
5.870307167235494505e-01 6.250000000000000000e-02 9.345794392523363789e-03 1.626016260162601451e-02 4.643503165511003172e-01
6.134751773049645918e-01 3.333333333333333148e-01 1.869158878504672758e-02 3.539823008849556779e-02 4.979172229639519109e-01
8.853503184713376051e-01 7.482517482517482277e-01 1.000000000000000000e+00 8.559999999999999831e-01 9.130434782608696231e-01
6.624203821656050595e-01 5.068493150684931781e-01 3.457943925233644689e-01 4.111111111111111494e-01 5.859406745225517188e-01
8.996763754045307149e-01 7.753623188405797118e-01 1.000000000000000000e+00 8.734693877551020780e-01 9.232673267326731992e-01
9.114754098360655643e-01 7.985074626865671377e-01 1.000000000000000000e+00 8.879668049792530660e-01 9.318181818181818787e-01
5.805369127516778471e-01 9.090909090909091161e-02 1.869158878504672758e-02 3.100775193798449222e-02 4.569897734501149889e-01
6.217105263157894912e-01 4.090909090909091161e-01 1.682242990654205517e-01 2.384105960264900903e-01 5.181223018169742733e-01
9.114754098360655643e-01 7.985074626865671377e-01 1.000000000000000000e+00 8.879668049792530660e-01 9.318181818181818787e-01
5.662251655629139124e-01 3.846153846153846367e-02 9.345794392523363789e-03 1.503759398496240518e-02 4.405703330936975304e-01
5.606557377049180557e-01 3.448275862068965469e-02 9.345794392523363789e-03 1.470588235294117453e-02 4.339658264891909090e-01
5.408805031446540790e-01 2.439024390243902524e-02 9.345794392523363789e-03 1.351351351351351079e-02 4.098861673384417426e-01
6.217105263157894912e-01 4.090909090909091161e-01 1.682242990654205517e-01 2.384105960264900903e-01 5.181223018169742733e-01
9.055374592833875802e-01 7.867647058823529216e-01 1.000000000000000000e+00 8.806584362139917577e-01 9.274999999999999911e-01
9.084967320261437829e-01 7.925925925925926263e-01 1.000000000000000000e+00 8.842975206611569661e-01 9.296482412060301792e-01
5.723270440251572166e-01 2.156862745098039325e-01 1.028037383177570069e-01 1.392405063291139167e-01 4.566151393010585702e-01
6.027874564459930751e-01 1.818181818181818232e-01 1.869158878504672758e-02 3.389830508474575566e-02 4.843457943925233433e-01
9.144736842105263275e-01 8.045112781954887327e-01 1.000000000000000000e+00 8.916666666666667185e-01 9.340101522842639836e-01
6.217105263157894912e-01 4.090909090909091161e-01 1.682242990654205517e-01 2.384105960264900903e-01 5.181223018169742733e-01
9.114754098360655643e-01 7.985074626865671377e-01 1.000000000000000000e+00 8.879668049792530660e-01 9.318181818181818787e-01
5.566343042071197900e-01 3.125000000000000000e-02 9.345794392523363789e-03 1.438848920863309254e-02 4.279402239289348819e-01
5.836177474402730603e-01 5.882352941176470507e-02 9.345794392523363789e-03 1.612903225806451221e-02 4.616621445080895669e-01
5.533980582524271608e-01 0.000000000000000000e+00 0.000000000000000000e+00 0.000000000000000000e+00 4.232673267326732547e-01
5.910652920962199408e-01 7.142857142857142461e-02 9.345794392523363789e-03 1.652892561983470773e-02 4.693468102397399533e-01
5.890410958904109817e-01 6.666666666666666574e-02 9.345794392523363789e-03 1.639344262295081706e-02 4.668350593584237873e-01
5.870307167235494505e-01 6.250000000000000000e-02 9.345794392523363789e-03 1.626016260162601451e-02 4.643503165511003172e-01
8.938906752411575063e-01 7.642857142857142350e-01 1.000000000000000000e+00 8.663967611336031993e-01 9.191176470588235947e-01
5.951557093425605682e-01 8.333333333333332871e-02 9.345794392523363789e-03 1.680672268907562952e-02 4.744531169764814038e-01
5.951557093425605682e-01 8.333333333333332871e-02 9.345794392523363789e-03 1.680672268907562952e-02 4.744531169764814038e-01
5.639344262295081789e-01 3.571428571428571230e-02 9.345794392523363789e-03 1.481481481481481191e-02 4.364910790144435060e-01
5.824915824915825047e-01 9.523809523809523281e-02 1.869158878504672758e-02 3.124999999999999653e-02 4.593457943925233766e-01
