5.498392282958198818e-01 2.857142857142857054e-02 9.345794392523363789e-03 1.408450704225351971e-02 4.213395638629283124e-01
5.477707006369426646e-01 2.702702702702702853e-02 9.345794392523363789e-03 1.388888888888888638e-02 4.177163754571311949e-01
5.972222222222222099e-01 9.090909090909091161e-02 9.345794392523363789e-03 1.694915254237287783e-02 4.770485878039964489e-01
6.878980891719744806e-01 5.555555555555555802e-01 4.205607476635513930e-01 4.787234042553191737e-01 6.233238520926452919e-01
9.025974025974026205e-01 7.810218978102190235e-01 1.000000000000000000e+00 8.770491803278688270e-01 9.253731343283582156e-01
6.949152542372881713e-01 6.666666666666666297e-01 3.177570093457943723e-01 4.303797468354430000e-01 6.136657387154503818e-01
8.881789137380191601e-01 7.535211267605633756e-01 1.000000000000000000e+00 8.594377510040159818e-01 9.150485436893203151e-01
5.741935483870967971e-01 1.951219512195122019e-01 7.476635514018691031e-02 1.081081081081080864e-01 4.561023893927535489e-01
5.477707006369426646e-01 2.702702702702702853e-02 9.345794392523363789e-03 1.388888888888888638e-02 4.177163754571311949e-01
8.967741935483870552e-01 7.697841726618704916e-01 1.000000000000000000e+00 8.699186991869918284e-01 9.211822660098522020e-01
5.890410958904109817e-01 6.666666666666666574e-02 9.345794392523363789e-03 1.639344262295081706e-02 4.668350593584237873e-01
9.174917491749174925e-01 8.106060606060605522e-01 1.000000000000000000e+00 8.953974895397489586e-01 9.362244897959184353e-01
5.463258785942491924e-01 2.702702702702702853e-02 9.345794392523363789e-03 1.388888888888888638e-02 4.172942564195625814e-01
7.424749163879598157e-01 7.083333333333333703e-01 4.766355140186915862e-01 5.698324022346368256e-01 6.836302570093457653e-01
8.938906752411575063e-01 7.642857142857142350e-01 1.000000000000000000e+00 8.663967611336031993e-01 9.191176470588235947e-01
8.914473684210526550e-01 7.936507936507936067e-01 9.345794392523364413e-01 8.583690987124462657e-01 9.012998719104322598e-01
8.742138364779874493e-01 7.278911564625850650e-01 1.000000000000000000e+00 8.425196850393700254e-01 9.052132701421801153e-01
9.205298013245033495e-01 8.167938931297710203e-01 1.000000000000000000e+00 8.991596638655461327e-01 9.384615384615384581e-01
5.695364238410596247e-01 4.000000000000000083e-02 9.345794392523363789e-03 1.515151515151515020e-02 4.431344356578000854e-01
5.951557093425605682e-01 8.333333333333332871e-02 9.345794392523363789e-03 1.680672268907562952e-02 4.744531169764814038e-01
8.938906752411575063e-01 7.642857142857142350e-01 1.000000000000000000e+00 8.663967611336031993e-01 9.191176470588235947e-01
8.742138364779874493e-01 7.278911564625850650e-01 1.000000000000000000e+00 8.425196850393700254e-01 9.052132701421801153e-01
5.310559006211179600e-01 0.000000000000000000e+00 0.000000000000000000e+00 0.000000000000000000e+00 3.976744186046511365e-01
5.870307167235494505e-01 6.250000000000000000e-02 9.345794392523363789e-03 1.626016260162601451e-02 4.643503165511003172e-01
7.424749163879598157e-01 7.083333333333333703e-01 4.766355140186915862e-01 5.698324022346368256e-01 6.836302570093457653e-01
8.938906752411575063e-01 7.642857142857142350e-01 1.000000000000000000e+00 8.663967611336031993e-01 9.191176470588235947e-01
5.686274509803921351e-01 9.677419354838709409e-02 2.803738317757009310e-02 4.347826086956521618e-02 4.436669327948151720e-01
8.274760383386581264e-01 7.154471544715447218e-01 8.224299065420560551e-01 7.652173913043477382e-01 8.262634969603485091e-01
5.548387096774193283e-01 3.030303030303030387e-02 9.345794392523363789e-03 1.428571428571428353e-02 4.258551632061138292e-01
5.533980582524271608e-01 3.030303030303030387e-02 9.345794392523363789e-03 1.428571428571428353e-02 4.254649764041824045e-01
5.953177257525084087e-01 2.666666666666666630e-01 7.476635514018691031e-02 1.167883211678831940e-01 4.800915109034267769e-01
9.025974025974026205e-01 7.810218978102190235e-01 1.000000000000000000e+00 8.770491803278688270e-01 9.253731343283582156e-01
5.360501567398119338e-01 0.000000000000000000e+00 0.000000000000000000e+00 0.000000000000000000e+00 4.033018867924528239e-01
9.084967320261437829e-01 7.925925925925926263e-01 1.000000000000000000e+00 8.842975206611569661e-01 9.296482412060301792e-01
8.996763754045307149e-01 7.753623188405797118e-01 1.000000000000000000e+00 8.734693877551020780e-01 9.232673267326731992e-01
8.769716088328075587e-01 7.328767123287671659e-01 1.000000000000000000e+00 8.458498023715415037e-01 9.071428571428571397e-01
8.557046979865772229e-01 8.076923076923077094e-01 7.850467289719625930e-01 7.962085308056873201e-01 8.401673435435729198e-01
