5.990099009900989868e-01 0.000000000000000000e+00 0.000000000000000000e+00 0.000000000000000000e+00 4.566037735849056700e-01
5.919395465994962136e-01 0.000000000000000000e+00 0.000000000000000000e+00 0.000000000000000000e+00 4.554263565891472632e-01
5.397727272727272929e-01 0.000000000000000000e+00 0.000000000000000000e+00 0.000000000000000000e+00 4.460093896713615003e-01
6.096385542168675231e-01 0.000000000000000000e+00 0.000000000000000000e+00 0.000000000000000000e+00 4.583333333333333148e-01
5.846153846153846478e-01 0.000000000000000000e+00 0.000000000000000000e+00 0.000000000000000000e+00 4.541832669322709015e-01
6.067961165048543215e-01 0.000000000000000000e+00 0.000000000000000000e+00 0.000000000000000000e+00 4.578754578754578586e-01
5.919395465994962136e-01 0.000000000000000000e+00 0.000000000000000000e+00 0.000000000000000000e+00 4.554263565891472632e-01
5.221238938053097689e-01 0.000000000000000000e+00 0.000000000000000000e+00 0.000000000000000000e+00 4.425000000000000044e-01
7.927710843373494409e-01 7.789473684210526105e-01 5.323741007194244812e-01 6.324786324786324521e-01 7.281435720988427285e-01
6.423357664233576569e-01 3.947368421052631637e-01 1.079136690647481966e-01 1.694915254237288060e-01 5.116774227676681441e-01
6.019656019656020041e-01 0.000000000000000000e+00 0.000000000000000000e+00 0.000000000000000000e+00 4.570895522388059851e-01
6.115107913669064477e-01 0.000000000000000000e+00 0.000000000000000000e+00 0.000000000000000000e+00 4.586330935251798357e-01
6.206896551724138122e-01 2.222222222222222099e-01 4.316546762589928282e-02 7.228915662650602092e-02 4.822568911163204186e-01
5.949999999999999734e-01 0.000000000000000000e+00 0.000000000000000000e+00 0.000000000000000000e+00 4.559386973180076796e-01
9.751861042183622708e-01 9.328859060402684422e-01 1.000000000000000000e+00 9.652777777777777901e-01 9.810606060606060774e-01
5.939849624060150601e-01 0.000000000000000000e+00 0.000000000000000000e+00 0.000000000000000000e+00 4.557692307692307598e-01
5.970149253731342753e-01 0.000000000000000000e+00 0.000000000000000000e+00 0.000000000000000000e+00 4.562737642585551479e-01
5.358166189111748245e-01 0.000000000000000000e+00 0.000000000000000000e+00 0.000000000000000000e+00 4.452380952380952106e-01
6.115107913669064477e-01 0.000000000000000000e+00 0.000000000000000000e+00 0.000000000000000000e+00 4.586330935251798357e-01
5.573770491803278215e-01 0.000000000000000000e+00 0.000000000000000000e+00 0.000000000000000000e+00 4.493392070484581446e-01
6.313253012048192225e-01 2.500000000000000000e-01 5.035971223021582649e-02 8.383233532934131205e-02 4.871363778542383005e-01
5.990099009900989868e-01 0.000000000000000000e+00 0.000000000000000000e+00 0.000000000000000000e+00 4.566037735849056700e-01
5.980148883374689639e-01 0.000000000000000000e+00 0.000000000000000000e+00 0.000000000000000000e+00 4.564393939393939226e-01
6.120481927710843539e-01 4.166666666666666435e-02 7.194244604316547137e-03 1.226993865030674702e-02 4.619304556354915658e-01
5.949999999999999734e-01 0.000000000000000000e+00 0.000000000000000000e+00 0.000000000000000000e+00 4.559386973180076796e-01
9.751861042183622708e-01 9.328859060402684422e-01 1.000000000000000000e+00 9.652777777777777901e-01 9.810606060606060774e-01
5.835475578406169594e-01 0.000000000000000000e+00 0.000000000000000000e+00 0.000000000000000000e+00 4.540000000000000147e-01
5.249266862170087755e-01 0.000000000000000000e+00 0.000000000000000000e+00 0.000000000000000000e+00 4.430693069306930743e-01
5.990099009900989868e-01 0.000000000000000000e+00 0.000000000000000000e+00 0.000000000000000000e+00 4.566037735849056700e-01
5.980148883374689639e-01 0.000000000000000000e+00 0.000000000000000000e+00 0.000000000000000000e+00 4.564393939393939226e-01
5.573770491803278215e-01 0.000000000000000000e+00 0.000000000000000000e+00 0.000000000000000000e+00 4.493392070484581446e-01
6.029411764705882026e-01 0.000000000000000000e+00 0.000000000000000000e+00 0.000000000000000000e+00 4.572490706319702891e-01
6.978417266187050272e-01 6.101694915254237683e-01 2.589928057553956831e-01 3.636363636363636465e-01 5.881294964028777050e-01
9.633251833740831271e-01 9.025974025974026205e-01 1.000000000000000000e+00 9.488054607508532579e-01 9.722222222222222099e-01
6.115107913669064477e-01 0.000000000000000000e+00 0.000000000000000000e+00 0.000000000000000000e+00 4.586330935251798357e-01
5.748031496062991907e-01 0.000000000000000000e+00 0.000000000000000000e+00 0.000000000000000000e+00 4.524793388429751984e-01
6.086956521739130821e-01 0.000000000000000000e+00 0.000000000000000000e+00 0.000000000000000000e+00 4.581818181818181901e-01
