5.888324873096446588e-01 0.000000000000000000e+00 0.000000000000000000e+00 0.000000000000000000e+00 4.549019607843137192e-01
6.009852216748768905e-01 0.000000000000000000e+00 0.000000000000000000e+00 0.000000000000000000e+00 4.569288389513108672e-01
5.960099750623440995e-01 0.000000000000000000e+00 0.000000000000000000e+00 0.000000000000000000e+00 4.561068702290076438e-01
9.563106796116505048e-01 8.853503184713376051e-01 1.000000000000000000e+00 9.391891891891892552e-01 9.670329670329670391e-01
6.077481840193704743e-01 0.000000000000000000e+00 0.000000000000000000e+00 0.000000000000000000e+00 4.580291970802919943e-01
5.984848484848485084e-01 0.000000000000000000e+00 0.000000000000000000e+00 0.000000000000000000e+00 4.610894941634241517e-01
6.077481840193704743e-01 0.000000000000000000e+00 0.000000000000000000e+00 0.000000000000000000e+00 4.580291970802919943e-01
6.029411764705882026e-01 0.000000000000000000e+00 0.000000000000000000e+00 0.000000000000000000e+00 4.572490706319702891e-01
5.813953488372093359e-01 0.000000000000000000e+00 0.000000000000000000e+00 0.000000000000000000e+00 4.536290322580645018e-01
6.189320388349514035e-01 0.000000000000000000e+00 0.000000000000000000e+00 0.000000000000000000e+00 4.670329670329670391e-01
6.115107913669064477e-01 0.000000000000000000e+00 0.000000000000000000e+00 0.000000000000000000e+00 4.586330935251798357e-01
7.213930348258706937e-01 8.000000000000000444e-01 2.589928057553956831e-01 3.913043478260870289e-01 6.123861367180020165e-01
6.086956521739130821e-01 0.000000000000000000e+00 0.000000000000000000e+00 0.000000000000000000e+00 4.581818181818181901e-01
6.077481840193704743e-01 0.000000000000000000e+00 0.000000000000000000e+00 0.000000000000000000e+00 4.580291970802919943e-01
5.929648241206030290e-01 0.000000000000000000e+00 0.000000000000000000e+00 0.000000000000000000e+00 4.555984555984555762e-01
6.115107913669064477e-01 0.000000000000000000e+00 0.000000000000000000e+00 0.000000000000000000e+00 4.586330935251798357e-01
6.019656019656020041e-01 0.000000000000000000e+00 0.000000000000000000e+00 0.000000000000000000e+00 4.570895522388059851e-01
6.354916067146283432e-01 3.030303030303030387e-01 7.194244604316546443e-02 1.162790697674418589e-01 4.946043165467625680e-01
6.115107913669064477e-01 0.000000000000000000e+00 0.000000000000000000e+00 0.000000000000000000e+00 4.586330935251798357e-01
5.990099009900989868e-01 0.000000000000000000e+00 0.000000000000000000e+00 0.000000000000000000e+00 4.566037735849056700e-01
6.115107913669064477e-01 0.000000000000000000e+00 0.000000000000000000e+00 0.000000000000000000e+00 4.586330935251798357e-01
5.835543766578249469e-01 1.785714285714285754e-01 3.597122302158273222e-02 5.988023952095808400e-02 4.696662837796989343e-01
6.048780487804877870e-01 0.000000000000000000e+00 0.000000000000000000e+00 0.000000000000000000e+00 4.575645756457564772e-01
6.058394160583941979e-01 0.000000000000000000e+00 0.000000000000000000e+00 0.000000000000000000e+00 4.577205882352941013e-01
6.077481840193704743e-01 0.000000000000000000e+00 0.000000000000000000e+00 0.000000000000000000e+00 4.580291970802919943e-01
5.929648241206030290e-01 0.000000000000000000e+00 0.000000000000000000e+00 0.000000000000000000e+00 4.555984555984555762e-01
5.999999999999999778e-01 0.000000000000000000e+00 0.000000000000000000e+00 0.000000000000000000e+00 4.567669172932330990e-01
6.019656019656020041e-01 0.000000000000000000e+00 0.000000000000000000e+00 0.000000000000000000e+00 4.570895522388059851e-01
6.067961165048543215e-01 0.000000000000000000e+00 0.000000000000000000e+00 0.000000000000000000e+00 4.578754578754578586e-01
6.039119804400977509e-01 0.000000000000000000e+00 0.000000000000000000e+00 0.000000000000000000e+00 4.574074074074074292e-01
6.228287841191066931e-01 3.030303030303030387e-01 7.194244604316546443e-02 1.162790697674418589e-01 4.924106169609766548e-01
6.115107913669064477e-01 0.000000000000000000e+00 0.000000000000000000e+00 0.000000000000000000e+00 4.586330935251798357e-01
9.448441247002398180e-01 8.580246913580247270e-01 1.000000000000000000e+00 9.235880398671096891e-01 9.586330935251797802e-01
6.058394160583941979e-01 0.000000000000000000e+00 0.000000000000000000e+00 0.000000000000000000e+00 4.577205882352941013e-01
9.448441247002398180e-01 8.580246913580247270e-01 1.000000000000000000e+00 9.235880398671096891e-01 9.586330935251797802e-01
9.563106796116505048e-01 8.853503184713376051e-01 1.000000000000000000e+00 9.391891891891892552e-01 9.670329670329670391e-01
6.067961165048543215e-01 0.000000000000000000e+00 0.000000000000000000e+00 0.000000000000000000e+00 4.578754578754578586e-01
