9.485294117647058432e-01 8.986486486486486847e-01 9.568345323741007658e-01 9.268292682926829729e-01 9.505362252948571511e-01
6.115107913669064477e-01 0.000000000000000000e+00 0.000000000000000000e+00 0.000000000000000000e+00 4.586330935251798357e-01
9.448441247002398180e-01 8.580246913580247270e-01 1.000000000000000000e+00 9.235880398671096891e-01 9.586330935251797802e-01
6.115107913669064477e-01 0.000000000000000000e+00 0.000000000000000000e+00 0.000000000000000000e+00 4.586330935251798357e-01
6.115107913669064477e-01 0.000000000000000000e+00 0.000000000000000000e+00 0.000000000000000000e+00 4.586330935251798357e-01
6.115107913669064477e-01 0.000000000000000000e+00 0.000000000000000000e+00 0.000000000000000000e+00 4.586330935251798357e-01
6.058394160583941979e-01 0.000000000000000000e+00 0.000000000000000000e+00 0.000000000000000000e+00 4.577205882352941013e-01
6.105769230769231282e-01 0.000000000000000000e+00 0.000000000000000000e+00 0.000000000000000000e+00 4.584837545126353997e-01
9.448441247002398180e-01 8.580246913580247270e-01 1.000000000000000000e+00 9.235880398671096891e-01 9.586330935251797802e-01
6.474820143884891799e-01 3.947368421052631637e-01 1.079136690647481966e-01 1.694915254237288060e-01 5.125899280575538786e-01
6.594724220623501276e-01 4.651162790697674354e-01 1.438848920863309289e-01 2.197802197802198043e-01 5.305755395683452447e-01
6.115107913669064477e-01 0.000000000000000000e+00 0.000000000000000000e+00 0.000000000000000000e+00 4.586330935251798357e-01
7.002398081534771945e-01 6.166666666666666963e-01 2.661870503597122406e-01 3.718592964824121161e-01 5.917266187050359560e-01
6.985294117647058432e-01 6.290322580645161255e-01 2.805755395683453002e-01 3.880597014925372679e-01 5.975368404161429670e-01
6.115107913669064477e-01 0.000000000000000000e+00 0.000000000000000000e+00 0.000000000000000000e+00 4.586330935251798357e-01
7.553956834532373765e-01 7.228915662650602370e-01 4.316546762589927866e-01 5.405405405405404595e-01 6.744604316546761735e-01
6.115107913669064477e-01 0.000000000000000000e+00 0.000000000000000000e+00 0.000000000000000000e+00 4.586330935251798357e-01
9.448441247002398180e-01 8.580246913580247270e-01 1.000000000000000000e+00 9.235880398671096891e-01 9.586330935251797802e-01
7.553956834532373765e-01 7.228915662650602370e-01 4.316546762589927866e-01 5.405405405405404595e-01 6.744604316546761735e-01
7.338129496402877594e-01 6.891891891891891442e-01 3.669064748201438797e-01 4.788732394366196909e-01 6.420863309352516923e-01
6.105769230769231282e-01 0.000000000000000000e+00 0.000000000000000000e+00 0.000000000000000000e+00 4.584837545126353997e-01
9.129353233830845848e-01 9.262295081967213406e-01 8.129496402877698369e-01 8.659003831417624308e-01 8.893645539841891212e-01
9.471153846153845812e-01 8.633540372670807095e-01 1.000000000000000000e+00 9.266666666666666385e-01 9.602888086642599186e-01
9.232613908872902009e-01 8.496732026143790639e-01 9.352517985611510376e-01 8.904109589041094841e-01 9.262589928057552990e-01
6.985294117647058432e-01 6.290322580645161255e-01 2.805755395683453002e-01 3.880597014925372679e-01 5.975368404161429670e-01
6.115107913669064477e-01 0.000000000000000000e+00 0.000000000000000000e+00 0.000000000000000000e+00 4.586330935251798357e-01
5.970149253731342753e-01 0.000000000000000000e+00 0.000000000000000000e+00 0.000000000000000000e+00 4.562737642585551479e-01
6.115107913669064477e-01 0.000000000000000000e+00 0.000000000000000000e+00 0.000000000000000000e+00 4.586330935251798357e-01
6.115107913669064477e-01 0.000000000000000000e+00 0.000000000000000000e+00 0.000000000000000000e+00 4.586330935251798357e-01
7.889688249400479414e-01 7.628865979381442841e-01 5.323741007194244812e-01 6.271186440677966045e-01 7.248201438848921319e-01
6.216867469879517882e-01 1.785714285714285754e-01 3.597122302158273222e-02 5.988023952095808400e-02 4.763189448441246809e-01
9.448441247002398180e-01 8.580246913580247270e-01 1.000000000000000000e+00 9.235880398671096891e-01 9.586330935251797802e-01
9.448441247002398180e-01 8.580246913580247270e-01 1.000000000000000000e+00 9.235880398671096891e-01 9.586330935251797802e-01
6.115107913669064477e-01 0.000000000000000000e+00 0.000000000000000000e+00 0.000000000000000000e+00 4.586330935251798357e-01
9.448441247002398180e-01 8.580246913580247270e-01 1.000000000000000000e+00 9.235880398671096891e-01 9.586330935251797802e-01
9.448441247002398180e-01 8.580246913580247270e-01 1.000000000000000000e+00 9.235880398671096891e-01 9.586330935251797802e-01
9.400479616306954833e-01 8.562499999999999556e-01 9.856115107913668849e-01 9.163879598662207915e-01 9.514388489208632782e-01
