5.392156862745097756e-01 0.000000000000000000e+00 0.000000000000000000e+00 0.000000000000000000e+00 4.089219330855018431e-01
8.722891566265060792e-01 7.239583333333333703e-01 1.000000000000000000e+00 8.398791540785498499e-01 9.039855072463768293e-01
5.476772616136919014e-01 2.083333333333333218e-02 7.194244604316547137e-03 1.069518716577540045e-02 4.165600852651212271e-01
5.637755102040816757e-01 1.000000000000000056e-01 2.877697841726618855e-02 4.469273743016759920e-02 4.432422441493445442e-01
5.429975429975429924e-01 0.000000000000000000e+00 0.000000000000000000e+00 0.000000000000000000e+00 4.123134328358208922e-01
5.145888594164456098e-01 2.173913043478260809e-02 7.194244604316547137e-03 1.081081081081081141e-02 4.090593071761078336e-01
5.490196078431373028e-01 2.127659574468085055e-02 7.194244604316547137e-03 1.075268817204301161e-02 4.180952635660987737e-01
5.264483627204030736e-01 0.000000000000000000e+00 0.000000000000000000e+00 0.000000000000000000e+00 4.050387596899224785e-01
8.982630272952853989e-01 7.722222222222222543e-01 1.000000000000000000e+00 8.714733542319750281e-01 9.223484848484848619e-01
7.940446650124070027e-01 7.028985507246376940e-01 6.978417266187050272e-01 7.003610108303248705e-01 7.712693481578374310e-01
6.200980392156862919e-01 3.947368421052631637e-01 2.158273381294963933e-01 2.790697674418604612e-01 5.224118103286886639e-01
8.850855745721271095e-01 7.473118279569892497e-01 1.000000000000000000e+00 8.553846153846154099e-01 9.129629629629629761e-01
8.184079601990049690e-01 7.199999999999999734e-01 7.769784172661871047e-01 7.474048442906574552e-01 8.086412998878463876e-01
5.283950617283950102e-01 0.000000000000000000e+00 0.000000000000000000e+00 0.000000000000000000e+00 4.022556390977443663e-01
8.743961352657004804e-01 7.277486910994764857e-01 1.000000000000000000e+00 8.424242424242425198e-01 9.054545454545455119e-01
5.497512437810945229e-01 2.272727272727272790e-02 7.194244604316547137e-03 1.092896174863387977e-02 4.218480728725004791e-01
5.291262135922329968e-01 0.000000000000000000e+00 0.000000000000000000e+00 0.000000000000000000e+00 3.992673992673992922e-01
6.421568627450980893e-01 4.606741573033708015e-01 2.949640287769784153e-01 3.596491228070176072e-01 5.582626835334706383e-01
5.459057071960298213e-01 0.000000000000000000e+00 0.000000000000000000e+00 0.000000000000000000e+00 4.166666666666666852e-01
9.118387909319899398e-01 7.988505747126436463e-01 1.000000000000000000e+00 8.881789137380191601e-01 9.321705426356589053e-01
8.850855745721271095e-01 7.473118279569892497e-01 1.000000000000000000e+00 8.553846153846154099e-01 9.129629629629629761e-01
5.347721822541966485e-01 0.000000000000000000e+00 0.000000000000000000e+00 0.000000000000000000e+00 4.010791366906474864e-01
5.427872860635696295e-01 0.000000000000000000e+00 0.000000000000000000e+00 0.000000000000000000e+00 4.111111111111110938e-01
8.807785888077859227e-01 7.393617021276596146e-01 1.000000000000000000e+00 8.501529051987767316e-01 9.099264705882352811e-01
5.283950617283950102e-01 0.000000000000000000e+00 0.000000000000000000e+00 0.000000000000000000e+00 4.022556390977443663e-01
8.743961352657004804e-01 7.277486910994764857e-01 1.000000000000000000e+00 8.424242424242425198e-01 9.054545454545455119e-01
5.291262135922329968e-01 0.000000000000000000e+00 0.000000000000000000e+00 0.000000000000000000e+00 3.992673992673992922e-01
5.348837209302325091e-01 0.000000000000000000e+00 0.000000000000000000e+00 0.000000000000000000e+00 4.173387096774193727e-01
5.323383084577114621e-01 0.000000000000000000e+00 0.000000000000000000e+00 0.000000000000000000e+00 4.068441064638783078e-01
5.441176470588234837e-01 0.000000000000000000e+00 0.000000000000000000e+00 0.000000000000000000e+00 4.126394052044609628e-01
5.347721822541966485e-01 0.000000000000000000e+00 0.000000000000000000e+00 0.000000000000000000e+00 4.010791366906474864e-01
5.369458128078817838e-01 0.000000000000000000e+00 0.000000000000000000e+00 0.000000000000000000e+00 4.082397003745318331e-01
8.765133171912833365e-01 7.315789473684211064e-01 1.000000000000000000e+00 8.449848024316110040e-01 9.069343065693430406e-01
8.829268292682926900e-01 7.433155080213903476e-01 1.000000000000000000e+00 8.527607361963190913e-01 9.114391143911438897e-01
6.990291262135922556e-01 5.652173913043477826e-01 4.676258992805755188e-01 5.118110236220471121e-01 6.422378580651961766e-01
5.278514588859416490e-01 0.000000000000000000e+00 0.000000000000000000e+00 0.000000000000000000e+00 4.180672268907563160e-01
5.474452554744525523e-01 3.921568627450980338e-02 1.438848920863309427e-02 2.105263157894736795e-02 4.171207151925517831e-01
