8.786407766990291801e-01 7.354497354497354644e-01 1.000000000000000000e+00 8.475609756097561842e-01 9.084249084249084172e-01
5.483870967741935054e-01 2.222222222222222307e-02 7.194244604316547137e-03 1.086956521739130405e-02 4.202637889688249362e-01
8.850855745721271095e-01 7.473118279569892497e-01 1.000000000000000000e+00 8.553846153846154099e-01 9.129629629629629761e-01
5.362318840579710644e-01 0.000000000000000000e+00 0.000000000000000000e+00 0.000000000000000000e+00 4.036363636363636265e-01
5.456790123456790598e-01 0.000000000000000000e+00 0.000000000000000000e+00 0.000000000000000000e+00 4.154135338345864570e-01
8.044009779951100114e-01 6.928104575163398504e-01 7.625899280575539896e-01 7.260273972602739878e-01 7.942579269917400264e-01
5.412621359223300788e-01 0.000000000000000000e+00 0.000000000000000000e+00 0.000000000000000000e+00 4.084249084249084172e-01
5.297029702970297294e-01 0.000000000000000000e+00 0.000000000000000000e+00 0.000000000000000000e+00 4.037735849056603987e-01
6.999999999999999556e-01 5.666666666666666519e-01 4.892086330935251914e-01 5.250965250965251574e-01 6.486633571371683837e-01
7.723970944309926923e-01 6.530612244897958663e-01 6.906474820143885252e-01 6.713286713286713558e-01 7.522580475765373587e-01
5.365853658536585691e-01 0.000000000000000000e+00 0.000000000000000000e+00 0.000000000000000000e+00 4.059040590405904037e-01
5.618811881188119361e-01 1.724137931034482873e-01 7.194244604316546443e-02 1.015228426395939076e-01 4.454051852857336957e-01
8.743961352657004804e-01 7.277486910994764857e-01 1.000000000000000000e+00 8.424242424242425198e-01 9.054545454545455119e-01
8.743961352657004804e-01 7.277486910994764857e-01 1.000000000000000000e+00 8.424242424242425198e-01 9.054545454545455119e-01
5.436893203883494952e-01 1.960784313725490169e-02 7.194244604316547137e-03 1.052631578947368397e-02 4.120220307270666682e-01
8.743961352657004804e-01 7.277486910994764857e-01 1.000000000000000000e+00 8.424242424242425198e-01 9.054545454545455119e-01
8.829268292682926900e-01 7.433155080213903476e-01 1.000000000000000000e+00 8.527607361963190913e-01 9.114391143911438897e-01
5.386473429951690317e-01 0.000000000000000000e+00 0.000000000000000000e+00 0.000000000000000000e+00 4.054545454545454564e-01
8.553921568627450567e-01 7.325581395348836899e-01 9.064748201438849184e-01 8.102893890675240129e-01 8.677355513358830930e-01
5.612244897959183243e-01 0.000000000000000000e+00 0.000000000000000000e+00 0.000000000000000000e+00 4.347826086956521618e-01
8.743961352657004804e-01 7.277486910994764857e-01 1.000000000000000000e+00 8.424242424242425198e-01 9.054545454545455119e-01
8.807785888077859227e-01 7.393617021276596146e-01 1.000000000000000000e+00 8.501529051987767316e-01 9.099264705882352811e-01
5.402010050251255802e-01 2.173913043478260809e-02 7.194244604316547137e-03 1.081081081081081141e-02 4.167245354295713855e-01
5.479115479115479470e-01 4.081632653061224164e-02 1.438848920863309427e-02 2.127659574468085055e-02 4.195076774401374498e-01
8.743961352657004804e-01 7.277486910994764857e-01 1.000000000000000000e+00 8.424242424242425198e-01 9.054545454545455119e-01
5.436893203883494952e-01 1.960784313725490169e-02 7.194244604316547137e-03 1.052631578947368397e-02 4.120220307270666682e-01
5.277777777777777901e-01 0.000000000000000000e+00 0.000000000000000000e+00 0.000000000000000000e+00 4.066147859922178975e-01
5.456790123456790598e-01 0.000000000000000000e+00 0.000000000000000000e+00 0.000000000000000000e+00 4.154135338345864570e-01
5.418719211822660142e-01 0.000000000000000000e+00 0.000000000000000000e+00 0.000000000000000000e+00 4.119850187265917674e-01
8.765133171912833365e-01 7.315789473684211064e-01 1.000000000000000000e+00 8.449848024316110040e-01 9.069343065693430406e-01
5.347721822541966485e-01 0.000000000000000000e+00 0.000000000000000000e+00 0.000000000000000000e+00 4.010791366906474864e-01
5.425790754257907578e-01 1.960784313725490169e-02 7.194244604316547137e-03 1.052631578947368397e-02 4.116853575962758915e-01
5.495049504950495489e-01 4.255319148936170109e-02 1.438848920863309427e-02 2.150537634408602322e-02 4.222885842269580303e-01
5.604938271604937849e-01 8.510638297872340219e-02 2.877697841726618855e-02 4.301075268817204644e-02 4.335614215394602011e-01
5.506172839506172645e-01 0.000000000000000000e+00 0.000000000000000000e+00 0.000000000000000000e+00 4.191729323308270860e-01
8.807785888077859227e-01 7.393617021276596146e-01 1.000000000000000000e+00 8.501529051987767316e-01 9.099264705882352811e-01
8.722891566265060792e-01 7.239583333333333703e-01 1.000000000000000000e+00 8.398791540785498499e-01 9.039855072463768293e-01
