5.347721822541966485e-01 0.000000000000000000e+00 0.000000000000000000e+00 0.000000000000000000e+00 4.010791366906474864e-01
5.347721822541966485e-01 0.000000000000000000e+00 0.000000000000000000e+00 0.000000000000000000e+00 4.010791366906474864e-01
5.356265356265356159e-01 0.000000000000000000e+00 0.000000000000000000e+00 0.000000000000000000e+00 4.067164179104477695e-01
8.786407766990291801e-01 7.354497354497354644e-01 1.000000000000000000e+00 8.475609756097561842e-01 9.084249084249084172e-01
8.399999999999999689e-01 7.419354838709677491e-01 8.273381294964028410e-01 7.823129251700680076e-01 8.370407122577800951e-01
8.960396039603960583e-01 7.679558011049724131e-01 1.000000000000000000e+00 8.687500000000001332e-01 9.207547169811320931e-01
9.095477386934673891e-01 7.942857142857142616e-01 1.000000000000000000e+00 8.853503184713376051e-01 9.305019305019305298e-01
8.675000000000000488e-01 7.654320987654320563e-01 8.920863309352518034e-01 8.239202657807308539e-01 8.732462306017254594e-01
5.414634146341463783e-01 0.000000000000000000e+00 0.000000000000000000e+00 0.000000000000000000e+00 4.095940959409594129e-01
8.850855745721271095e-01 7.473118279569892497e-01 1.000000000000000000e+00 8.553846153846154099e-01 9.129629629629629761e-01
5.347721822541966485e-01 0.000000000000000000e+00 0.000000000000000000e+00 0.000000000000000000e+00 4.010791366906474864e-01
7.079207920792078834e-01 5.999999999999999778e-01 4.532374100719424592e-01 5.163934426229508379e-01 6.473734220171033504e-01
5.347721822541966485e-01 0.000000000000000000e+00 0.000000000000000000e+00 0.000000000000000000e+00 4.010791366906474864e-01
5.452261306532663054e-01 0.000000000000000000e+00 0.000000000000000000e+00 0.000000000000000000e+00 4.189189189189189144e-01
8.743961352657004804e-01 7.277486910994764857e-01 1.000000000000000000e+00 8.424242424242425198e-01 9.054545454545455119e-01
5.349397590361445465e-01 0.000000000000000000e+00 0.000000000000000000e+00 0.000000000000000000e+00 4.021739130434782705e-01
8.701923076923077094e-01 7.202072538860103679e-01 1.000000000000000000e+00 8.373493975903615327e-01 9.025270758122743153e-01
8.743961352657004804e-01 7.277486910994764857e-01 1.000000000000000000e+00 8.424242424242425198e-01 9.054545454545455119e-01
5.401459854014598605e-01 0.000000000000000000e+00 0.000000000000000000e+00 0.000000000000000000e+00 4.080882352941176405e-01
5.347721822541966485e-01 0.000000000000000000e+00 0.000000000000000000e+00 0.000000000000000000e+00 4.010791366906474864e-01
8.333333333333333703e-01 7.011494252873563537e-01 8.776978417266186883e-01 7.795527156549520997e-01 8.443034663178548005e-01
8.786407766990291801e-01 7.354497354497354644e-01 1.000000000000000000e+00 8.475609756097561842e-01 9.084249084249084172e-01
5.347721822541966485e-01 0.000000000000000000e+00 0.000000000000000000e+00 0.000000000000000000e+00 4.010791366906474864e-01
5.336538461538461453e-01 0.000000000000000000e+00 0.000000000000000000e+00 0.000000000000000000e+00 4.007220216606498520e-01
5.452261306532663054e-01 0.000000000000000000e+00 0.000000000000000000e+00 0.000000000000000000e+00 4.189189189189189144e-01
8.743961352657004804e-01 7.277486910994764857e-01 1.000000000000000000e+00 8.424242424242425198e-01 9.054545454545455119e-01
5.388349514563106624e-01 0.000000000000000000e+00 0.000000000000000000e+00 0.000000000000000000e+00 4.065934065934065922e-01
5.230769230769231060e-01 0.000000000000000000e+00 0.000000000000000000e+00 0.000000000000000000e+00 4.063745019920318446e-01
5.416666666666666297e-01 0.000000000000000000e+00 0.000000000000000000e+00 0.000000000000000000e+00 4.107806691449814029e-01
5.422885572139303223e-01 0.000000000000000000e+00 0.000000000000000000e+00 0.000000000000000000e+00 4.144486692015209028e-01
5.441176470588234837e-01 0.000000000000000000e+00 0.000000000000000000e+00 0.000000000000000000e+00 4.126394052044609628e-01
9.095477386934673891e-01 7.942857142857142616e-01 1.000000000000000000e+00 8.853503184713376051e-01 9.305019305019305298e-01
5.362318840579710644e-01 0.000000000000000000e+00 0.000000000000000000e+00 0.000000000000000000e+00 4.036363636363636265e-01
8.143564356435643026e-01 7.133333333333333748e-01 7.697841726618704916e-01 7.404844290657439654e-01 8.037600108592372061e-01
8.681055155875300189e-01 7.164948453608247503e-01 1.000000000000000000e+00 8.348348348348347825e-01 9.010791366906474309e-01
8.722891566265060792e-01 7.239583333333333703e-01 1.000000000000000000e+00 8.398791540785498499e-01 9.039855072463768293e-01
5.454545454545454142e-01 0.000000000000000000e+00 0.000000000000000000e+00 0.000000000000000000e+00 4.141791044776119701e-01
