5.404040404040404422e-01 0.000000000000000000e+00 0.000000000000000000e+00 0.000000000000000000e+00 4.163424124513618874e-01
5.475578406169665513e-01 0.000000000000000000e+00 0.000000000000000000e+00 0.000000000000000000e+00 4.259999999999999898e-01
5.790884718498660044e-01 5.000000000000000278e-02 7.194244604316547137e-03 1.257861635220126027e-02 4.629988317038676304e-01
8.924205378973104619e-01 7.653631284916201372e-01 9.856115107913668849e-01 8.616352201257860832e-01 9.150279776179056634e-01
9.197994987468671724e-01 8.128654970760234022e-01 1.000000000000000000e+00 8.967741935483870552e-01 9.384615384615384581e-01
9.017199017199016842e-01 7.765363128491620248e-01 1.000000000000000000e+00 8.742138364779874493e-01 9.253731343283582156e-01
9.061728395061728891e-01 7.853107344632768161e-01 1.000000000000000000e+00 8.797468354430380000e-01 9.285714285714286031e-01
8.280098280098280306e-01 7.254901960784313486e-01 7.985611510791367218e-01 7.602739726027396561e-01 8.209223665843443651e-01
5.456852791878172848e-01 0.000000000000000000e+00 0.000000000000000000e+00 0.000000000000000000e+00 4.215686274509803932e-01
6.782178217821782651e-01 5.542168674698795261e-01 3.309352517985611475e-01 4.144144144144144559e-01 5.956563051445635804e-01
5.418719211822660142e-01 0.000000000000000000e+00 0.000000000000000000e+00 0.000000000000000000e+00 4.119850187265917674e-01
9.106699751861042635e-01 7.942857142857142616e-01 1.000000000000000000e+00 8.853503184713376051e-01 9.318181818181818787e-01
5.541871921182266458e-01 0.000000000000000000e+00 0.000000000000000000e+00 0.000000000000000000e+00 4.213483146067416030e-01
5.812182741116751483e-01 3.571428571428571230e-02 7.194244604316547137e-03 1.197604790419161923e-02 4.506559458315700373e-01
8.929440389294404090e-01 7.595628415300545999e-01 1.000000000000000000e+00 8.633540372670807095e-01 9.191176470588235947e-01
5.625000000000000000e-01 3.225806451612903136e-02 7.194244604316547137e-03 1.176470588235294275e-02 4.423726325062398712e-01
8.843373493975903443e-01 7.433155080213903476e-01 1.000000000000000000e+00 8.527607361963190913e-01 9.130434782608696231e-01
7.761194029850746468e-01 7.024793388429751984e-01 6.115107913669064477e-01 6.538461538461538547e-01 7.373143310446699239e-01
5.591133004926108763e-01 2.380952380952380820e-02 7.194244604316547137e-03 1.104972375690607862e-02 4.268180960849298211e-01
5.784061696658098217e-01 3.703703703703703498e-02 7.194244604316547137e-03 1.204819277108433798e-02 4.515971223021582603e-01
5.738916256157635676e-01 1.136363636363636326e-01 3.597122302158273222e-02 5.464480874316939712e-02 4.449519036456228149e-01
8.807785888077859227e-01 7.528089887640448952e-01 9.640287769784172678e-01 8.454258675078863972e-01 9.011320355480322286e-01
5.467625899280575963e-01 0.000000000000000000e+00 0.000000000000000000e+00 0.000000000000000000e+00 4.100719424460431695e-01
5.759162303664921989e-01 4.000000000000000083e-02 7.194244604316547137e-03 1.219512195121951088e-02 4.542144062527755377e-01
5.812182741116751483e-01 3.571428571428571230e-02 7.194244604316547137e-03 1.197604790419161923e-02 4.506559458315700373e-01
8.929440389294404090e-01 7.595628415300545999e-01 1.000000000000000000e+00 8.633540372670807095e-01 9.191176470588235947e-01
5.588235294117647189e-01 2.325581395348837177e-02 7.194244604316547137e-03 1.098901098901098987e-02 4.255302078040169578e-01
5.677083333333333703e-01 3.448275862068965469e-02 7.194244604316547137e-03 1.190476190476190584e-02 4.464542651593010891e-01
5.513784461152881899e-01 0.000000000000000000e+00 0.000000000000000000e+00 0.000000000000000000e+00 4.230769230769230727e-01
5.411471321695761061e-01 0.000000000000000000e+00 0.000000000000000000e+00 0.000000000000000000e+00 4.141221374045801484e-01
5.470737913486004578e-01 2.439024390243902524e-02 7.194244604316547137e-03 1.111111111111110980e-02 4.248569648218433192e-01
9.061728395061728891e-01 7.853107344632768161e-01 1.000000000000000000e+00 8.797468354430380000e-01 9.285714285714286031e-01
5.437665782493368294e-01 2.857142857142857054e-02 7.194244604316547137e-03 1.149425287356321823e-02 4.321685508735868542e-01
8.049382716049382491e-01 7.205882352941176405e-01 7.050359712230215292e-01 7.127272727272726538e-01 7.810894141829394233e-01
8.822115384615384359e-01 7.393617021276596146e-01 1.000000000000000000e+00 8.501529051987767316e-01 9.115523465703971873e-01
8.864734299516908722e-01 7.473118279569892497e-01 1.000000000000000000e+00 8.553846153846154099e-01 9.145454545454545503e-01
6.116751269035533012e-01 3.541666666666666852e-01 1.223021582733812979e-01 1.818181818181818232e-01 5.003667654112003982e-01
