8.929440389294404090e-01 7.595628415300545999e-01 1.000000000000000000e+00 8.633540372670807095e-01 9.191176470588235947e-01
5.984455958549222965e-01 1.363636363636363535e-01 2.158273381294964141e-02 3.726708074534161586e-02 4.723298284449363726e-01
8.995098039215686514e-01 7.722222222222222543e-01 1.000000000000000000e+00 8.714733542319750281e-01 9.237918215613383222e-01
5.509708737864077444e-01 0.000000000000000000e+00 0.000000000000000000e+00 0.000000000000000000e+00 4.157509157509157172e-01
5.477386934673367236e-01 2.325581395348837177e-02 7.194244604316547137e-03 1.098901098901098987e-02 4.225160412210771654e-01
6.234413965087282072e-01 3.965517241379310498e-01 1.654676258992805737e-01 2.335025380710660237e-01 5.159399198198693082e-01
5.547445255474452441e-01 2.173913043478260809e-02 7.194244604316547137e-03 1.081081081081081141e-02 4.208765340668641497e-01
5.482093663911845605e-01 3.703703703703703498e-02 7.194244604316547137e-03 1.204819277108433798e-02 4.455614080164439494e-01
5.619834710743801809e-01 4.545454545454545581e-02 7.194244604316547137e-03 1.242236024844720586e-02 4.567221223021582510e-01
5.798525798525798747e-01 1.666666666666666574e-01 5.755395683453237710e-02 8.556149732620320358e-02 4.541501127456244458e-01
5.533980582524271608e-01 0.000000000000000000e+00 0.000000000000000000e+00 0.000000000000000000e+00 4.175824175824175977e-01
5.470737913486004578e-01 2.439024390243902524e-02 7.194244604316547137e-03 1.111111111111110980e-02 4.248569648218433192e-01
8.907766990291262621e-01 7.554347826086956763e-01 1.000000000000000000e+00 8.606811145510835370e-01 9.175824175824176532e-01
8.995098039215686514e-01 7.722222222222222543e-01 1.000000000000000000e+00 8.714733542319750281e-01 9.237918215613383222e-01
5.507246376811594235e-01 0.000000000000000000e+00 0.000000000000000000e+00 0.000000000000000000e+00 4.145454545454545503e-01
9.039408866995073399e-01 7.808988764044944020e-01 1.000000000000000000e+00 8.769716088328075587e-01 9.269662921348313933e-01
8.995098039215686514e-01 7.722222222222222543e-01 1.000000000000000000e+00 8.714733542319750281e-01 9.237918215613383222e-01
5.533980582524271608e-01 0.000000000000000000e+00 0.000000000000000000e+00 0.000000000000000000e+00 4.175824175824175977e-01
8.501228501228501599e-01 7.468354430379746667e-01 8.489208633093525691e-01 7.946127946127946595e-01 8.498335659830345001e-01
5.794871794871795379e-01 3.703703703703703498e-02 7.194244604316547137e-03 1.204819277108433798e-02 4.518042936168992774e-01
8.907766990291262621e-01 7.554347826086956763e-01 1.000000000000000000e+00 8.606811145510835370e-01 9.175824175824176532e-01
5.623471882640587172e-01 6.521739130434782428e-02 2.158273381294964141e-02 3.243243243243243423e-02 4.311617372768452583e-01
5.511221945137156908e-01 0.000000000000000000e+00 0.000000000000000000e+00 0.000000000000000000e+00 4.217557251908397031e-01
5.839416058394160114e-01 2.142857142857142738e-01 8.633093525179856564e-02 1.230769230769230838e-01 4.622831146847227735e-01
8.995098039215686514e-01 7.722222222222222543e-01 1.000000000000000000e+00 8.714733542319750281e-01 9.237918215613383222e-01
5.507246376811594235e-01 0.000000000000000000e+00 0.000000000000000000e+00 0.000000000000000000e+00 4.145454545454545503e-01
5.628140703517587884e-01 2.702702702702702853e-02 7.194244604316547137e-03 1.136363636363636569e-02 4.340990528040887808e-01
5.615763546798029360e-01 0.000000000000000000e+00 0.000000000000000000e+00 0.000000000000000000e+00 4.269662921348314488e-01
5.371287128712871617e-01 0.000000000000000000e+00 0.000000000000000000e+00 0.000000000000000000e+00 4.094339622641509635e-01
5.835351089588377560e-01 2.203389830508474534e-01 9.352517985611510931e-02 1.313131313131313260e-01 4.628209840886415294e-01
5.498783454987834496e-01 0.000000000000000000e+00 0.000000000000000000e+00 0.000000000000000000e+00 4.154411764705882026e-01
5.654320987654321007e-01 2.564102564102564014e-02 7.194244604316547137e-03 1.123595505617977497e-02 4.321685508735868542e-01
5.699999999999999512e-01 2.857142857142857054e-02 7.194244604316547137e-03 1.149425287356321823e-02 4.384630226853000190e-01
5.632754342431761652e-01 2.564102564102564014e-02 7.194244604316547137e-03 1.123595505617977497e-02 4.316274253324612897e-01
5.591133004926108763e-01 0.000000000000000000e+00 0.000000000000000000e+00 0.000000000000000000e+00 4.250936329588014817e-01
8.907766990291262621e-01 7.554347826086956763e-01 1.000000000000000000e+00 8.606811145510835370e-01 9.175824175824176532e-01
8.951219512195122130e-01 7.637362637362636875e-01 1.000000000000000000e+00 8.660436137071650942e-01 9.206642066420664960e-01
