5.498721227621483632e-01 2.564102564102564014e-02 7.194244604316547137e-03 1.123595505617977497e-02 4.282002969053328445e-01
8.951219512195122130e-01 7.637362637362636875e-01 1.000000000000000000e+00 8.660436137071650942e-01 9.206642066420664960e-01
5.753768844221105461e-01 3.125000000000000000e-02 7.194244604316547137e-03 1.169590643274853910e-02 4.437515624565984140e-01
5.765306122448979886e-01 9.090909090909091161e-02 2.158273381294964141e-02 3.488372093023255766e-02 4.515028293570677587e-01
5.754475703324808400e-01 3.448275862068965469e-02 7.194244604316547137e-03 1.190476190476190584e-02 4.480415667466026708e-01
5.623409669211195672e-01 7.692307692307692735e-02 2.158273381294964141e-02 3.370786516853932491e-02 4.399252251741914144e-01
5.547263681592039530e-01 2.380952380952380820e-02 7.194244604316547137e-03 1.104972375690607862e-02 4.256503542413217489e-01
5.569620253164556667e-01 0.000000000000000000e+00 0.000000000000000000e+00 0.000000000000000000e+00 4.296875000000000000e-01
9.084158415841584455e-01 7.897727272727272929e-01 1.000000000000000000e+00 8.825396825396825129e-01 9.301886792452830344e-01
8.853658536585365946e-01 7.584269662921347965e-01 9.712230215827337698e-01 8.517350157728705851e-01 9.062757174334333810e-01
5.721393034825870139e-01 7.692307692307692735e-02 2.158273381294964141e-02 3.370786516853932491e-02 4.423503022676915641e-01
6.547314578005115626e-01 5.384615384615384359e-01 2.014388489208633060e-01 2.931937172774869427e-01 5.531003768413841337e-01
8.382352941176470784e-01 7.354838709677419262e-01 8.201438848920863389e-01 7.755102040816325148e-01 8.338637640073814916e-01
5.555555555555555802e-01 2.564102564102564014e-02 7.194244604316547137e-03 1.123595505617977497e-02 4.296671612126640727e-01
8.951219512195122130e-01 7.637362637362636875e-01 1.000000000000000000e+00 8.660436137071650942e-01 9.206642066420664960e-01
5.508684863523573005e-01 0.000000000000000000e+00 0.000000000000000000e+00 0.000000000000000000e+00 4.204545454545454697e-01
5.467625899280575963e-01 0.000000000000000000e+00 0.000000000000000000e+00 0.000000000000000000e+00 4.100719424460431695e-01
6.048780487804877870e-01 3.230769230769230949e-01 1.510791366906474864e-01 2.058823529411764885e-01 4.943587565372056236e-01
5.566502463054187055e-01 2.325581395348837177e-02 7.194244604316547137e-03 1.098901098901098987e-02 4.249454369088998540e-01
9.084158415841584455e-01 7.897727272727272929e-01 1.000000000000000000e+00 8.825396825396825129e-01 9.301886792452830344e-01
6.748166259168704162e-01 5.333333333333333259e-01 3.453237410071942626e-01 4.192139737991266712e-01 5.948840927258193245e-01
5.467625899280575963e-01 0.000000000000000000e+00 0.000000000000000000e+00 0.000000000000000000e+00 4.100719424460431695e-01
5.463414634146341875e-01 0.000000000000000000e+00 0.000000000000000000e+00 0.000000000000000000e+00 4.132841328413284221e-01
8.948655256723716533e-01 7.666666666666667185e-01 9.928057553956834980e-01 8.652037617554860782e-01 9.186250999200640255e-01
5.555555555555555802e-01 2.564102564102564014e-02 7.194244604316547137e-03 1.123595505617977497e-02 4.296671612126640727e-01
8.951219512195122130e-01 7.637362637362636875e-01 1.000000000000000000e+00 8.660436137071650942e-01 9.206642066420664960e-01
5.501285347043701757e-01 0.000000000000000000e+00 0.000000000000000000e+00 0.000000000000000000e+00 4.279999999999999916e-01
5.333333333333333259e-01 0.000000000000000000e+00 0.000000000000000000e+00 0.000000000000000000e+00 4.143426294820717337e-01
5.301507537688442406e-01 0.000000000000000000e+00 0.000000000000000000e+00 0.000000000000000000e+00 4.073359073359073546e-01
5.725000000000000089e-01 2.941176470588235253e-02 7.194244604316547137e-03 1.156069364161849654e-02 4.403787314975605716e-01
5.592783505154639290e-01 2.941176470588235253e-02 7.194244604316547137e-03 1.156069364161849654e-02 4.373320620611944043e-01
5.578947368421052211e-01 3.225806451612903136e-02 7.194244604316547137e-03 1.176470588235294275e-02 4.413564584017433123e-01
8.951219512195122130e-01 7.637362637362636875e-01 1.000000000000000000e+00 8.660436137071650942e-01 9.206642066420664960e-01
9.017199017199016842e-01 7.765363128491620248e-01 1.000000000000000000e+00 8.742138364779874493e-01 9.253731343283582156e-01
5.665024630541871664e-01 6.976744186046511531e-02 2.158273381294964141e-02 3.296703296703296787e-02 4.358849998652763458e-01
5.445544554455445940e-01 0.000000000000000000e+00 0.000000000000000000e+00 0.000000000000000000e+00 4.150943396226415283e-01
5.435897435897435459e-01 0.000000000000000000e+00 0.000000000000000000e+00 0.000000000000000000e+00 4.223107569721115673e-01
