6.738609112709832427e-01 5.405405405405405705e-01 1.438848920863309289e-01 2.272727272727272652e-01 5.413669064748201087e-01
7.865707434052757741e-01 7.976190476190476719e-01 4.820143884892086339e-01 6.008968609865471544e-01 7.104316546762591278e-01
9.592326139088729331e-01 8.910256410256410797e-01 1.000000000000000000e+00 9.423728813559323347e-01 9.694244604316547553e-01
9.592326139088729331e-01 8.910256410256410797e-01 1.000000000000000000e+00 9.423728813559323347e-01 9.694244604316547553e-01
9.592326139088729331e-01 8.910256410256410797e-01 1.000000000000000000e+00 9.423728813559323347e-01 9.694244604316547553e-01
7.793764988009592720e-01 7.901234567901234129e-01 4.604316546762590168e-01 5.818181818181817899e-01 6.996402877697841527e-01
6.642335766423357324e-01 5.200000000000000178e-01 9.352517985611510931e-02 1.585365853658536606e-01 5.247037663986459100e-01
9.592326139088729331e-01 8.910256410256410797e-01 1.000000000000000000e+00 9.423728813559323347e-01 9.694244604316547553e-01
6.322115384615384359e-01 1.111111111111111049e-01 1.438848920863309427e-02 2.547770700636942803e-02 4.783133781783237559e-01
9.592326139088729331e-01 8.910256410256410797e-01 1.000000000000000000e+00 9.423728813559323347e-01 9.694244604316547553e-01
9.592326139088729331e-01 8.910256410256410797e-01 1.000000000000000000e+00 9.423728813559323347e-01 9.694244604316547553e-01
9.615384615384615641e-01 8.967741935483870552e-01 1.000000000000000000e+00 9.455782312925169464e-01 9.711191335740071429e-01
7.985611510791367218e-01 8.089887640449437978e-01 5.179856115107913661e-01 6.315789473684210176e-01 7.284172661870503829e-01
8.489208633093525691e-01 8.454545454545454586e-01 6.690647482014387970e-01 7.469879518072288782e-01 8.039568345323740983e-01
9.635036496350365409e-01 9.025974025974026205e-01 1.000000000000000000e+00 9.488054607508532579e-01 9.724264705882352811e-01
6.714628297362110754e-01 5.277777777777777901e-01 1.366906474820143991e-01 2.171428571428571652e-01 5.377697841726618577e-01
9.638554216867469826e-01 9.025974025974026205e-01 1.000000000000000000e+00 9.488054607508532579e-01 9.728260869565217295e-01
9.592326139088729331e-01 8.910256410256410797e-01 1.000000000000000000e+00 9.423728813559323347e-01 9.694244604316547553e-01
9.592326139088729331e-01 8.910256410256410797e-01 1.000000000000000000e+00 9.423728813559323347e-01 9.694244604316547553e-01
6.426858513189448452e-01 2.916666666666666852e-01 5.035971223021582649e-02 8.588957055214722913e-02 4.946043165467625680e-01
9.592326139088729331e-01 8.910256410256410797e-01 1.000000000000000000e+00 9.423728813559323347e-01 9.694244604316547553e-01
6.490384615384615641e-01 3.599999999999999867e-01 6.474820143884892076e-02 1.097560975609756101e-01 5.034932342934316241e-01
6.530120481927710330e-01 4.000000000000000222e-01 7.194244604316546443e-02 1.219512195121951192e-01 5.087973099781044617e-01
8.875305623471883010e-01 8.907563025210084584e-01 7.625899280575539896e-01 8.217054263565891636e-01 8.572208899547029137e-01
8.489208633093525691e-01 8.454545454545454586e-01 6.690647482014387970e-01 7.469879518072288782e-01 8.039568345323740983e-01
9.635036496350365409e-01 9.025974025974026205e-01 1.000000000000000000e+00 9.488054607508532579e-01 9.724264705882352811e-01
7.745803357314148263e-01 7.848101265822784445e-01 4.460431654676259017e-01 5.688073394495412050e-01 6.924460431654676507e-01
9.592326139088729331e-01 8.910256410256410797e-01 1.000000000000000000e+00 9.423728813559323347e-01 9.694244604316547553e-01
9.592326139088729331e-01 8.910256410256410797e-01 1.000000000000000000e+00 9.423728813559323347e-01 9.694244604316547553e-01
7.482014388489208745e-01 7.500000000000000000e-01 3.669064748201438797e-01 4.927536231884058204e-01 6.528776978417265564e-01
9.566265060240963791e-01 8.954248366013072280e-01 9.856115107913668849e-01 9.383561643835616195e-01 9.638202481493065577e-01
9.635036496350365409e-01 9.025974025974026205e-01 1.000000000000000000e+00 9.488054607508532579e-01 9.724264705882352811e-01
9.592326139088729331e-01 8.910256410256410797e-01 1.000000000000000000e+00 9.423728813559323347e-01 9.694244604316547553e-01
6.843373493975903887e-01 5.999999999999999778e-01 1.726618705035971313e-01 2.681564245810055813e-01 5.573454280054217502e-01
9.592326139088729331e-01 8.910256410256410797e-01 1.000000000000000000e+00 9.423728813559323347e-01 9.694244604316547553e-01
9.592326139088729331e-01 8.910256410256410797e-01 1.000000000000000000e+00 9.423728813559323347e-01 9.694244604316547553e-01
9.592326139088729331e-01 8.910256410256410797e-01 1.000000000000000000e+00 9.423728813559323347e-01 9.694244604316547553e-01
