9.592326139088729331e-01 8.910256410256410797e-01 1.000000000000000000e+00 9.423728813559323347e-01 9.694244604316547553e-01
9.592326139088729331e-01 8.910256410256410797e-01 1.000000000000000000e+00 9.423728813559323347e-01 9.694244604316547553e-01
9.592326139088729331e-01 8.910256410256410797e-01 1.000000000000000000e+00 9.423728813559323347e-01 9.694244604316547553e-01
9.592326139088729331e-01 8.910256410256410797e-01 1.000000000000000000e+00 9.423728813559323347e-01 9.694244604316547553e-01
9.592326139088729331e-01 8.910256410256410797e-01 1.000000000000000000e+00 9.423728813559323347e-01 9.694244604316547553e-01
9.592326139088729331e-01 8.910256410256410797e-01 1.000000000000000000e+00 9.423728813559323347e-01 9.694244604316547553e-01
9.592326139088729331e-01 8.910256410256410797e-01 1.000000000000000000e+00 9.423728813559323347e-01 9.694244604316547553e-01
9.592326139088729331e-01 8.910256410256410797e-01 1.000000000000000000e+00 9.423728813559323347e-01 9.694244604316547553e-01
9.592326139088729331e-01 8.910256410256410797e-01 1.000000000000000000e+00 9.423728813559323347e-01 9.694244604316547553e-01
9.592326139088729331e-01 8.910256410256410797e-01 1.000000000000000000e+00 9.423728813559323347e-01 9.694244604316547553e-01
9.592326139088729331e-01 8.910256410256410797e-01 1.000000000000000000e+00 9.423728813559323347e-01 9.694244604316547553e-01
9.592326139088729331e-01 8.910256410256410797e-01 1.000000000000000000e+00 9.423728813559323347e-01 9.694244604316547553e-01
9.592326139088729331e-01 8.910256410256410797e-01 1.000000000000000000e+00 9.423728813559323347e-01 9.694244604316547553e-01
9.592326139088729331e-01 8.910256410256410797e-01 1.000000000000000000e+00 9.423728813559323347e-01 9.694244604316547553e-01
9.592326139088729331e-01 8.910256410256410797e-01 1.000000000000000000e+00 9.423728813559323347e-01 9.694244604316547553e-01
9.592326139088729331e-01 8.910256410256410797e-01 1.000000000000000000e+00 9.423728813559323347e-01 9.694244604316547553e-01
9.592326139088729331e-01 8.910256410256410797e-01 1.000000000000000000e+00 9.423728813559323347e-01 9.694244604316547553e-01
9.592326139088729331e-01 8.910256410256410797e-01 1.000000000000000000e+00 9.423728813559323347e-01 9.694244604316547553e-01
9.592326139088729331e-01 8.910256410256410797e-01 1.000000000000000000e+00 9.423728813559323347e-01 9.694244604316547553e-01
9.592326139088729331e-01 8.910256410256410797e-01 1.000000000000000000e+00 9.423728813559323347e-01 9.694244604316547553e-01
9.592326139088729331e-01 8.910256410256410797e-01 1.000000000000000000e+00 9.423728813559323347e-01 9.694244604316547553e-01
9.592326139088729331e-01 8.910256410256410797e-01 1.000000000000000000e+00 9.423728813559323347e-01 9.694244604316547553e-01
9.592326139088729331e-01 8.910256410256410797e-01 1.000000000000000000e+00 9.423728813559323347e-01 9.694244604316547553e-01
9.592326139088729331e-01 8.910256410256410797e-01 1.000000000000000000e+00 9.423728813559323347e-01 9.694244604316547553e-01
9.592326139088729331e-01 8.910256410256410797e-01 1.000000000000000000e+00 9.423728813559323347e-01 9.694244604316547553e-01
9.592326139088729331e-01 8.910256410256410797e-01 1.000000000000000000e+00 9.423728813559323347e-01 9.694244604316547553e-01
9.592326139088729331e-01 8.910256410256410797e-01 1.000000000000000000e+00 9.423728813559323347e-01 9.694244604316547553e-01
9.592326139088729331e-01 8.910256410256410797e-01 1.000000000000000000e+00 9.423728813559323347e-01 9.694244604316547553e-01
9.592326139088729331e-01 8.910256410256410797e-01 1.000000000000000000e+00 9.423728813559323347e-01 9.694244604316547553e-01
9.592326139088729331e-01 8.910256410256410797e-01 1.000000000000000000e+00 9.423728813559323347e-01 9.694244604316547553e-01
9.592326139088729331e-01 8.910256410256410797e-01 1.000000000000000000e+00 9.423728813559323347e-01 9.694244604316547553e-01
9.592326139088729331e-01 8.910256410256410797e-01 1.000000000000000000e+00 9.423728813559323347e-01 9.694244604316547553e-01
9.592326139088729331e-01 8.910256410256410797e-01 1.000000000000000000e+00 9.423728813559323347e-01 9.694244604316547553e-01
9.592326139088729331e-01 8.910256410256410797e-01 1.000000000000000000e+00 9.423728813559323347e-01 9.694244604316547553e-01
9.592326139088729331e-01 8.910256410256410797e-01 1.000000000000000000e+00 9.423728813559323347e-01 9.694244604316547553e-01
9.592326139088729331e-01 8.910256410256410797e-01 1.000000000000000000e+00 9.423728813559323347e-01 9.694244604316547553e-01
9.592326139088729331e-01 8.910256410256410797e-01 1.000000000000000000e+00 9.423728813559323347e-01 9.694244604316547553e-01
