8.880778588807786145e-01 8.907563025210084584e-01 7.625899280575539896e-01 8.217054263565891636e-01 8.573979052052476124e-01
6.634382566585956820e-01 5.000000000000000000e-01 9.352517985611510931e-02 1.575757575757575912e-01 5.230399621908313756e-01
6.658536585365854021e-01 5.333333333333333259e-01 1.151079136690647542e-01 1.893491124260354985e-01 5.317236985319493403e-01
8.894230769230768718e-01 8.719999999999999973e-01 7.841726618705036067e-01 8.257575757575759123e-01 8.632054645092590572e-01
6.714975845410627864e-01 5.428571428571428159e-01 1.366906474820143991e-01 2.183908045977011603e-01 5.392544146500980462e-01
9.638554216867469826e-01 9.025974025974026205e-01 1.000000000000000000e+00 9.488054607508532579e-01 9.728260869565217295e-01
7.439024390243902385e-01 7.500000000000000000e-01 3.669064748201438797e-01 4.927536231884058204e-01 6.520879237569353615e-01
7.170263788968824770e-01 6.909090909090909172e-01 2.733812949640287981e-01 3.917525773195876804e-01 6.061151079136691822e-01
9.592326139088729331e-01 8.910256410256410797e-01 1.000000000000000000e+00 9.423728813559323347e-01 9.694244604316547553e-01
7.050359712230215292e-01 6.600000000000000311e-01 2.374100719424460382e-01 3.492063492063491870e-01 5.881294964028777050e-01
8.305084745762711940e-01 8.631578947368421240e-01 5.899280575539568305e-01 7.008547008547009183e-01 7.712414010397520281e-01
9.592326139088729331e-01 8.910256410256410797e-01 1.000000000000000000e+00 9.423728813559323347e-01 9.694244604316547553e-01
6.481927710843373713e-01 3.478260869565217295e-01 5.755395683453237710e-02 9.876543209876544049e-02 5.016030653737879597e-01
9.591346153846154188e-01 8.910256410256410797e-01 1.000000000000000000e+00 9.423728813559323347e-01 9.693140794223826795e-01
9.592326139088729331e-01 8.910256410256410797e-01 1.000000000000000000e+00 9.423728813559323347e-01 9.694244604316547553e-01
6.585365853658536883e-01 4.814814814814814548e-01 9.352517985611510931e-02 1.566265060240963902e-01 5.209323316254745873e-01
7.036144578313252573e-01 6.666666666666666297e-01 2.302158273381295084e-01 3.422459893048128143e-01 5.861224064226878694e-01
9.424460431654676507e-01 8.859060402684564295e-01 9.496402877697841527e-01 9.166666666666667407e-01 9.442446043165467762e-01
9.592326139088729331e-01 8.910256410256410797e-01 1.000000000000000000e+00 9.423728813559323347e-01 9.694244604316547553e-01
9.615384615384615641e-01 8.967741935483870552e-01 1.000000000000000000e+00 9.455782312925169464e-01 9.711191335740071429e-01
7.529976019184652092e-01 7.571428571428571175e-01 3.812949640287769948e-01 5.071770334928229484e-01 6.600719424460432805e-01
6.706730769230768718e-01 5.277777777777777901e-01 1.366906474820143991e-01 2.171428571428571652e-01 5.376594031633898929e-01
6.487804878048780699e-01 4.074074074074073848e-01 7.913669064748200810e-02 1.325301204819276935e-01 5.100480501207890205e-01
9.592326139088729331e-01 8.910256410256410797e-01 1.000000000000000000e+00 9.423728813559323347e-01 9.694244604316547553e-01
9.591346153846154188e-01 8.910256410256410797e-01 1.000000000000000000e+00 9.423728813559323347e-01 9.693140794223826795e-01
9.592326139088729331e-01 8.910256410256410797e-01 1.000000000000000000e+00 9.423728813559323347e-01 9.694244604316547553e-01
6.807980049875311801e-01 7.037037037037037202e-01 1.366906474820143991e-01 2.289156626506024250e-01 5.530781481684881040e-01
6.393861892583120321e-01 4.500000000000000111e-01 6.474820143884892076e-02 1.132075471698113234e-01 5.105487038940277333e-01
9.520383693045563200e-01 8.888888888888888395e-01 9.784172661870503829e-01 9.315068493150684414e-01 9.586330935251800023e-01
6.489104116222760288e-01 3.499999999999999778e-01 5.035971223021582649e-02 8.805031446540879936e-02 5.014572283778815365e-01
6.075268817204301230e-01 1.818181818181818232e-01 1.438848920863309427e-02 2.666666666666666838e-02 4.878809398832864574e-01
8.033573141486810565e-01 8.131868131868131844e-01 5.323741007194244812e-01 6.434782608695652772e-01 7.356115107913669959e-01
9.592326139088729331e-01 8.910256410256410797e-01 1.000000000000000000e+00 9.423728813559323347e-01 9.694244604316547553e-01
7.855421686746988374e-01 8.125000000000000000e-01 4.676258992805755188e-01 5.936073059360730264e-01 7.066390365968094889e-01
9.592326139088729331e-01 8.910256410256410797e-01 1.000000000000000000e+00 9.423728813559323347e-01 9.694244604316547553e-01
6.246913580246913344e-01 0.000000000000000000e+00 0.000000000000000000e+00 0.000000000000000000e+00 4.755639097744360777e-01
6.498800959232613472e-01 3.703703703703703498e-01 7.194244604316546443e-02 1.204819277108433728e-01 5.053956834532373765e-01
