5.663716814159291957e-01 1.000000000000000056e-01 7.194244604316547137e-03 1.342281879194631017e-02 4.810971223021582310e-01
5.589887640449437978e-01 1.250000000000000000e-01 2.158273381294964141e-02 3.680981595092024800e-02 4.624042701322813032e-01
5.761194029850745801e-01 2.000000000000000111e-01 7.194244604316547137e-03 1.388888888888888985e-02 4.933930406695051785e-01
7.178217821782177932e-01 6.050420168067226490e-01 5.179856115107913661e-01 5.581395348837209225e-01 6.703135604723767793e-01
8.924999999999999600e-01 7.637362637362636875e-01 1.000000000000000000e+00 8.660436137071650942e-01 9.176245210727969059e-01
6.412213740458014843e-01 4.871794871794871695e-01 2.733812949640287981e-01 3.502304147465437612e-01 5.579504900016994950e-01
8.902743142144637911e-01 7.595628415300545999e-01 1.000000000000000000e+00 8.633540372670807095e-01 9.160305343511450094e-01
5.475578406169665513e-01 8.888888888888889228e-02 2.877697841726618855e-02 4.347826086956521618e-02 4.323884892086330978e-01
5.872093023255814392e-01 4.210526315789473450e-01 5.755395683453237710e-02 1.012658227848101250e-01 5.019477101245832795e-01
8.811881188118811936e-01 7.433155080213903476e-01 1.000000000000000000e+00 8.527607361963190913e-01 9.094339622641509635e-01
5.637982195845697708e-01 1.000000000000000056e-01 7.194244604316547137e-03 1.342281879194631017e-02 4.808698495748855439e-01
8.855721393034825528e-01 7.513513513513513375e-01 1.000000000000000000e+00 8.580246913580247270e-01 9.125475285171102957e-01
5.562130177514792440e-01 7.692307692307692735e-02 7.194244604316547137e-03 1.315789473684210627e-02 4.734463685333140104e-01
6.806282722513089523e-01 6.103896103896103709e-01 3.381294964028777050e-01 4.351851851851851749e-01 6.073363531397105719e-01
8.793103448275861878e-01 7.393617021276596146e-01 1.000000000000000000e+00 8.501529051987767316e-01 9.082397003745318331e-01
5.641025641025640969e-01 8.108108108108108558e-02 2.158273381294964141e-02 3.409090909090909532e-02 4.430622832411362233e-01
8.750000000000000000e-01 7.315789473684211064e-01 1.000000000000000000e+00 8.449848024316110040e-01 9.052044609665427233e-01
7.670886075949366889e-01 6.879999999999999449e-01 6.187050359712230607e-01 6.515151515151516026e-01 7.331806429856115859e-01
5.584045584045583821e-01 1.363636363636363535e-01 2.158273381294964141e-02 3.726708074534161586e-02 4.659800461517578651e-01
5.774647887323943740e-01 1.333333333333333315e-01 1.438848920863309427e-02 2.597402597402597574e-02 4.771016520117238868e-01
8.557213930348258613e-01 7.314285714285714279e-01 9.208633093525180335e-01 8.152866242038216971e-01 8.710780425089587053e-01
8.793103448275861878e-01 7.393617021276596146e-01 1.000000000000000000e+00 8.501529051987767316e-01 9.082397003745318331e-01
5.307692307692307709e-01 0.000000000000000000e+00 0.000000000000000000e+00 0.000000000000000000e+00 4.123505976095617198e-01
5.414364640883977398e-01 3.448275862068965469e-02 7.194244604316547137e-03 1.190476190476190584e-02 4.408168532438622722e-01
6.806282722513089523e-01 6.103896103896103709e-01 3.381294964028777050e-01 4.351851851851851749e-01 6.073363531397105719e-01
8.793103448275861878e-01 7.393617021276596146e-01 1.000000000000000000e+00 8.501529051987767316e-01 9.082397003745318331e-01
5.595854922279792643e-01 1.025641025641025605e-01 2.877697841726618855e-02 4.494382022471909988e-02 4.435382867794833150e-01
5.666666666666666519e-01 1.304347826086956486e-01 2.158273381294964141e-02 3.703703703703704192e-02 4.655424981281943153e-01
5.601173020527858704e-01 7.692307692307692735e-02 7.194244604316547137e-03 1.315789473684210627e-02 4.738941520051285217e-01
5.540897097625330225e-01 5.882352941176470507e-02 1.438848920863309427e-02 2.312138728323699308e-02 4.405275779376499057e-01
5.819209039548022266e-01 3.333333333333333148e-01 6.474820143884892076e-02 1.084337349397590383e-01 4.905136356031454259e-01
8.858560794044665343e-01 7.513513513513513375e-01 1.000000000000000000e+00 8.580246913580247270e-01 9.128787878787878451e-01
5.488505747126436463e-01 5.000000000000000278e-02 7.194244604316547137e-03 1.257861635220126027e-02 4.581425768476127813e-01
8.291457286432161178e-01 7.290322580645161032e-01 8.129496402877698369e-01 7.687074829931972442e-01 8.253937390628037774e-01
8.750000000000000000e-01 7.315789473684211064e-01 1.000000000000000000e+00 8.449848024316110040e-01 9.052044609665427233e-01
8.728606356968214852e-01 7.277486910994764857e-01 1.000000000000000000e+00 8.424242424242425198e-01 9.037037037037036757e-01
8.346055979643766110e-01 7.500000000000000000e-01 7.985611510791367218e-01 7.735191637630662864e-01 8.264459298702769852e-01
