8.771498771498771330e-01 7.354497354497354644e-01 1.000000000000000000e+00 8.475609756097561842e-01 9.067164179104477695e-01
5.972222222222222099e-01 4.249999999999999889e-01 1.223021582733812979e-01 1.899441340782123122e-01 5.091148800416680498e-01
8.877805486284289227e-01 7.554347826086956763e-01 1.000000000000000000e+00 8.606811145510835370e-01 9.141221374045801484e-01
5.496183206106870500e-01 2.500000000000000139e-02 7.194244604316547137e-03 1.117318435754189980e-02 4.268254687588512453e-01
5.417721518987341778e-01 4.347826086956521618e-02 1.438848920863309427e-02 2.162162162162162282e-02 4.212567446043165020e-01
6.354679802955665036e-01 4.516129032258064391e-01 3.021582733812949728e-01 3.620689655172413812e-01 5.555735187131193298e-01
5.882352941176470784e-01 2.000000000000000111e-01 3.597122302158273222e-02 6.097560975609755962e-02 4.754324200214296581e-01
5.726744186046511809e-01 2.142857142857142738e-01 2.158273381294964141e-02 3.921568627450980338e-02 4.839620986137919134e-01
5.485564304461941765e-01 5.405405405405405705e-02 1.438848920863309427e-02 2.272727272727273137e-02 4.348801950175397169e-01
6.650000000000000355e-01 5.274725274725274859e-01 3.453237410071942626e-01 4.173913043478261753e-01 5.902863915763940650e-01
5.450000000000000400e-01 2.222222222222222307e-02 7.194244604316547137e-03 1.086956521739130405e-02 4.193059345626946599e-01
5.512820512820513219e-01 7.142857142857142461e-02 2.158273381294964141e-02 3.314917127071823066e-02 4.331021238785864313e-01
8.836633663366336711e-01 7.473118279569892497e-01 1.000000000000000000e+00 8.553846153846154099e-01 9.113207547169811518e-01
5.625000000000000000e-01 1.666666666666666574e-01 6.474820143884892076e-02 9.326424870466319683e-02 4.461672041677003375e-01
5.403422982885085490e-01 5.454545454545454281e-02 2.158273381294964141e-02 3.092783505154639290e-02 4.144950706101785398e-01
8.836633663366336711e-01 7.473118279569892497e-01 1.000000000000000000e+00 8.553846153846154099e-01 9.113207547169811518e-01
8.880597014925373234e-01 7.554347826086956763e-01 1.000000000000000000e+00 8.606811145510835370e-01 9.144486692015209028e-01
5.443037974683544444e-01 2.325581395348837177e-02 7.194244604316547137e-03 1.098901098901098987e-02 4.215658723021583065e-01
6.802030456852792284e-01 5.730337078651684957e-01 3.669064748201438797e-01 4.473684210526315264e-01 6.089434334885033273e-01
5.722713864306784304e-01 1.250000000000000000e-01 7.194244604316547137e-03 1.360544217687074779e-02 4.860971223021582355e-01
8.771498771498771330e-01 7.354497354497354644e-01 1.000000000000000000e+00 8.475609756097561842e-01 9.067164179104477695e-01
5.718085106382978511e-01 1.071428571428571369e-01 2.158273381294964141e-02 3.592814371257485595e-02 4.580487508727195678e-01
5.482233502538070846e-01 2.439024390243902524e-02 7.194244604316547137e-03 1.111111111111110980e-02 4.251657497531386443e-01
6.282051282051281937e-01 4.615384615384615641e-01 2.589928057553956831e-01 3.317972350230414813e-01 5.458310642322794504e-01
5.625000000000000000e-01 1.666666666666666574e-01 6.474820143884892076e-02 9.326424870466319683e-02 4.461672041677003375e-01
5.403422982885085490e-01 5.454545454545454281e-02 2.158273381294964141e-02 3.092783505154639290e-02 4.144950706101785398e-01
5.906735751295336678e-01 2.790697674418604612e-01 8.633093525179856564e-02 1.318681318681318715e-01 4.804124311886522891e-01
5.652173913043477826e-01 1.219512195121951192e-01 3.597122302158273222e-02 5.555555555555555247e-02 4.465570400822199693e-01
5.376884422110552730e-01 5.882352941176470507e-02 2.158273381294964141e-02 3.157894736842105365e-02 4.181272742423822186e-01
5.418719211822660142e-01 3.921568627450980338e-02 1.438848920863309427e-02 2.105263157894736795e-02 4.154339449788483352e-01
5.530085959885386870e-01 5.263157894736841813e-02 7.194244604316547137e-03 1.265822784810126563e-02 4.607399794450153796e-01
5.707070707070707183e-01 1.836734693877551117e-01 6.474820143884892076e-02 9.574468085106382920e-02 4.545530890462727291e-01
5.532994923857867953e-01 2.564102564102564014e-02 7.194244604316547137e-03 1.123595505617977497e-02 4.290873183805896107e-01
5.917312661498708160e-01 2.888888888888888618e-01 9.352517985611510931e-02 1.413043478260869734e-01 4.822464608957995336e-01
6.025974025974025761e-01 3.599999999999999867e-01 1.294964028776978415e-01 1.904761904761904934e-01 4.997075510323448766e-01
8.793103448275861878e-01 7.393617021276596146e-01 1.000000000000000000e+00 8.501529051987767316e-01 9.082397003745318331e-01
8.787128712871287162e-01 7.393617021276596146e-01 1.000000000000000000e+00 8.501529051987767316e-01 9.075471698113207752e-01
