5.906432748538011923e-01 4.814814814814814548e-01 9.352517985611510931e-02 1.566265060240963902e-01 5.122798313073678722e-01
8.750000000000000000e-01 7.315789473684211064e-01 1.000000000000000000e+00 8.449848024316110040e-01 9.052044609665427233e-01
5.601023017902813095e-01 5.405405405405405705e-02 1.438848920863309427e-02 2.272727272727273137e-02 4.377498001598720823e-01
7.615384615384614975e-01 6.982758620689655249e-01 5.827338129496403285e-01 6.352941176470587870e-01 7.216457909369714541e-01
5.555555555555555802e-01 6.666666666666666574e-02 7.194244604316547137e-03 1.298701298701298787e-02 4.691143636814685824e-01
5.833333333333333703e-01 4.285714285714285476e-01 2.158273381294964141e-02 4.109589041095890877e-02 5.006390826425155538e-01
5.706806282722513002e-01 3.703703703703703498e-02 7.194244604316547137e-03 1.204819277108433798e-02 4.500991799153269968e-01
5.718232044198895414e-01 1.363636363636363535e-01 2.158273381294964141e-02 3.726708074534161586e-02 4.681904700454883050e-01
8.836633663366336711e-01 7.473118279569892497e-01 1.000000000000000000e+00 8.553846153846154099e-01 9.113207547169811518e-01
5.717884130982368029e-01 2.181818181818181712e-01 8.633093525179856564e-02 1.237113402061855716e-01 4.598321342925659194e-01
5.721518987341772666e-01 1.875000000000000000e-01 6.474820143884892076e-02 9.625668449197861964e-02 4.562022257194244812e-01
9.015151515151514916e-01 7.808988764044944020e-01 1.000000000000000000e+00 8.769716088328075587e-01 9.241245136186769793e-01
5.589887640449437978e-01 1.250000000000000000e-01 2.158273381294964141e-02 3.680981595092024800e-02 4.624042701322813032e-01
5.768115942028985144e-01 3.599999999999999867e-01 6.474820143884892076e-02 1.097560975609756101e-01 4.935391492631138188e-01
8.814814814814815325e-01 7.433155080213903476e-01 1.000000000000000000e+00 8.527607361963190913e-01 9.097744360902255689e-01
5.432432432432432456e-01 8.333333333333332871e-02 2.158273381294964141e-02 3.428571428571428742e-02 4.393627954779034117e-01
5.639534883720930258e-01 7.692307692307692735e-02 7.194244604316547137e-03 1.315789473684210627e-02 4.743288296192313958e-01
5.450000000000000400e-01 2.222222222222222307e-02 7.194244604316547137e-03 1.086956521739130405e-02 4.193059345626946599e-01
5.493670886075949777e-01 6.666666666666666574e-02 2.158273381294964141e-02 3.260869565217391214e-02 4.287601169064748641e-01
8.836633663366336711e-01 7.473118279569892497e-01 1.000000000000000000e+00 8.553846153846154099e-01 9.113207547169811518e-01
8.814814814814815325e-01 7.433155080213903476e-01 1.000000000000000000e+00 8.527607361963190913e-01 9.097744360902255689e-01
5.714285714285713969e-01 3.750000000000000000e-01 8.633093525179856564e-02 1.403508771929824483e-01 4.941458597827619870e-01
5.681233933161953242e-01 1.914893617021276584e-01 6.474820143884892076e-02 9.677419354838710797e-02 4.563741007194244692e-01
8.295739348370927413e-01 7.290322580645161032e-01 8.129496402877698369e-01 7.687074829931972442e-01 8.257055893746541031e-01
5.768115942028985144e-01 3.599999999999999867e-01 6.474820143884892076e-02 1.097560975609756101e-01 4.935391492631138188e-01
8.814814814814815325e-01 7.433155080213903476e-01 1.000000000000000000e+00 8.527607361963190913e-01 9.097744360902255689e-01
5.495750708215297875e-01 4.545454545454545581e-02 7.194244604316547137e-03 1.242236024844720586e-02 4.545317017414106098e-01
5.659824046920821639e-01 9.090909090909091161e-02 7.194244604316547137e-03 1.333333333333333419e-02 4.788446470546334766e-01
5.603448275862068506e-01 1.111111111111111049e-01 1.438848920863309427e-02 2.547770700636942803e-02 4.689167326425940363e-01
5.572916666666666297e-01 3.030303030303030387e-02 7.194244604316547137e-03 1.162790697674418762e-02 4.382909998531786533e-01
5.798816568047336917e-01 2.000000000000000111e-01 7.194244604316547137e-03 1.388888888888888985e-02 4.935468710458768560e-01
5.676470588235293935e-01 1.000000000000000056e-01 7.194244604316547137e-03 1.342281879194631017e-02 4.812090626006657046e-01
8.793103448275861878e-01 7.393617021276596146e-01 1.000000000000000000e+00 8.501529051987767316e-01 9.082397003745318331e-01
5.541561712846347909e-01 6.818181818181817677e-02 2.158273381294964141e-02 3.278688524590164105e-02 4.313340025653895626e-01
5.564102564102564319e-01 7.499999999999999722e-02 2.158273381294964141e-02 3.351955307262569767e-02 4.370861876236063481e-01
5.612535612535612950e-01 5.882352941176470507e-02 7.194244604316547137e-03 1.282051282051282180e-02 4.658612732455544858e-01
5.808383233532934398e-01 4.285714285714285476e-01 2.158273381294964141e-02 4.109589041095890877e-02 5.005349566500646441e-01
