5.900621118012422395e-01 0.000000000000000000e+00 0.000000000000000000e+00 0.000000000000000000e+00 4.418604651162790775e-01
5.464285714285713746e-01 0.000000000000000000e+00 0.000000000000000000e+00 0.000000000000000000e+00 4.421965317919075433e-01
9.252336448598130758e-01 8.167938931297710203e-01 1.000000000000000000e+00 8.991596638655461327e-01 9.439252336448598069e-01
4.779116465863453844e-01 0.000000000000000000e+00 0.000000000000000000e+00 0.000000000000000000e+00 4.190140845070422504e-01
5.131086142322097698e-01 0.000000000000000000e+00 0.000000000000000000e+00 0.000000000000000000e+00 4.281249999999999778e-01
6.872964169381107213e-01 6.410256410256410797e-01 2.336448598130841103e-01 3.424657534246575152e-01 5.818224299065419824e-01
8.013029315960912280e-01 7.613636363636363535e-01 6.261682242990653791e-01 6.871794871794871806e-01 7.605841121495326984e-01
5.370370370370370905e-01 0.000000000000000000e+00 0.000000000000000000e+00 0.000000000000000000e+00 4.447852760736196176e-01
6.138613861386138515e-01 3.437500000000000000e-01 1.028037383177570069e-01 1.582733812949640162e-01 4.978304405874499072e-01
5.540540540540540571e-01 0.000000000000000000e+00 0.000000000000000000e+00 0.000000000000000000e+00 4.338624338624338383e-01
5.182481751824817851e-01 0.000000000000000000e+00 0.000000000000000000e+00 0.000000000000000000e+00 4.251497005988024158e-01
5.217391304347825942e-01 0.000000000000000000e+00 0.000000000000000000e+00 0.000000000000000000e+00 4.260355029585798925e-01
8.571428571428570953e-01 8.315789473684210842e-01 7.383177570093457653e-01 7.821782178217822068e-01 8.293578834797973309e-01
5.945945945945946276e-01 3.142857142857142794e-01 1.028037383177570069e-01 1.549295774647887203e-01 4.879098056668149663e-01
5.419580419580419806e-01 0.000000000000000000e+00 0.000000000000000000e+00 0.000000000000000000e+00 4.329608938547486185e-01
6.981132075471697673e-01 5.964912280701754055e-01 3.177570093457943723e-01 4.146341463414633943e-01 6.043761350046508163e-01
6.014492753623188470e-01 4.210526315789473450e-01 7.476635514018691031e-02 1.269841269841269771e-01 5.048387988718685548e-01
5.285714285714285809e-01 0.000000000000000000e+00 0.000000000000000000e+00 0.000000000000000000e+00 4.277456647398844014e-01
5.896551724137930606e-01 2.692307692307692180e-01 6.542056074766354479e-02 1.052631578947368224e-01 4.807977120678207927e-01
6.171617161716171918e-01 3.636363636363636465e-01 1.121495327102803724e-01 1.714285714285714302e-01 5.025033377837115900e-01
7.662337662337662669e-01 7.215189873417721111e-01 5.327102803738317238e-01 6.129032258064515126e-01 7.116287720277119089e-01
5.875000000000000222e-01 0.000000000000000000e+00 0.000000000000000000e+00 0.000000000000000000e+00 4.413145539906103143e-01
7.096774193548387455e-01 6.349206349206348854e-01 3.738317757009345654e-01 4.705882352941175850e-01 6.302656415450486049e-01
5.268817204301075030e-01 0.000000000000000000e+00 0.000000000000000000e+00 0.000000000000000000e+00 4.273255813953488191e-01
5.945945945945946276e-01 3.142857142857142794e-01 1.028037383177570069e-01 1.549295774647887203e-01 4.879098056668149663e-01
5.419580419580419806e-01 0.000000000000000000e+00 0.000000000000000000e+00 0.000000000000000000e+00 4.329608938547486185e-01
4.463519313304721292e-01 0.000000000000000000e+00 0.000000000000000000e+00 0.000000000000000000e+00 4.126984126984126755e-01
4.556962025316455556e-01 0.000000000000000000e+00 0.000000000000000000e+00 0.000000000000000000e+00 4.153846153846153522e-01
4.842519685039369803e-01 0.000000000000000000e+00 0.000000000000000000e+00 0.000000000000000000e+00 4.183673469387755306e-01
9.223602484472049889e-01 8.106060606060605522e-01 1.000000000000000000e+00 8.953974895397489586e-01 9.418604651162790775e-01
6.503267973856209361e-01 5.000000000000000000e-01 1.869158878504672827e-01 2.721088435374149350e-01 5.432066876438266245e-01
5.699658703071672772e-01 1.199999999999999956e-01 2.803738317757009310e-02 4.545454545454545581e-02 4.548789066425484306e-01
5.532646048109965964e-01 0.000000000000000000e+00 0.000000000000000000e+00 0.000000000000000000e+00 4.375000000000000000e-01
9.223602484472049889e-01 8.106060606060605522e-01 1.000000000000000000e+00 8.953974895397489586e-01 9.418604651162790775e-01
5.567010309278350721e-01 0.000000000000000000e+00 0.000000000000000000e+00 0.000000000000000000e+00 4.402173913043478382e-01
9.223602484472049889e-01 8.106060606060605522e-01 1.000000000000000000e+00 8.953974895397489586e-01 9.418604651162790775e-01
6.079136690647481966e-01 4.500000000000000111e-01 8.411214953271027583e-02 1.417322834645669272e-01 5.098923320762965838e-01
