4.843750000000000000e-01 0.000000000000000000e+00 0.000000000000000000e+00 0.000000000000000000e+00 4.161073825503355805e-01
5.164835164835165360e-01 0.000000000000000000e+00 0.000000000000000000e+00 0.000000000000000000e+00 4.246987951807228989e-01
6.131147540983606925e-01 3.333333333333333148e-01 1.028037383177570069e-01 1.571428571428571397e-01 4.958463136033228746e-01
9.223602484472049889e-01 8.106060606060605522e-01 1.000000000000000000e+00 8.953974895397489586e-01 9.418604651162790775e-01
5.236363636363636775e-01 0.000000000000000000e+00 0.000000000000000000e+00 0.000000000000000000e+00 4.285714285714286031e-01
5.347985347985347859e-01 0.000000000000000000e+00 0.000000000000000000e+00 0.000000000000000000e+00 4.397590361445783413e-01
5.949367088607594445e-01 0.000000000000000000e+00 0.000000000000000000e+00 0.000000000000000000e+00 4.497607655502392499e-01
9.221183800623052873e-01 8.106060606060605522e-01 1.000000000000000000e+00 8.953974895397489586e-01 9.415887850467290487e-01
5.593220338983050377e-01 0.000000000000000000e+00 0.000000000000000000e+00 0.000000000000000000e+00 4.388297872340425343e-01
8.730158730158730229e-01 8.018018018018018278e-01 8.317757009345794206e-01 8.165137614678898981e-01 8.630032350826742915e-01
4.355555555555555292e-01 0.000000000000000000e+00 0.000000000000000000e+00 0.000000000000000000e+00 4.152542372881355970e-01
6.045751633986927720e-01 2.666666666666666630e-01 7.476635514018691031e-02 1.167883211678831940e-01 4.821067956605457061e-01
5.563139931740613831e-01 0.000000000000000000e+00 0.000000000000000000e+00 0.000000000000000000e+00 4.381720430107526876e-01
4.980988593155893374e-01 0.000000000000000000e+00 0.000000000000000000e+00 0.000000000000000000e+00 4.198717948717948789e-01
9.252336448598130758e-01 8.167938931297710203e-01 1.000000000000000000e+00 8.991596638655461327e-01 9.439252336448598069e-01
5.486111111111111605e-01 0.000000000000000000e+00 0.000000000000000000e+00 0.000000000000000000e+00 4.364640883977900510e-01
9.223602484472049889e-01 8.106060606060605522e-01 1.000000000000000000e+00 8.953974895397489586e-01 9.418604651162790775e-01
9.223602484472049889e-01 8.106060606060605522e-01 1.000000000000000000e+00 8.953974895397489586e-01 9.418604651162790775e-01
4.382978723404255539e-01 0.000000000000000000e+00 0.000000000000000000e+00 0.000000000000000000e+00 4.023437500000000000e-01
5.321428571428571397e-01 0.000000000000000000e+00 0.000000000000000000e+00 0.000000000000000000e+00 4.306358381502890520e-01
5.590277777777777901e-01 0.000000000000000000e+00 0.000000000000000000e+00 0.000000000000000000e+00 4.447513812154696433e-01
5.543478260869565410e-01 1.363636363636363535e-01 2.803738317757009310e-02 4.651162790697674354e-02 4.578056738373056933e-01
5.608108108108108558e-01 0.000000000000000000e+00 0.000000000000000000e+00 0.000000000000000000e+00 4.391534391534391846e-01
5.536332179930796293e-01 0.000000000000000000e+00 0.000000000000000000e+00 0.000000000000000000e+00 4.395604395604395531e-01
4.980988593155893374e-01 0.000000000000000000e+00 0.000000000000000000e+00 0.000000000000000000e+00 4.198717948717948789e-01
9.252336448598130758e-01 8.167938931297710203e-01 1.000000000000000000e+00 8.991596638655461327e-01 9.439252336448598069e-01
9.265175718849840703e-01 8.230769230769230393e-01 1.000000000000000000e+00 9.029535864978902593e-01 9.441747572815534228e-01
5.647840531561462152e-01 0.000000000000000000e+00 0.000000000000000000e+00 0.000000000000000000e+00 4.381443298969072142e-01
5.633333333333333526e-01 0.000000000000000000e+00 0.000000000000000000e+00 0.000000000000000000e+00 4.378238341968911929e-01
5.665529010238907759e-01 8.333333333333332871e-02 1.869158878504672758e-02 3.053435114503816328e-02 4.502060094462868034e-01
7.805642633228839777e-01 7.176470588235294157e-01 5.700934579439251859e-01 6.354166666666667407e-01 7.284429553870569451e-01
5.889967637540453049e-01 0.000000000000000000e+00 0.000000000000000000e+00 0.000000000000000000e+00 4.504950495049505066e-01
4.655870445344129638e-01 0.000000000000000000e+00 0.000000000000000000e+00 0.000000000000000000e+00 4.107142857142856984e-01
4.901185770750988158e-01 0.000000000000000000e+00 0.000000000000000000e+00 0.000000000000000000e+00 4.246575342465753744e-01
9.223602484472049889e-01 8.106060606060605522e-01 1.000000000000000000e+00 8.953974895397489586e-01 9.418604651162790775e-01
9.223602484472049889e-01 8.106060606060605522e-01 1.000000000000000000e+00 8.953974895397489586e-01 9.418604651162790775e-01
5.738255033557047025e-01 4.545454545454545581e-02 9.345794392523363789e-03 1.550387596899224611e-02 4.496990752067328012e-01
