5.836065573770491399e-01 0.000000000000000000e+00 0.000000000000000000e+00 0.000000000000000000e+00 4.494949494949495028e-01
9.365079365079365115e-01 8.425196850393700254e-01 1.000000000000000000e+00 9.145299145299145005e-01 9.519230769230769829e-01
4.863813229571984365e-01 0.000000000000000000e+00 0.000000000000000000e+00 0.000000000000000000e+00 4.166666666666666852e-01
6.221498371335505428e-01 3.548387096774193727e-01 1.028037383177570069e-01 1.594202898550724501e-01 5.014018691588784105e-01
5.018867924528301883e-01 0.000000000000000000e+00 0.000000000000000000e+00 0.000000000000000000e+00 4.208860759493671111e-01
5.019607843137254832e-01 0.000000000000000000e+00 0.000000000000000000e+00 0.000000000000000000e+00 4.324324324324324564e-01
5.381679389312976625e-01 3.055555555555555802e-01 1.028037383177570069e-01 1.538461538461538269e-01 4.707567078685558903e-01
8.451612903225806939e-01 7.864077669902912460e-01 7.570093457943924964e-01 7.714285714285714635e-01 8.243174807789697134e-01
5.714285714285713969e-01 0.000000000000000000e+00 0.000000000000000000e+00 0.000000000000000000e+00 4.491978609625668639e-01
6.105263157894736947e-01 4.375000000000000000e-01 1.308411214953270896e-01 2.014388489208632782e-01 5.148587629948545574e-01
6.258064516129032695e-01 3.548387096774193727e-01 1.028037383177570069e-01 1.594202898550724501e-01 5.021407854150361505e-01
6.211604095563140193e-01 4.444444444444444198e-01 1.495327102803738206e-01 2.237762237762237760e-01 5.210029142799719182e-01
5.454545454545454142e-01 0.000000000000000000e+00 0.000000000000000000e+00 0.000000000000000000e+00 4.357541899441340627e-01
5.384615384615384359e-01 0.000000000000000000e+00 0.000000000000000000e+00 0.000000000000000000e+00 4.301675977653631189e-01
9.223602484472049889e-01 8.106060606060605522e-01 1.000000000000000000e+00 8.953974895397489586e-01 9.418604651162790775e-01
6.131147540983606925e-01 3.333333333333333148e-01 1.028037383177570069e-01 1.571428571428571397e-01 4.958463136033228746e-01
5.150375939849624052e-01 0.000000000000000000e+00 0.000000000000000000e+00 0.000000000000000000e+00 4.308176100628930971e-01
5.409252669039146255e-01 0.000000000000000000e+00 0.000000000000000000e+00 0.000000000000000000e+00 4.367816091954023205e-01
5.419580419580419806e-01 0.000000000000000000e+00 0.000000000000000000e+00 0.000000000000000000e+00 4.329608938547486185e-01
5.825242718446601575e-01 0.000000000000000000e+00 0.000000000000000000e+00 0.000000000000000000e+00 4.455445544554455517e-01
9.339622641509434109e-01 8.359375000000000000e-01 1.000000000000000000e+00 9.106382978723404076e-01 9.502369668246445356e-01
5.319148936170212671e-01 0.000000000000000000e+00 0.000000000000000000e+00 0.000000000000000000e+00 4.285714285714286031e-01
5.633333333333333526e-01 0.000000000000000000e+00 0.000000000000000000e+00 0.000000000000000000e+00 4.378238341968911929e-01
5.828025477707006186e-01 0.000000000000000000e+00 0.000000000000000000e+00 0.000000000000000000e+00 4.420289855072463969e-01
5.384615384615384359e-01 0.000000000000000000e+00 0.000000000000000000e+00 0.000000000000000000e+00 4.301675977653631189e-01
9.223602484472049889e-01 8.106060606060605522e-01 1.000000000000000000e+00 8.953974895397489586e-01 9.418604651162790775e-01
5.923344947735191823e-01 3.529411764705882582e-01 1.121495327102803724e-01 1.702127659574468044e-01 4.949636552440290771e-01
6.307189542483659928e-01 4.210526315789473450e-01 1.495327102803738206e-01 2.206896551724137900e-01 5.194899732306391682e-01
5.540069686411149830e-01 0.000000000000000000e+00 0.000000000000000000e+00 0.000000000000000000e+00 4.416666666666666519e-01
5.000000000000000000e-01 0.000000000000000000e+00 0.000000000000000000e+00 0.000000000000000000e+00 4.203821656050955591e-01
5.604026845637584131e-01 0.000000000000000000e+00 0.000000000000000000e+00 0.000000000000000000e+00 4.371727748691099369e-01
4.777327935222672184e-01 0.000000000000000000e+00 0.000000000000000000e+00 0.000000000000000000e+00 4.214285714285714302e-01
9.099678456591639986e-01 8.434782608695652328e-01 9.065420560747663448e-01 8.738738738738738299e-01 9.091533809785596887e-01
6.558441558441558961e-01 5.111111111111110716e-01 2.149532710280373793e-01 3.026315789473684181e-01 5.527502673548146950e-01
6.601941747572815933e-01 5.227272727272727071e-01 2.149532710280373793e-01 3.046357615894039750e-01 5.554964374942166216e-01
5.037593984962406291e-01 0.000000000000000000e+00 0.000000000000000000e+00 0.000000000000000000e+00 4.213836477987421558e-01
5.646258503401360151e-01 8.000000000000000167e-02 1.869158878504672758e-02 3.030303030303030040e-02 4.478484681893147856e-01
