8.957654723127035368e-01 7.697841726618704916e-01 1.000000000000000000e+00 8.699186991869918284e-01 9.199999999999999289e-01
7.269624573378840049e-01 7.142857142857143016e-01 4.205607476635513930e-01 5.294117647058823595e-01 6.618932770575820523e-01
5.350318471337579540e-01 0.000000000000000000e+00 0.000000000000000000e+00 0.000000000000000000e+00 4.057971014492753881e-01
5.350318471337579540e-01 0.000000000000000000e+00 0.000000000000000000e+00 0.000000000000000000e+00 4.057971014492753881e-01
5.382165605095541316e-01 2.500000000000000139e-02 9.345794392523363789e-03 1.360544217687074606e-02 4.104699986455370153e-01
6.950354609929078054e-01 8.000000000000000444e-01 2.616822429906541791e-01 3.943661971830985102e-01 6.108411214953270996e-01
7.227722772277227481e-01 6.455696202531645556e-01 4.766355140186915862e-01 5.483870967741935054e-01 6.668891855807743685e-01
5.350318471337579540e-01 0.000000000000000000e+00 0.000000000000000000e+00 0.000000000000000000e+00 4.057971014492753881e-01
5.847750865051902780e-01 6.666666666666666574e-02 9.345794392523363789e-03 1.639344262295081706e-02 4.662113587347231913e-01
5.350318471337579540e-01 0.000000000000000000e+00 0.000000000000000000e+00 0.000000000000000000e+00 4.057971014492753881e-01
5.350318471337579540e-01 0.000000000000000000e+00 0.000000000000000000e+00 0.000000000000000000e+00 4.057971014492753881e-01
5.350318471337579540e-01 0.000000000000000000e+00 0.000000000000000000e+00 0.000000000000000000e+00 4.057971014492753881e-01
8.757961783439490722e-01 7.328767123287671659e-01 1.000000000000000000e+00 8.458498023715415037e-01 9.057971014492753881e-01
5.816993464052288010e-01 2.439024390243902385e-01 9.345794392523364136e-02 1.351351351351351149e-01 4.688395247264359189e-01
5.350318471337579540e-01 0.000000000000000000e+00 0.000000000000000000e+00 0.000000000000000000e+00 4.057971014492753881e-01
8.928571428571429047e-01 7.642857142857142350e-01 1.000000000000000000e+00 8.663967611336031993e-01 9.179104477611940149e-01
8.957654723127035368e-01 7.697841726618704916e-01 1.000000000000000000e+00 8.699186991869918284e-01 9.199999999999999289e-01
5.350318471337579540e-01 0.000000000000000000e+00 0.000000000000000000e+00 0.000000000000000000e+00 4.057971014492753881e-01
6.339869281045751315e-01 4.561403508771929571e-01 2.429906542056074759e-01 3.170731707317072656e-01 5.436058798666227876e-01
5.522875816993464415e-01 3.125000000000000000e-02 9.345794392523363789e-03 1.438848920863309254e-02 4.267834499600807185e-01
8.870967741935483764e-01 7.535211267605633756e-01 1.000000000000000000e+00 8.594377510040159818e-01 9.137931034482758008e-01
5.350318471337579540e-01 0.000000000000000000e+00 0.000000000000000000e+00 0.000000000000000000e+00 4.057971014492753881e-01
5.350318471337579540e-01 0.000000000000000000e+00 0.000000000000000000e+00 0.000000000000000000e+00 4.057971014492753881e-01
5.350318471337579540e-01 0.000000000000000000e+00 0.000000000000000000e+00 0.000000000000000000e+00 4.057971014492753881e-01
5.816993464052288010e-01 2.439024390243902385e-01 9.345794392523364136e-02 1.351351351351351149e-01 4.688395247264359189e-01
5.350318471337579540e-01 0.000000000000000000e+00 0.000000000000000000e+00 0.000000000000000000e+00 4.057971014492753881e-01
5.350318471337579540e-01 0.000000000000000000e+00 0.000000000000000000e+00 0.000000000000000000e+00 4.057971014492753881e-01
5.350318471337579540e-01 0.000000000000000000e+00 0.000000000000000000e+00 0.000000000000000000e+00 4.057971014492753881e-01
5.350318471337579540e-01 0.000000000000000000e+00 0.000000000000000000e+00 0.000000000000000000e+00 4.057971014492753881e-01
8.757961783439490722e-01 7.328767123287671659e-01 1.000000000000000000e+00 8.458498023715415037e-01 9.057971014492753881e-01
5.350318471337579540e-01 0.000000000000000000e+00 0.000000000000000000e+00 0.000000000000000000e+00 4.057971014492753881e-01
5.350318471337579540e-01 0.000000000000000000e+00 0.000000000000000000e+00 0.000000000000000000e+00 4.057971014492753881e-01
5.350318471337579540e-01 0.000000000000000000e+00 0.000000000000000000e+00 0.000000000000000000e+00 4.057971014492753881e-01
8.675078864353312769e-01 7.181208053691274795e-01 1.000000000000000000e+00 8.359375000000000000e-01 9.000000000000000222e-01
5.350318471337579540e-01 0.000000000000000000e+00 0.000000000000000000e+00 0.000000000000000000e+00 4.057971014492753881e-01
8.675078864353312769e-01 7.181208053691274795e-01 1.000000000000000000e+00 8.359375000000000000e-01 9.000000000000000222e-01
6.678200692041522668e-01 6.410256410256410797e-01 2.336448598130841103e-01 3.424657534246575152e-01 5.783608914450036886e-01
