5.469255663430421244e-01 2.857142857142857054e-02 9.345794392523363789e-03 1.408450704225351971e-02 4.205144813546774496e-01
8.566978193146417286e-01 6.993464052287581278e-01 1.000000000000000000e+00 8.230769230769230393e-01 8.925233644859812410e-01
5.633333333333333526e-01 3.846153846153846367e-02 9.345794392523363789e-03 1.503759398496240518e-02 4.399060578180233327e-01
5.570032573289902533e-01 8.571428571428571508e-02 2.803738317757009310e-02 4.225352112676056260e-02 4.340186915887850327e-01
5.350318471337579540e-01 0.000000000000000000e+00 0.000000000000000000e+00 0.000000000000000000e+00 4.057971014492753881e-01
7.854785478547854360e-01 7.142857142857143016e-01 6.542056074766354756e-01 6.829268292682927344e-01 7.556742323097462855e-01
9.046052631578946901e-01 7.867647058823529216e-01 1.000000000000000000e+00 8.806584362139917577e-01 9.263959390862943621e-01
5.350318471337579540e-01 0.000000000000000000e+00 0.000000000000000000e+00 0.000000000000000000e+00 4.057971014492753881e-01
9.353741496598639849e-01 8.492063492063491870e-01 1.000000000000000000e+00 9.184549356223175032e-01 9.491978609625668639e-01
5.802047781569965590e-01 1.000000000000000056e-01 1.869158878504672758e-02 3.149606299212597688e-02 4.609586976183298046e-01
5.577557755775577331e-01 3.448275862068965469e-02 9.345794392523363789e-03 1.470588235294117453e-02 4.332443257676902304e-01
6.449511400651465332e-01 4.838709677419354982e-01 2.803738317757009102e-01 3.550295857988165493e-01 5.601869158878505228e-01
5.382165605095541316e-01 2.500000000000000139e-02 9.345794392523363789e-03 1.360544217687074606e-02 4.104699986455370153e-01
5.350318471337579540e-01 0.000000000000000000e+00 0.000000000000000000e+00 0.000000000000000000e+00 4.057971014492753881e-01
8.730158730158730229e-01 7.278911564625850650e-01 1.000000000000000000e+00 8.425196850393700254e-01 9.038461538461538547e-01
6.831683168316832200e-01 5.820895522388059851e-01 3.644859813084111999e-01 4.482758620689654694e-01 6.108144192256341753e-01
5.350318471337579540e-01 0.000000000000000000e+00 0.000000000000000000e+00 0.000000000000000000e+00 4.057971014492753881e-01
5.350318471337579540e-01 0.000000000000000000e+00 0.000000000000000000e+00 0.000000000000000000e+00 4.057971014492753881e-01
5.350318471337579540e-01 0.000000000000000000e+00 0.000000000000000000e+00 0.000000000000000000e+00 4.057971014492753881e-01
8.928571428571429047e-01 7.642857142857142350e-01 1.000000000000000000e+00 8.663967611336031993e-01 9.179104477611940149e-01
8.730158730158730229e-01 7.278911564625850650e-01 1.000000000000000000e+00 8.425196850393700254e-01 9.038461538461538547e-01
5.350318471337579540e-01 0.000000000000000000e+00 0.000000000000000000e+00 0.000000000000000000e+00 4.057971014492753881e-01
5.350318471337579540e-01 0.000000000000000000e+00 0.000000000000000000e+00 0.000000000000000000e+00 4.057971014492753881e-01
8.757961783439490722e-01 7.328767123287671659e-01 1.000000000000000000e+00 8.458498023715415037e-01 9.057971014492753881e-01
5.350318471337579540e-01 0.000000000000000000e+00 0.000000000000000000e+00 0.000000000000000000e+00 4.057971014492753881e-01
8.730158730158730229e-01 7.278911564625850650e-01 1.000000000000000000e+00 8.425196850393700254e-01 9.038461538461538547e-01
5.350318471337579540e-01 0.000000000000000000e+00 0.000000000000000000e+00 0.000000000000000000e+00 4.057971014492753881e-01
5.350318471337579540e-01 0.000000000000000000e+00 0.000000000000000000e+00 0.000000000000000000e+00 4.057971014492753881e-01
5.350318471337579540e-01 0.000000000000000000e+00 0.000000000000000000e+00 0.000000000000000000e+00 4.057971014492753881e-01
5.350318471337579540e-01 0.000000000000000000e+00 0.000000000000000000e+00 0.000000000000000000e+00 4.057971014492753881e-01
5.350318471337579540e-01 0.000000000000000000e+00 0.000000000000000000e+00 0.000000000000000000e+00 4.057971014492753881e-01
5.808580858085808929e-01 2.222222222222222099e-01 7.476635514018691031e-02 1.118881118881118880e-01 4.659546061415220652e-01
8.957654723127035368e-01 7.697841726618704916e-01 1.000000000000000000e+00 8.699186991869918284e-01 9.199999999999999289e-01
5.487012987012986898e-01 2.941176470588235253e-02 9.345794392523363789e-03 1.418439716312056530e-02 4.225833449574556977e-01
7.227722772277227481e-01 6.455696202531645556e-01 4.766355140186915862e-01 5.483870967741935054e-01 6.668891855807743685e-01
5.504885993485342244e-01 3.030303030303030387e-02 9.345794392523363789e-03 1.428571428571428353e-02 4.246728971962616117e-01
5.350318471337579540e-01 0.000000000000000000e+00 0.000000000000000000e+00 0.000000000000000000e+00 4.057971014492753881e-01
