5.350318471337579540e-01 0.000000000000000000e+00 0.000000000000000000e+00 0.000000000000000000e+00 4.057971014492753881e-01
5.350318471337579540e-01 0.000000000000000000e+00 0.000000000000000000e+00 0.000000000000000000e+00 4.057971014492753881e-01
5.350318471337579540e-01 0.000000000000000000e+00 0.000000000000000000e+00 0.000000000000000000e+00 4.057971014492753881e-01
8.870967741935483764e-01 7.535211267605633756e-01 1.000000000000000000e+00 8.594377510040159818e-01 9.137931034482758008e-01
8.869863013698630061e-01 8.425925925925925597e-01 8.504672897196261516e-01 8.465116279069766492e-01 8.792876989138671551e-01
9.046052631578946901e-01 7.867647058823529216e-01 1.000000000000000000e+00 8.806584362139917577e-01 9.263959390862943621e-01
9.353741496598639849e-01 8.492063492063491870e-01 1.000000000000000000e+00 9.184549356223175032e-01 9.491978609625668639e-01
5.350318471337579540e-01 0.000000000000000000e+00 0.000000000000000000e+00 0.000000000000000000e+00 4.057971014492753881e-01
5.350318471337579540e-01 0.000000000000000000e+00 0.000000000000000000e+00 0.000000000000000000e+00 4.057971014492753881e-01
5.588235294117647189e-01 8.823529411764706454e-02 2.803738317757009310e-02 4.255319148936170109e-02 4.361292443526040841e-01
5.350318471337579540e-01 0.000000000000000000e+00 0.000000000000000000e+00 0.000000000000000000e+00 4.057971014492753881e-01
6.775244299674266779e-01 5.555555555555555802e-01 3.738317757009345654e-01 4.469273743016759504e-01 6.069158878504673504e-01
5.350318471337579540e-01 0.000000000000000000e+00 0.000000000000000000e+00 0.000000000000000000e+00 4.057971014492753881e-01
7.654723127035830688e-01 6.767676767676767957e-01 6.261682242990653791e-01 6.504854368932038167e-01 7.330841121495327295e-01
8.957654723127035368e-01 7.697841726618704916e-01 1.000000000000000000e+00 8.699186991869918284e-01 9.199999999999999289e-01
5.350318471337579540e-01 0.000000000000000000e+00 0.000000000000000000e+00 0.000000000000000000e+00 4.057971014492753881e-01
8.593750000000000000e-01 7.039473684210526550e-01 1.000000000000000000e+00 8.262548262548262690e-01 8.943661971830986213e-01
8.256578947368421462e-01 7.410714285714286031e-01 7.757009345794392274e-01 7.579908675799087447e-01 8.142464063760139759e-01
5.350318471337579540e-01 0.000000000000000000e+00 0.000000000000000000e+00 0.000000000000000000e+00 4.057971014492753881e-01
5.350318471337579540e-01 0.000000000000000000e+00 0.000000000000000000e+00 0.000000000000000000e+00 4.057971014492753881e-01
5.610561056105610733e-01 6.666666666666666574e-02 1.869158878504672758e-02 2.919708029197079849e-02 4.379172229639519687e-01
8.566878980891720063e-01 7.214285714285714191e-01 9.439252336448598069e-01 8.178137651821862919e-01 8.777597182717052915e-01
5.350318471337579540e-01 0.000000000000000000e+00 0.000000000000000000e+00 0.000000000000000000e+00 4.057971014492753881e-01
5.382165605095541316e-01 2.500000000000000139e-02 9.345794392523363789e-03 1.360544217687074606e-02 4.104699986455370153e-01
7.654723127035830688e-01 6.767676767676767957e-01 6.261682242990653791e-01 6.504854368932038167e-01 7.330841121495327295e-01
8.957654723127035368e-01 7.697841726618704916e-01 1.000000000000000000e+00 8.699186991869918284e-01 9.199999999999999289e-01
7.575757575757575690e-01 7.215189873417721111e-01 5.327102803738317238e-01 6.129032258064515126e-01 7.084604033448106408e-01
5.469255663430421244e-01 2.857142857142857054e-02 9.345794392523363789e-03 1.408450704225351971e-02 4.205144813546774496e-01
5.676567656765676428e-01 1.250000000000000000e-01 3.738317757009345516e-02 5.755395683453237016e-02 4.472630173564753342e-01
6.336633663366336711e-01 4.615384615384615641e-01 2.242990654205607448e-01 3.018867924528301772e-01 5.407209612817089894e-01
5.625000000000000000e-01 9.375000000000000000e-02 2.803738317757009310e-02 4.316546762589927588e-02 4.404146306750794104e-01
8.757961783439490722e-01 7.328767123287671659e-01 1.000000000000000000e+00 8.458498023715415037e-01 9.057971014492753881e-01
5.350318471337579540e-01 0.000000000000000000e+00 0.000000000000000000e+00 0.000000000000000000e+00 4.057971014492753881e-01
8.957654723127035368e-01 7.697841726618704916e-01 1.000000000000000000e+00 8.699186991869918284e-01 9.199999999999999289e-01
8.566978193146417286e-01 6.993464052287581278e-01 1.000000000000000000e+00 8.230769230769230393e-01 8.925233644859812410e-01
8.593750000000000000e-01 7.039473684210526550e-01 1.000000000000000000e+00 8.262548262548262690e-01 8.943661971830986213e-01
5.350318471337579540e-01 0.000000000000000000e+00 0.000000000000000000e+00 0.000000000000000000e+00 4.057971014492753881e-01
