5.636942675159235527e-01 0.000000000000000000e+00 0.000000000000000000e+00 0.000000000000000000e+00 4.275362318840579823e-01
9.220779220779220520e-01 8.167938931297710203e-01 1.000000000000000000e+00 8.991596638655461327e-01 9.402985074626865059e-01
8.461538461538461453e-01 8.351648351648351953e-01 7.102803738317756688e-01 7.676767676767676241e-01 8.160776869158878899e-01
6.366666666666667140e-01 4.666666666666666741e-01 1.308411214953270896e-01 2.043795620437955929e-01 5.239697835455910946e-01
5.636942675159235527e-01 0.000000000000000000e+00 0.000000000000000000e+00 0.000000000000000000e+00 4.275362318840579823e-01
5.940594059405940319e-01 1.363636363636363535e-01 2.803738317757009310e-02 4.651162790697674354e-02 4.655493038336829814e-01
7.041800643086816303e-01 6.086956521739130821e-01 3.925233644859812965e-01 4.772727272727272374e-01 6.300852116547553949e-01
5.636942675159235527e-01 0.000000000000000000e+00 0.000000000000000000e+00 0.000000000000000000e+00 4.275362318840579823e-01
9.250814332247556671e-01 8.230769230769230393e-01 1.000000000000000000e+00 9.029535864978902593e-01 9.425000000000000044e-01
8.691275167785235123e-01 8.541666666666666297e-01 7.663551401869158619e-01 8.078817733990147909e-01 8.465283554337720284e-01
5.723472668810289932e-01 3.571428571428571230e-02 9.345794392523363789e-03 1.481481481481481191e-02 4.384964266080264017e-01
9.463087248322147316e-01 8.823529411764705621e-01 9.813084112149532690e-01 9.292035398230087395e-01 9.540049909477907875e-01
5.700636942675159080e-01 6.250000000000000000e-02 1.869158878504672758e-02 2.877697841726618508e-02 4.368820262765813478e-01
5.874587458745874624e-01 5.000000000000000278e-02 9.345794392523363789e-03 1.574803149606298844e-02 4.562035094411596159e-01
9.015873015873016039e-01 7.753623188405797118e-01 1.000000000000000000e+00 8.734693877551020780e-01 9.254807692307691624e-01
6.045016077170417557e-01 2.894736842105263275e-01 1.028037383177570069e-01 1.517241379310344807e-01 4.852253985706431738e-01
5.636942675159235527e-01 0.000000000000000000e+00 0.000000000000000000e+00 0.000000000000000000e+00 4.275362318840579823e-01
5.888157894736841813e-01 9.090909090909091161e-02 1.869158878504672758e-02 3.100775193798449222e-02 4.585843730727264256e-01
5.779220779220779480e-01 4.000000000000000083e-02 9.345794392523363789e-03 1.515151515151515020e-02 4.449714046589481886e-01
9.250814332247556671e-01 8.230769230769230393e-01 1.000000000000000000e+00 9.029535864978902593e-01 9.425000000000000044e-01
9.102564102564102422e-01 7.925925925925926263e-01 1.000000000000000000e+00 8.842975206611569661e-01 9.317073170731706711e-01
5.636942675159235527e-01 0.000000000000000000e+00 0.000000000000000000e+00 0.000000000000000000e+00 4.275362318840579823e-01
5.636942675159235527e-01 0.000000000000000000e+00 0.000000000000000000e+00 0.000000000000000000e+00 4.275362318840579823e-01
9.044585987261146709e-01 7.810218978102190235e-01 1.000000000000000000e+00 8.770491803278688270e-01 9.275362318840579823e-01
5.874587458745874624e-01 5.000000000000000278e-02 9.345794392523363789e-03 1.574803149606298844e-02 4.562035094411596159e-01
9.015873015873016039e-01 7.753623188405797118e-01 1.000000000000000000e+00 8.734693877551020780e-01 9.254807692307691624e-01
5.705128205128204844e-01 3.448275862068965469e-02 9.345794392523363789e-03 1.470588235294117453e-02 4.363802142694323538e-01
5.636942675159235527e-01 0.000000000000000000e+00 0.000000000000000000e+00 0.000000000000000000e+00 4.275362318840579823e-01
5.636942675159235527e-01 0.000000000000000000e+00 0.000000000000000000e+00 0.000000000000000000e+00 4.275362318840579823e-01
5.636942675159235527e-01 0.000000000000000000e+00 0.000000000000000000e+00 0.000000000000000000e+00 4.275362318840579823e-01
5.855263157894736725e-01 4.761904761904761640e-02 9.345794392523363789e-03 1.562499999999999827e-02 4.539114758764646873e-01
5.855263157894736725e-01 4.761904761904761640e-02 9.345794392523363789e-03 1.562499999999999827e-02 4.539114758764646873e-01
9.161290322580645240e-01 8.045112781954887327e-01 1.000000000000000000e+00 8.916666666666667185e-01 9.359605911330048933e-01
6.245614035087719840e-01 5.000000000000000000e-01 9.345794392523363789e-03 1.834862385321100672e-02 5.018639084322167321e-01
6.051779935275081179e-01 2.857142857142856984e-01 9.345794392523364136e-02 1.408450704225351902e-01 4.848477838438049470e-01
5.779220779220779480e-01 4.000000000000000083e-02 9.345794392523363789e-03 1.515151515151515020e-02 4.449714046589481886e-01
5.705128205128204844e-01 3.448275862068965469e-02 9.345794392523363789e-03 1.470588235294117453e-02 4.363802142694323538e-01
