5.636942675159235527e-01 0.000000000000000000e+00 0.000000000000000000e+00 0.000000000000000000e+00 4.275362318840579823e-01
5.636942675159235527e-01 0.000000000000000000e+00 0.000000000000000000e+00 0.000000000000000000e+00 4.275362318840579823e-01
5.855263157894736725e-01 4.761904761904761640e-02 9.345794392523363789e-03 1.562499999999999827e-02 4.539114758764646873e-01
9.015873015873016039e-01 7.753623188405797118e-01 1.000000000000000000e+00 8.734693877551020780e-01 9.254807692307691624e-01
9.250814332247556671e-01 8.230769230769230393e-01 1.000000000000000000e+00 9.029535864978902593e-01 9.425000000000000044e-01
9.250814332247556671e-01 8.230769230769230393e-01 1.000000000000000000e+00 9.029535864978902593e-01 9.425000000000000044e-01
9.403973509933775121e-01 8.559999999999999831e-01 1.000000000000000000e+00 9.224137931034482873e-01 9.538461538461537881e-01
5.855263157894736725e-01 4.761904761904761640e-02 9.345794392523363789e-03 1.562499999999999827e-02 4.539114758764646873e-01
5.636942675159235527e-01 0.000000000000000000e+00 0.000000000000000000e+00 0.000000000000000000e+00 4.275362318840579823e-01
5.855263157894736725e-01 4.761904761904761640e-02 9.345794392523363789e-03 1.562499999999999827e-02 4.539114758764646873e-01
5.636942675159235527e-01 0.000000000000000000e+00 0.000000000000000000e+00 0.000000000000000000e+00 4.275362318840579823e-01
6.900958466453673834e-01 5.735294117647058432e-01 3.644859813084111999e-01 4.457142857142857295e-01 6.118546411396424967e-01
5.779220779220779480e-01 4.000000000000000083e-02 9.345794392523363789e-03 1.515151515151515020e-02 4.449714046589481886e-01
7.843137254901960675e-01 7.411764705882353255e-01 5.887850467289719170e-01 6.562500000000000000e-01 7.391161414549382025e-01
9.190938511326860461e-01 8.106060606060605522e-01 1.000000000000000000e+00 8.953974895397489586e-01 9.381188118811880639e-01
5.705128205128204844e-01 3.448275862068965469e-02 9.345794392523363789e-03 1.470588235294117453e-02 4.363802142694323538e-01
8.958990536277602335e-01 7.642857142857142350e-01 1.000000000000000000e+00 8.663967611336031993e-01 9.214285714285714857e-01
8.627450980392157298e-01 7.981651376146788879e-01 8.130841121495326895e-01 8.055555555555555802e-01 8.512656741652185888e-01
5.636942675159235527e-01 0.000000000000000000e+00 0.000000000000000000e+00 0.000000000000000000e+00 4.275362318840579823e-01
5.636942675159235527e-01 0.000000000000000000e+00 0.000000000000000000e+00 0.000000000000000000e+00 4.275362318840579823e-01
5.636942675159235527e-01 0.000000000000000000e+00 0.000000000000000000e+00 0.000000000000000000e+00 4.275362318840579823e-01
8.534201954397394596e-01 7.870370370370370905e-01 7.943925233644859585e-01 7.906976744186047235e-01 8.396962616822429837e-01
5.636942675159235527e-01 0.000000000000000000e+00 0.000000000000000000e+00 0.000000000000000000e+00 4.275362318840579823e-01
5.723472668810289932e-01 3.571428571428571230e-02 9.345794392523363789e-03 1.481481481481481191e-02 4.384964266080264017e-01
7.843137254901960675e-01 7.411764705882353255e-01 5.887850467289719170e-01 6.562500000000000000e-01 7.391161414549382025e-01
9.190938511326860461e-01 8.106060606060605522e-01 1.000000000000000000e+00 8.953974895397489586e-01 9.381188118811880639e-01
6.581469648562300323e-01 5.000000000000000000e-01 2.710280373831775447e-01 3.515151515151515027e-01 5.651256691770256690e-01
5.779220779220779480e-01 4.000000000000000083e-02 9.345794392523363789e-03 1.515151515151515020e-02 4.449714046589481886e-01
5.769230769230768718e-01 9.677419354838709409e-02 2.803738317757009310e-02 4.347826086956521618e-02 4.457260086619557193e-01
5.636942675159235527e-01 0.000000000000000000e+00 0.000000000000000000e+00 0.000000000000000000e+00 4.275362318840579823e-01
5.723472668810289932e-01 3.571428571428571230e-02 9.345794392523363789e-03 1.481481481481481191e-02 4.384964266080264017e-01
9.015873015873016039e-01 7.753623188405797118e-01 1.000000000000000000e+00 8.734693877551020780e-01 9.254807692307691624e-01
5.855263157894736725e-01 4.761904761904761640e-02 9.345794392523363789e-03 1.562499999999999827e-02 4.539114758764646873e-01
9.281045751633987262e-01 8.294573643410853014e-01 1.000000000000000000e+00 9.067796610169490679e-01 9.447236180904522440e-01
8.847352024922118252e-01 7.430555555555555802e-01 1.000000000000000000e+00 8.525896414342629681e-01 9.135514018691589522e-01
9.102564102564102422e-01 7.925925925925926263e-01 1.000000000000000000e+00 8.842975206611569661e-01 9.317073170731706711e-01
5.779220779220779480e-01 4.000000000000000083e-02 9.345794392523363789e-03 1.515151515151515020e-02 4.449714046589481886e-01
