9.250814332247556671e-01 8.230769230769230393e-01 1.000000000000000000e+00 9.029535864978902593e-01 9.425000000000000044e-01
8.496503496503496899e-01 9.705882352941176405e-01 6.168224299065420135e-01 7.542857142857143371e-01 8.028246227745000629e-01
5.836065573770491399e-01 4.545454545454545581e-02 9.345794392523363789e-03 1.550387596899224611e-02 4.516425941659585885e-01
5.636942675159235527e-01 0.000000000000000000e+00 0.000000000000000000e+00 0.000000000000000000e+00 4.275362318840579823e-01
5.855263157894736725e-01 4.761904761904761640e-02 9.345794392523363789e-03 1.562499999999999827e-02 4.539114758764646873e-01
6.845637583892617561e-01 6.585365853658536883e-01 2.523364485981308136e-01 3.648648648648648019e-01 5.895190096393795320e-01
6.045016077170417557e-01 2.894736842105263275e-01 1.028037383177570069e-01 1.517241379310344807e-01 4.852253985706431738e-01
5.779220779220779480e-01 4.000000000000000083e-02 9.345794392523363789e-03 1.515151515151515020e-02 4.449714046589481886e-01
6.868686868686868507e-01 6.750000000000000444e-01 2.523364485981308136e-01 3.673469387755101678e-01 5.919576979832759100e-01
5.874587458745874624e-01 5.000000000000000278e-02 9.345794392523363789e-03 1.574803149606298844e-02 4.562035094411596159e-01
5.636942675159235527e-01 0.000000000000000000e+00 0.000000000000000000e+00 0.000000000000000000e+00 4.275362318840579823e-01
5.636942675159235527e-01 0.000000000000000000e+00 0.000000000000000000e+00 0.000000000000000000e+00 4.275362318840579823e-01
9.190938511326860461e-01 8.106060606060605522e-01 1.000000000000000000e+00 8.953974895397489586e-01 9.381188118811880639e-01
5.732484076433120856e-01 9.090909090909091161e-02 2.803738317757009310e-02 4.285714285714285754e-02 4.415549234728429751e-01
5.636942675159235527e-01 0.000000000000000000e+00 0.000000000000000000e+00 0.000000000000000000e+00 4.275362318840579823e-01
9.015873015873016039e-01 7.753623188405797118e-01 1.000000000000000000e+00 8.734693877551020780e-01 9.254807692307691624e-01
9.372937293729373120e-01 8.492063492063491870e-01 1.000000000000000000e+00 9.184549356223175032e-01 9.515306122448979886e-01
5.636942675159235527e-01 0.000000000000000000e+00 0.000000000000000000e+00 0.000000000000000000e+00 4.275362318840579823e-01
6.271186440677966045e-01 4.210526315789473450e-01 7.476635514018691031e-02 1.269841269841269771e-01 5.081278584211572635e-01
5.993265993265993741e-01 7.142857142857142461e-02 9.345794392523363789e-03 1.652892561983470773e-02 4.704623708804721582e-01
8.958990536277602335e-01 7.642857142857142350e-01 1.000000000000000000e+00 8.663967611336031993e-01 9.214285714285714857e-01
5.921052631578946901e-01 1.304347826086956486e-01 2.803738317757009310e-02 4.615384615384614947e-02 4.632572702689880528e-01
5.636942675159235527e-01 0.000000000000000000e+00 0.000000000000000000e+00 0.000000000000000000e+00 4.275362318840579823e-01
5.779220779220779480e-01 4.000000000000000083e-02 9.345794392523363789e-03 1.515151515151515020e-02 4.449714046589481886e-01
5.732484076433120856e-01 9.090909090909091161e-02 2.803738317757009310e-02 4.285714285714285754e-02 4.415549234728429751e-01
5.636942675159235527e-01 0.000000000000000000e+00 0.000000000000000000e+00 0.000000000000000000e+00 4.275362318840579823e-01
5.636942675159235527e-01 0.000000000000000000e+00 0.000000000000000000e+00 0.000000000000000000e+00 4.275362318840579823e-01
5.636942675159235527e-01 0.000000000000000000e+00 0.000000000000000000e+00 0.000000000000000000e+00 4.275362318840579823e-01
5.636942675159235527e-01 0.000000000000000000e+00 0.000000000000000000e+00 0.000000000000000000e+00 4.275362318840579823e-01
8.860759493670885556e-01 7.629629629629629539e-01 9.626168224299065379e-01 8.512396694214875437e-01 9.047533872915083375e-01
5.636942675159235527e-01 0.000000000000000000e+00 0.000000000000000000e+00 0.000000000000000000e+00 4.275362318840579823e-01
5.855263157894736725e-01 4.761904761904761640e-02 9.345794392523363789e-03 1.562499999999999827e-02 4.539114758764646873e-01
5.894039735099337873e-01 5.263157894736841813e-02 9.345794392523363789e-03 1.587301587301587213e-02 4.585190510424154708e-01
8.958990536277602335e-01 7.642857142857142350e-01 1.000000000000000000e+00 8.663967611336031993e-01 9.214285714285714857e-01
5.844155844155843882e-01 1.111111111111111049e-01 2.803738317757009310e-02 4.477611940298507204e-02 4.543171990514715541e-01
8.958990536277602335e-01 7.642857142857142350e-01 1.000000000000000000e+00 8.663967611336031993e-01 9.214285714285714857e-01
6.589403973509934120e-01 5.500000000000000444e-01 2.056074766355140138e-01 2.993197278911564618e-01 5.566498921639108088e-01
