6.074766355140186480e-01 0.000000000000000000e+00 0.000000000000000000e+00 0.000000000000000000e+00 4.556074766355140415e-01
5.999999999999999778e-01 3.200000000000000067e-01 7.476635514018691031e-02 1.212121212121212016e-01 4.909350901383994770e-01
9.376947040498442298e-01 8.536585365853658347e-01 9.813084112149532690e-01 9.130434782608695121e-01 9.485981308411215451e-01
5.457875457875457359e-01 0.000000000000000000e+00 0.000000000000000000e+00 0.000000000000000000e+00 4.487951807228915957e-01
5.709342560553632984e-01 0.000000000000000000e+00 0.000000000000000000e+00 0.000000000000000000e+00 4.532967032967032961e-01
8.885245901639344801e-01 8.476190476190476053e-01 8.317757009345794206e-01 8.396226415094339979e-01 8.754838100632493791e-01
9.148264984227129082e-01 8.636363636363636465e-01 8.878504672897196137e-01 8.755760368663594306e-01 9.082109479305742195e-01
6.271777003484320101e-01 5.000000000000000000e-01 1.401869158878504551e-01 2.189781021897810043e-01 5.284267912772585563e-01
6.334405144694533751e-01 3.793103448275861878e-01 1.028037383177570069e-01 1.617647058823529493e-01 5.072842221000548601e-01
5.555555555555555802e-01 0.000000000000000000e+00 0.000000000000000000e+00 0.000000000000000000e+00 4.505813953488372325e-01
5.333333333333333259e-01 0.000000000000000000e+00 0.000000000000000000e+00 0.000000000000000000e+00 4.417177914110429482e-01
5.483870967741935054e-01 0.000000000000000000e+00 0.000000000000000000e+00 0.000000000000000000e+00 4.447674418604651292e-01
8.870431893687708014e-01 9.010989010989011172e-01 7.663551401869158619e-01 8.282828282828282873e-01 8.599816938047980530e-01
5.922330097087378231e-01 0.000000000000000000e+00 0.000000000000000000e+00 0.000000000000000000e+00 4.529702970297029840e-01
5.655172413793103647e-01 0.000000000000000000e+00 0.000000000000000000e+00 0.000000000000000000e+00 4.480874316939890689e-01
9.316770186335403547e-01 8.455284552845528934e-01 9.719626168224299034e-01 9.043478260869565188e-01 9.417952618995871772e-01
6.329966329966330019e-01 4.583333333333333148e-01 1.028037383177570069e-01 1.679389312977099258e-01 5.171913428430889859e-01
6.417445482866043216e-01 3.571428571428571508e-01 9.345794392523364136e-02 1.481481481481481399e-01 5.046728971962617383e-01
6.125000000000000444e-01 0.000000000000000000e+00 0.000000000000000000e+00 0.000000000000000000e+00 4.600938967136150026e-01
6.655629139072847256e-01 5.833333333333333703e-01 1.962616822429906482e-01 2.937062937062936974e-01 5.596693026599568466e-01
8.119122257053291714e-01 7.831325301204818956e-01 6.074766355140186480e-01 6.842105263157894912e-01 7.612854875683300326e-01
9.409937888198758316e-01 8.492063492063491870e-01 1.000000000000000000e+00 9.184549356223175032e-01 9.558139534883721700e-01
5.855263157894736725e-01 0.000000000000000000e+00 0.000000000000000000e+00 0.000000000000000000e+00 4.517766497461929154e-01
5.535714285714286031e-01 0.000000000000000000e+00 0.000000000000000000e+00 0.000000000000000000e+00 4.479768786127167335e-01
5.922330097087378231e-01 0.000000000000000000e+00 0.000000000000000000e+00 0.000000000000000000e+00 4.529702970297029840e-01
5.655172413793103647e-01 0.000000000000000000e+00 0.000000000000000000e+00 0.000000000000000000e+00 4.480874316939890689e-01
5.658362989323842962e-01 0.000000000000000000e+00 0.000000000000000000e+00 0.000000000000000000e+00 4.568965517241379004e-01
5.591397849462365066e-01 0.000000000000000000e+00 0.000000000000000000e+00 0.000000000000000000e+00 4.534883720930232842e-01
5.483870967741935054e-01 0.000000000000000000e+00 0.000000000000000000e+00 0.000000000000000000e+00 4.447674418604651292e-01
9.424920127795527458e-01 8.559999999999999831e-01 1.000000000000000000e+00 9.224137931034482873e-01 9.563106796116505048e-01
7.877813504823151236e-01 7.733333333333333171e-01 5.420560747663550893e-01 6.373626373626373187e-01 7.293613707165107485e-01
7.009966777408638272e-01 6.808510638297872175e-01 2.990654205607476412e-01 4.155844155844156118e-01 6.108729164659408850e-01
5.805369127516778471e-01 0.000000000000000000e+00 0.000000000000000000e+00 0.000000000000000000e+00 4.528795811518324665e-01
9.409937888198758316e-01 8.492063492063491870e-01 1.000000000000000000e+00 9.184549356223175032e-01 9.558139534883721700e-01
5.760869565217391353e-01 2.500000000000000000e-01 4.672897196261682068e-02 7.874015748031495954e-02 4.789857877564562827e-01
9.409937888198758316e-01 8.492063492063491870e-01 1.000000000000000000e+00 9.184549356223175032e-01 9.558139534883721700e-01
6.442953020134227771e-01 5.185185185185184897e-01 1.308411214953270896e-01 2.089552238805970075e-01 5.313891471350981055e-01
