5.350553505535055043e-01 0.000000000000000000e+00 0.000000000000000000e+00 0.000000000000000000e+00 4.420731707317073211e-01
5.019762845849802257e-01 0.000000000000000000e+00 0.000000000000000000e+00 0.000000000000000000e+00 4.349315068493150860e-01
6.372549019607842702e-01 4.230769230769230727e-01 1.028037383177570069e-01 1.654135338345864847e-01 5.137134269478231818e-01
9.409937888198758316e-01 8.492063492063491870e-01 1.000000000000000000e+00 9.184549356223175032e-01 9.558139534883721700e-01
5.947712418300653558e-01 0.000000000000000000e+00 0.000000000000000000e+00 0.000000000000000000e+00 4.572864321608040017e-01
8.194444444444444198e-01 8.160919540229885083e-01 6.635514018691588412e-01 7.319587628865978912e-01 7.875768059069551130e-01
5.999999999999999778e-01 0.000000000000000000e+00 0.000000000000000000e+00 0.000000000000000000e+00 4.581280788177339858e-01
6.037735849056603543e-01 0.000000000000000000e+00 0.000000000000000000e+00 0.000000000000000000e+00 4.549763033175355242e-01
5.934426229508196204e-01 0.000000000000000000e+00 0.000000000000000000e+00 0.000000000000000000e+00 4.570707070707070718e-01
6.864686468646864492e-01 6.250000000000000000e-01 2.803738317757009102e-01 3.870967741935483764e-01 5.942685485409117119e-01
5.525291828793774673e-01 3.181818181818181768e-01 6.542056074766354479e-02 1.085271317829457211e-01 4.827102803738317349e-01
6.261980830670926812e-01 3.076923076923077094e-01 7.476635514018691031e-02 1.203007518796992414e-01 4.936938571817439669e-01
5.743243243243243423e-01 0.000000000000000000e+00 0.000000000000000000e+00 0.000000000000000000e+00 4.497354497354497660e-01
5.283018867924528239e-01 0.000000000000000000e+00 0.000000000000000000e+00 0.000000000000000000e+00 4.430379746835443333e-01
9.409937888198758316e-01 8.492063492063491870e-01 1.000000000000000000e+00 9.184549356223175032e-01 9.558139534883721700e-01
5.694444444444444198e-01 0.000000000000000000e+00 0.000000000000000000e+00 0.000000000000000000e+00 4.530386740331491802e-01
9.409937888198758316e-01 8.492063492063491870e-01 1.000000000000000000e+00 9.184549356223175032e-01 9.558139534883721700e-01
9.409937888198758316e-01 8.492063492063491870e-01 1.000000000000000000e+00 9.184549356223175032e-01 9.558139534883721700e-01
5.298507462686566916e-01 0.000000000000000000e+00 0.000000000000000000e+00 0.000000000000000000e+00 4.409937888198757761e-01
5.263157894736841813e-01 0.000000000000000000e+00 0.000000000000000000e+00 0.000000000000000000e+00 4.402515723270440384e-01
6.199999999999999956e-01 3.478260869565217295e-01 7.476635514018691031e-02 1.230769230769230560e-01 4.985230739431504299e-01
5.949820788530465476e-01 3.750000000000000000e-01 8.411214953271027583e-02 1.374045801526717347e-01 4.984514236035643697e-01
5.598591549295774961e-01 0.000000000000000000e+00 0.000000000000000000e+00 0.000000000000000000e+00 4.491525423728813804e-01
6.182432432432432012e-01 3.928571428571428492e-01 1.028037383177570069e-01 1.629629629629629484e-01 5.064283241853334561e-01
5.283018867924528239e-01 0.000000000000000000e+00 0.000000000000000000e+00 0.000000000000000000e+00 4.430379746835443333e-01
9.409937888198758316e-01 8.492063492063491870e-01 1.000000000000000000e+00 9.184549356223175032e-01 9.558139534883721700e-01
8.089171974522293418e-01 7.764705882352941346e-01 6.168224299065420135e-01 6.875000000000000000e-01 7.625174951465076845e-01
5.609756097560976151e-01 0.000000000000000000e+00 0.000000000000000000e+00 0.000000000000000000e+00 4.472222222222222432e-01
5.743243243243243423e-01 0.000000000000000000e+00 0.000000000000000000e+00 0.000000000000000000e+00 4.497354497354497660e-01
5.672727272727272618e-01 1.666666666666666574e-01 2.803738317757009310e-02 4.800000000000000100e-02 4.693758344459278420e-01
7.156249999999999556e-01 6.481481481481481399e-01 3.271028037383177378e-01 4.347826086956521618e-01 6.189504629020227133e-01
6.437908496732026586e-01 4.687500000000000000e-01 1.401869158878504551e-01 2.158273381294963933e-01 5.273798901047291876e-01
5.298507462686566916e-01 0.000000000000000000e+00 0.000000000000000000e+00 0.000000000000000000e+00 4.409937888198757761e-01
6.091549295774647543e-01 4.230769230769230727e-01 1.028037383177570069e-01 1.654135338345864847e-01 5.090289878029462534e-01
9.409937888198758316e-01 8.492063492063491870e-01 1.000000000000000000e+00 9.184549356223175032e-01 9.558139534883721700e-01
9.409937888198758316e-01 8.492063492063491870e-01 1.000000000000000000e+00 9.184549356223175032e-01 9.558139534883721700e-01
9.178082191780821963e-01 8.547008547008546619e-01 9.345794392523364413e-01 8.928571428571429047e-01 9.213437736802224665e-01
