5.907590759075908027e-01 0.000000000000000000e+00 0.000000000000000000e+00 0.000000000000000000e+00 4.566326530612244694e-01
9.409937888198758316e-01 8.492063492063491870e-01 1.000000000000000000e+00 9.184549356223175032e-01 9.558139534883721700e-01
5.867158671586716334e-01 4.000000000000000222e-01 9.345794392523364136e-02 1.515151515151514916e-01 5.009972646455436163e-01
9.439252336448598069e-01 8.559999999999999831e-01 1.000000000000000000e+00 9.224137931034482873e-01 9.579439252336447996e-01
5.153846153846153300e-01 0.000000000000000000e+00 0.000000000000000000e+00 0.000000000000000000e+00 4.379084967320261423e-01
8.194444444444444198e-01 8.235294117647058432e-01 6.542056074766354756e-01 7.291666666666665186e-01 7.856663396499198315e-01
6.114864864864865135e-01 3.666666666666666408e-01 1.028037383177570069e-01 1.605839416058394142e-01 5.011373188943282209e-01
5.987055016181229705e-01 0.000000000000000000e+00 0.000000000000000000e+00 0.000000000000000000e+00 4.579207920792079389e-01
6.238244514106583427e-01 2.399999999999999911e-01 5.607476635514018620e-02 9.090909090909091161e-02 4.832260624228530976e-01
6.274509803921568540e-01 3.599999999999999867e-01 8.411214953271027583e-02 1.363636363636363535e-01 5.018550697412293982e-01
6.419354838709677713e-01 4.230769230769230727e-01 1.028037383177570069e-01 1.654135338345864847e-01 5.144560563509966711e-01
9.522292993630573354e-01 8.770491803278688270e-01 1.000000000000000000e+00 9.344978165938864212e-01 9.637681159420290466e-01
5.699658703071672772e-01 0.000000000000000000e+00 0.000000000000000000e+00 0.000000000000000000e+00 4.489247311827956888e-01
5.799999999999999600e-01 0.000000000000000000e+00 0.000000000000000000e+00 0.000000000000000000e+00 4.507772020725388518e-01
9.409937888198758316e-01 8.492063492063491870e-01 1.000000000000000000e+00 9.184549356223175032e-01 9.558139534883721700e-01
6.298701298701299134e-01 3.793103448275861878e-01 1.028037383177570069e-01 1.617647058823529493e-01 5.066257497558933620e-01
5.464684014869888307e-01 0.000000000000000000e+00 0.000000000000000000e+00 0.000000000000000000e+00 4.537037037037037202e-01
5.771812080536913303e-01 0.000000000000000000e+00 0.000000000000000000e+00 0.000000000000000000e+00 4.502617801047120727e-01
5.280898876404493958e-01 0.000000000000000000e+00 0.000000000000000000e+00 0.000000000000000000e+00 4.406249999999999889e-01
5.980707395498392476e-01 0.000000000000000000e+00 0.000000000000000000e+00 0.000000000000000000e+00 4.558823529411764608e-01
9.496855345911949797e-01 8.699186991869918284e-01 1.000000000000000000e+00 9.304347826086956097e-01 9.620853080568720905e-01
5.563380281690141205e-01 0.000000000000000000e+00 0.000000000000000000e+00 0.000000000000000000e+00 4.463276836158192040e-01
5.948553054662379935e-01 0.000000000000000000e+00 0.000000000000000000e+00 0.000000000000000000e+00 4.534313725490196068e-01
5.974440894568689986e-01 0.000000000000000000e+00 0.000000000000000000e+00 0.000000000000000000e+00 4.538834951456310884e-01
5.799999999999999600e-01 0.000000000000000000e+00 0.000000000000000000e+00 0.000000000000000000e+00 4.507772020725388518e-01
9.409937888198758316e-01 8.492063492063491870e-01 1.000000000000000000e+00 9.184549356223175032e-01 9.558139534883721700e-01
6.118881118881118741e-01 4.230769230769230727e-01 1.028037383177570069e-01 1.654135338345864847e-01 5.095024278180962929e-01
5.987055016181229705e-01 0.000000000000000000e+00 0.000000000000000000e+00 0.000000000000000000e+00 4.579207920792079389e-01
5.738831615120274510e-01 0.000000000000000000e+00 0.000000000000000000e+00 0.000000000000000000e+00 4.538043478260869734e-01
5.609756097560976151e-01 0.000000000000000000e+00 0.000000000000000000e+00 0.000000000000000000e+00 4.472222222222222432e-01
5.594405594405594817e-01 0.000000000000000000e+00 0.000000000000000000e+00 0.000000000000000000e+00 4.469273743016759504e-01
4.958677685950413361e-01 0.000000000000000000e+00 0.000000000000000000e+00 0.000000000000000000e+00 4.444444444444444198e-01
9.453376205787781261e-01 8.629032258064516236e-01 1.000000000000000000e+00 9.264069264069264564e-01 9.583333333333332593e-01
7.047619047619048116e-01 6.590909090909090606e-01 2.710280373831775447e-01 3.841059602649006255e-01 5.994563263838964540e-01
6.185567010309278579e-01 4.230769230769230727e-01 1.028037383177570069e-01 1.654135338345864847e-01 5.106409995936610491e-01
5.447761194029850929e-01 0.000000000000000000e+00 0.000000000000000000e+00 0.000000000000000000e+00 4.534161490683230045e-01
5.796610169491525077e-01 0.000000000000000000e+00 0.000000000000000000e+00 0.000000000000000000e+00 4.547872340425531679e-01
