9.348534201954397105e-01 8.425196850393700254e-01 1.000000000000000000e+00 9.145299145299145005e-01 9.500000000000000666e-01
6.341463414634146423e-01 1.000000000000000000e+00 1.869158878504672758e-02 3.669724770642201345e-02 5.093457943925233655e-01
5.993377483443708131e-01 6.250000000000000000e-02 9.345794392523363789e-03 1.626016260162601451e-02 4.662113587347231913e-01
5.787781350482315013e-01 0.000000000000000000e+00 0.000000000000000000e+00 0.000000000000000000e+00 4.411764705882352811e-01
6.094276094276094291e-01 9.090909090909091161e-02 9.345794392523363789e-03 1.694915254237287783e-02 4.783571077225774459e-01
5.857605177993527867e-01 4.347826086956521618e-02 9.345794392523363789e-03 1.538461538461538200e-02 4.502174516517071790e-01
6.416382252559726940e-01 5.714285714285713969e-01 7.476635514018691031e-02 1.322314049586776619e-01 5.212541453120289603e-01
5.993377483443708131e-01 6.250000000000000000e-02 9.345794392523363789e-03 1.626016260162601451e-02 4.662113587347231913e-01
6.177474402730375180e-01 1.428571428571428492e-01 9.345794392523363789e-03 1.754385964912280604e-02 4.885438649381971254e-01
8.838709677419355204e-01 8.034188034188034511e-01 8.785046728971962482e-01 8.392857142857143016e-01 8.826020901431794741e-01
5.787781350482315013e-01 0.000000000000000000e+00 0.000000000000000000e+00 0.000000000000000000e+00 4.411764705882352811e-01
5.857605177993527867e-01 4.347826086956521618e-02 9.345794392523363789e-03 1.538461538461538200e-02 4.502174516517071790e-01
9.318181818181817677e-01 8.359375000000000000e-01 1.000000000000000000e+00 9.106382978723404076e-01 9.477611940298508175e-01
5.973597359735973722e-01 5.882352941176470507e-02 9.345794392523363789e-03 1.612903225806451221e-02 4.638565706656493925e-01
5.787781350482315013e-01 0.000000000000000000e+00 0.000000000000000000e+00 0.000000000000000000e+00 4.411764705882352811e-01
9.053627760252366263e-01 7.810218978102190235e-01 1.000000000000000000e+00 8.770491803278688270e-01 9.285714285714286031e-01
9.318181818181817677e-01 8.359375000000000000e-01 1.000000000000000000e+00 9.106382978723404076e-01 9.477611940298508175e-01
5.787781350482315013e-01 0.000000000000000000e+00 0.000000000000000000e+00 0.000000000000000000e+00 4.411764705882352811e-01
8.571428571428570953e-01 8.478260869565217295e-01 7.289719626168223998e-01 7.839195979899495903e-01 8.284035070816071489e-01
6.198630136986301720e-01 1.666666666666666574e-01 9.345794392523363789e-03 1.769911504424778390e-02 4.911593836827481407e-01
9.053627760252366263e-01 7.810218978102190235e-01 1.000000000000000000e+00 8.770491803278688270e-01 9.285714285714286031e-01
6.211604095563140193e-01 2.500000000000000000e-01 1.869158878504672758e-02 3.478260869565217434e-02 4.932167621344588637e-01
5.787781350482315013e-01 0.000000000000000000e+00 0.000000000000000000e+00 0.000000000000000000e+00 4.411764705882352811e-01
6.821192052980132869e-01 6.341463414634146423e-01 2.429906542056074759e-01 3.513513513513513153e-01 5.830337886412653159e-01
5.973597359735973722e-01 5.882352941176470507e-02 9.345794392523363789e-03 1.612903225806451221e-02 4.638565706656493925e-01
5.787781350482315013e-01 0.000000000000000000e+00 0.000000000000000000e+00 0.000000000000000000e+00 4.411764705882352811e-01
6.394557823129252139e-01 5.333333333333333259e-01 7.476635514018691031e-02 1.311475409836065364e-01 5.186666000299864354e-01
5.787781350482315013e-01 0.000000000000000000e+00 0.000000000000000000e+00 0.000000000000000000e+00 4.411764705882352811e-01
5.787781350482315013e-01 0.000000000000000000e+00 0.000000000000000000e+00 0.000000000000000000e+00 4.411764705882352811e-01
6.348684210526315264e-01 4.333333333333333481e-01 1.214953271028037379e-01 1.897810218978102370e-01 5.176004554295744464e-01
5.787781350482315013e-01 0.000000000000000000e+00 0.000000000000000000e+00 0.000000000000000000e+00 4.411764705882352811e-01
6.053511705685619138e-01 7.692307692307692735e-02 9.345794392523363789e-03 1.666666666666666644e-02 4.734228971962616273e-01
6.094276094276094291e-01 9.090909090909091161e-02 9.345794392523363789e-03 1.694915254237287783e-02 4.783571077225774459e-01
9.258064516129032029e-01 8.230769230769230393e-01 1.000000000000000000e+00 9.029535864978902593e-01 9.433497536945812945e-01
9.114754098360655643e-01 8.448275862068965747e-01 9.158878504672897103e-01 8.789237668161434813e-01 9.124893797790993855e-01
9.025157232704402732e-01 7.753623188405797118e-01 1.000000000000000000e+00 8.734693877551020780e-01 9.265402843601896476e-01
6.006600660066007125e-01 1.111111111111111049e-01 1.869158878504672758e-02 3.200000000000000067e-02 4.685294678619111308e-01
