6.114864864864865135e-01 1.000000000000000056e-01 9.345794392523363789e-03 1.709401709401709227e-02 4.808633733867377913e-01
9.053627760252366263e-01 7.810218978102190235e-01 1.000000000000000000e+00 8.770491803278688270e-01 9.285714285714286031e-01
9.198717948717948234e-01 8.106060606060605522e-01 1.000000000000000000e+00 8.953974895397489586e-01 9.390243902439023849e-01
8.484848484848485084e-01 8.780487804878048808e-01 6.728971962616822067e-01 7.619047619047618625e-01 8.101328086571569775e-01
5.787781350482315013e-01 0.000000000000000000e+00 0.000000000000000000e+00 0.000000000000000000e+00 4.411764705882352811e-01
6.794425087108013628e-01 1.000000000000000000e+00 1.401869158878504551e-01 2.459016393442622905e-01 5.700934579439251859e-01
9.111111111111110938e-01 7.925925925925926263e-01 1.000000000000000000e+00 8.842975206611569661e-01 9.326923076923077094e-01
7.090301003344481323e-01 7.272727272727272929e-01 2.990654205607476412e-01 4.238410596026489507e-01 6.182827102803738484e-01
8.848684210526315264e-01 8.396226415094339979e-01 8.317757009345794206e-01 8.356807511737088801e-01 8.727406423454623363e-01
5.993377483443708131e-01 6.250000000000000000e-02 9.345794392523363789e-03 1.626016260162601451e-02 4.662113587347231913e-01
6.013289036544851029e-01 6.666666666666666574e-02 9.345794392523363789e-03 1.639344262295081706e-02 4.685904229694575207e-01
9.258064516129032029e-01 8.230769230769230393e-01 1.000000000000000000e+00 9.029535864978902593e-01 9.433497536945812945e-01
7.980132450331125504e-01 8.026315789473684736e-01 5.700934579439251859e-01 6.666666666666666297e-01 7.465851905104241570e-01
6.912751677852349008e-01 7.027027027027027417e-01 2.429906542056074759e-01 3.611111111111111605e-01 5.926995155844790863e-01
9.169329073482428427e-01 8.045112781954887327e-01 1.000000000000000000e+00 8.916666666666667185e-01 9.368932038834951737e-01
5.934426229508196204e-01 5.263157894736841813e-02 9.345794392523363789e-03 1.587301587301587213e-02 4.592183517417161576e-01
5.787781350482315013e-01 0.000000000000000000e+00 0.000000000000000000e+00 0.000000000000000000e+00 4.411764705882352811e-01
5.787781350482315013e-01 0.000000000000000000e+00 0.000000000000000000e+00 0.000000000000000000e+00 4.411764705882352811e-01
6.086956521739130821e-01 1.428571428571428492e-01 1.869158878504672758e-02 3.305785123966941547e-02 4.780957943925233655e-01
9.228295819935691258e-01 8.167938931297710203e-01 1.000000000000000000e+00 8.991596638655461327e-01 9.411764705882352811e-01
9.228295819935691258e-01 8.167938931297710203e-01 1.000000000000000000e+00 8.991596638655461327e-01 9.411764705882352811e-01
5.787781350482315013e-01 0.000000000000000000e+00 0.000000000000000000e+00 0.000000000000000000e+00 4.411764705882352811e-01
6.177474402730375180e-01 1.428571428571428492e-01 9.345794392523363789e-03 1.754385964912280604e-02 4.885438649381971254e-01
9.318181818181817677e-01 8.359375000000000000e-01 1.000000000000000000e+00 9.106382978723404076e-01 9.477611940298508175e-01
6.912751677852349008e-01 7.027027027027027417e-01 2.429906542056074759e-01 3.611111111111111605e-01 5.926995155844790863e-01
9.169329073482428427e-01 8.045112781954887327e-01 1.000000000000000000e+00 8.916666666666667185e-01 9.368932038834951737e-01
6.013289036544851029e-01 6.666666666666666574e-02 9.345794392523363789e-03 1.639344262295081706e-02 4.685904229694575207e-01
5.973597359735973722e-01 5.882352941176470507e-02 9.345794392523363789e-03 1.612903225806451221e-02 4.638565706656493925e-01
5.787781350482315013e-01 0.000000000000000000e+00 0.000000000000000000e+00 0.000000000000000000e+00 4.411764705882352811e-01
5.973597359735973722e-01 5.882352941176470507e-02 9.345794392523363789e-03 1.612903225806451221e-02 4.638565706656493925e-01
6.013289036544851029e-01 6.666666666666666574e-02 9.345794392523363789e-03 1.639344262295081706e-02 4.685904229694575207e-01
6.156462585034013779e-01 1.250000000000000000e-01 9.345794392523363789e-03 1.739130434782608717e-02 4.859563196561546561e-01
9.339933993399339718e-01 8.655462184873949916e-01 9.626168224299065379e-01 9.115044247787611464e-01 9.404920846843410898e-01
6.198630136986301720e-01 1.666666666666666574e-01 9.345794392523363789e-03 1.769911504424778390e-02 4.911593836827481407e-01
6.482758620689654805e-01 7.272727272727272929e-01 7.476635514018691031e-02 1.355932203389830226e-01 5.291864562586180432e-01
6.480263157894736725e-01 5.000000000000000000e-01 1.588785046728971861e-01 2.411347517730496326e-01 5.362920442146210664e-01
6.211604095563140193e-01 2.500000000000000000e-01 1.869158878504672758e-02 3.478260869565217434e-02 4.932167621344588637e-01
