5.787781350482315013e-01 0.000000000000000000e+00 0.000000000000000000e+00 0.000000000000000000e+00 4.411764705882352811e-01
5.787781350482315013e-01 0.000000000000000000e+00 0.000000000000000000e+00 0.000000000000000000e+00 4.411764705882352811e-01
6.306620209059233817e-01 1.000000000000000000e+00 9.345794392523363789e-03 1.851851851851851749e-02 5.046728971962616273e-01
7.284768211920529257e-01 7.272727272727272929e-01 3.738317757009345654e-01 4.938271604938271331e-01 6.484543493889288746e-01
9.471947194719472218e-01 8.699186991869918284e-01 1.000000000000000000e+00 9.304347826086956097e-01 9.591836734693878208e-01
6.862068965517241770e-01 8.636363636363636465e-01 1.775700934579439172e-01 2.945736434108526813e-01 5.805883254174964980e-01
9.198717948717948234e-01 8.106060606060605522e-01 1.000000000000000000e+00 8.953974895397489586e-01 9.390243902439023849e-01
5.787781350482315013e-01 0.000000000000000000e+00 0.000000000000000000e+00 0.000000000000000000e+00 4.411764705882352811e-01
5.787781350482315013e-01 0.000000000000000000e+00 0.000000000000000000e+00 0.000000000000000000e+00 4.411764705882352811e-01
6.303630363036303308e-01 4.074074074074073848e-01 1.028037383177570069e-01 1.641791044776119424e-01 5.105855426282662757e-01
5.973597359735973722e-01 5.882352941176470507e-02 9.345794392523363789e-03 1.612903225806451221e-02 4.638565706656493925e-01
6.759581881533101022e-01 1.000000000000000000e+00 1.308411214953270896e-01 2.314049586776859291e-01 5.654205607476635587e-01
6.066666666666666874e-01 1.333333333333333315e-01 1.869158878504672758e-02 3.278688524590163411e-02 4.756670379158394191e-01
9.530201342281878762e-01 9.043478260869565188e-01 9.719626168224299034e-01 9.369369369369369149e-01 9.571854968928904528e-01
9.318181818181817677e-01 8.359375000000000000e-01 1.000000000000000000e+00 9.106382978723404076e-01 9.477611940298508175e-01
6.177474402730375180e-01 1.428571428571428492e-01 9.345794392523363789e-03 1.754385964912280604e-02 4.885438649381971254e-01
8.940809968847351907e-01 7.588652482269503396e-01 1.000000000000000000e+00 8.629032258064516236e-01 9.205607476635513375e-01
6.551724137931034253e-01 7.692307692307692735e-01 9.345794392523364136e-02 1.666666666666666574e-01 5.385322506511414087e-01
5.993377483443708131e-01 6.250000000000000000e-02 9.345794392523363789e-03 1.626016260162601451e-02 4.662113587347231913e-01
6.107382550335570537e-01 1.538461538461538547e-01 1.869158878504672758e-02 3.333333333333333287e-02 4.805499828741987556e-01
6.306620209059233817e-01 1.000000000000000000e+00 9.345794392523363789e-03 1.851851851851851749e-02 5.046728971962616273e-01
5.993377483443708131e-01 6.250000000000000000e-02 9.345794392523363789e-03 1.626016260162601451e-02 4.662113587347231913e-01
5.787781350482315013e-01 0.000000000000000000e+00 0.000000000000000000e+00 0.000000000000000000e+00 4.411764705882352811e-01
5.934426229508196204e-01 5.263157894736841813e-02 9.345794392523363789e-03 1.587301587301587213e-02 4.592183517417161576e-01
9.530201342281878762e-01 9.043478260869565188e-01 9.719626168224299034e-01 9.369369369369369149e-01 9.571854968928904528e-01
9.318181818181817677e-01 8.359375000000000000e-01 1.000000000000000000e+00 9.106382978723404076e-01 9.477611940298508175e-01
8.039215686274510109e-01 7.764705882352941346e-01 6.168224299065420135e-01 6.875000000000000000e-01 7.606725214859342277e-01
9.134615384615384359e-01 8.076923076923077094e-01 9.813084112149532690e-01 8.860759493670885556e-01 9.296785958513790193e-01
5.787781350482315013e-01 0.000000000000000000e+00 0.000000000000000000e+00 0.000000000000000000e+00 4.411764705882352811e-01
5.787781350482315013e-01 0.000000000000000000e+00 0.000000000000000000e+00 0.000000000000000000e+00 4.411764705882352811e-01
6.079734219269102846e-01 1.764705882352941291e-01 2.803738317757009310e-02 4.838709677419354704e-02 4.779362173619808862e-01
9.348534201954397105e-01 8.425196850393700254e-01 1.000000000000000000e+00 9.145299145299145005e-01 9.500000000000000666e-01
5.953947368421053099e-01 5.555555555555555247e-02 9.345794392523363789e-03 1.600000000000000033e-02 4.615256890744341978e-01
9.318181818181817677e-01 8.359375000000000000e-01 1.000000000000000000e+00 9.106382978723404076e-01 9.477611940298508175e-01
9.111111111111110938e-01 7.925925925925926263e-01 1.000000000000000000e+00 8.842975206611569661e-01 9.326923076923077094e-01
9.140127388535032038e-01 7.985074626865671377e-01 1.000000000000000000e+00 8.879668049792530660e-01 9.347826086956521063e-01
6.053511705685619138e-01 7.692307692307692735e-02 9.345794392523363789e-03 1.666666666666666644e-02 4.734228971962616273e-01
