9.472049689440993347e-01 8.629032258064516236e-01 1.000000000000000000e+00 9.264069264069264564e-01 9.604651162790698304e-01
9.501557632398753839e-01 8.699186991869918284e-01 1.000000000000000000e+00 9.304347826086956097e-01 9.626168224299065379e-01
9.501557632398753839e-01 8.699186991869918284e-01 1.000000000000000000e+00 9.304347826086956097e-01 9.626168224299065379e-01
9.472049689440993347e-01 8.629032258064516236e-01 1.000000000000000000e+00 9.264069264069264564e-01 9.604651162790698304e-01
8.079470198675496873e-01 8.450704225352112520e-01 5.607476635514018204e-01 6.741573033707864981e-01 7.521687035705727498e-01
8.110749185667752714e-01 8.356164383561643927e-01 5.700934579439251859e-01 6.777777777777778123e-01 7.550467289719625663e-01
6.688741721854304378e-01 6.206896551724138122e-01 1.682242990654205517e-01 2.647058823529411797e-01 5.559070213275820738e-01
7.405063291139240000e-01 7.551020408163264808e-01 3.457943925233644689e-01 4.743589743589743390e-01 6.441890622903904129e-01
8.874172185430463378e-01 8.686868686868687295e-01 8.037383177570093240e-01 8.349514563106795739e-01 8.685358255451712806e-01
9.472049689440993347e-01 8.629032258064516236e-01 1.000000000000000000e+00 9.264069264069264564e-01 9.604651162790698304e-01
9.472049689440993347e-01 8.629032258064516236e-01 1.000000000000000000e+00 9.264069264069264564e-01 9.604651162790698304e-01
9.472049689440993347e-01 8.629032258064516236e-01 1.000000000000000000e+00 9.264069264069264564e-01 9.604651162790698304e-01
8.562499999999999556e-01 8.279569892473118697e-01 7.196261682242990343e-01 7.700000000000000178e-01 8.222543986661401405e-01
9.472049689440993347e-01 8.629032258064516236e-01 1.000000000000000000e+00 9.264069264069264564e-01 9.604651162790698304e-01
9.472049689440993347e-01 8.629032258064516236e-01 1.000000000000000000e+00 9.264069264069264564e-01 9.604651162790698304e-01
9.472049689440993347e-01 8.629032258064516236e-01 1.000000000000000000e+00 9.264069264069264564e-01 9.604651162790698304e-01
9.472049689440993347e-01 8.629032258064516236e-01 1.000000000000000000e+00 9.264069264069264564e-01 9.604651162790698304e-01
9.472049689440993347e-01 8.629032258064516236e-01 1.000000000000000000e+00 9.264069264069264564e-01 9.604651162790698304e-01
9.472049689440993347e-01 8.629032258064516236e-01 1.000000000000000000e+00 9.264069264069264564e-01 9.604651162790698304e-01
6.290322580645161255e-01 3.333333333333333148e-01 7.476635514018691031e-02 1.221374045801526531e-01 4.979743105750195631e-01
9.472049689440993347e-01 8.629032258064516236e-01 1.000000000000000000e+00 9.264069264069264564e-01 9.604651162790698304e-01
6.591639871382636295e-01 5.200000000000000178e-01 1.214953271028037379e-01 1.969696969696969890e-01 5.313358988455194609e-01
6.548387096774193061e-01 5.000000000000000000e-01 1.401869158878504551e-01 2.189781021897810043e-01 5.331476451360434021e-01
7.301587301587301182e-01 7.115384615384615641e-01 3.457943925233644689e-01 4.654088050314464931e-01 6.368395039539899161e-01
9.472049689440993347e-01 8.629032258064516236e-01 1.000000000000000000e+00 9.264069264069264564e-01 9.604651162790698304e-01
9.472049689440993347e-01 8.629032258064516236e-01 1.000000000000000000e+00 9.264069264069264564e-01 9.604651162790698304e-01
5.160000000000000142e-01 0.000000000000000000e+00 0.000000000000000000e+00 0.000000000000000000e+00 4.510489510489510412e-01
9.472049689440993347e-01 8.629032258064516236e-01 1.000000000000000000e+00 9.264069264069264564e-01 9.604651162790698304e-01
7.730263157894736725e-01 7.714285714285714635e-01 5.046728971962616273e-01 6.101694915254236573e-01 7.117273115422931840e-01
9.316770186335403547e-01 8.571428571428570953e-01 9.532710280373831724e-01 9.026548672566371279e-01 9.371006302977612501e-01
9.245283018867924696e-01 8.738738738738738299e-01 9.065420560747663448e-01 8.899082568807339388e-01 9.200956725871461961e-01
9.585987261146496907e-01 8.916666666666667185e-01 1.000000000000000000e+00 9.427312775330397576e-01 9.685990338164250923e-01
9.472049689440993347e-01 8.629032258064516236e-01 1.000000000000000000e+00 9.264069264069264564e-01 9.604651162790698304e-01
9.472049689440993347e-01 8.629032258064516236e-01 1.000000000000000000e+00 9.264069264069264564e-01 9.604651162790698304e-01
9.472049689440993347e-01 8.629032258064516236e-01 1.000000000000000000e+00 9.264069264069264564e-01 9.604651162790698304e-01
9.472049689440993347e-01 8.629032258064516236e-01 1.000000000000000000e+00 9.264069264069264564e-01 9.604651162790698304e-01
9.501557632398753839e-01 8.699186991869918284e-01 1.000000000000000000e+00 9.304347826086956097e-01 9.626168224299065379e-01
