5.793357933579336150e-01 2.307692307692307820e-01 2.803738317757009310e-02 4.999999999999999584e-02 4.835308867107361852e-01
9.472049689440993347e-01 8.629032258064516236e-01 1.000000000000000000e+00 9.264069264069264564e-01 9.604651162790698304e-01
5.985915492957746276e-01 2.307692307692307820e-01 2.803738317757009310e-02 4.999999999999999584e-02 4.857701040181635066e-01
9.472049689440993347e-01 8.629032258064516236e-01 1.000000000000000000e+00 9.264069264069264564e-01 9.604651162790698304e-01
6.336633663366336711e-01 4.090909090909091161e-01 8.411214953271027583e-02 1.395348837209302306e-01 5.088928094602326313e-01
9.472049689440993347e-01 8.629032258064516236e-01 1.000000000000000000e+00 9.264069264069264564e-01 9.604651162790698304e-01
9.526813880126182577e-01 8.770491803278688270e-01 1.000000000000000000e+00 9.344978165938864212e-01 9.642857142857143016e-01
9.216300940438871825e-01 8.596491228070175517e-01 9.158878504672897103e-01 8.868778280542987114e-01 9.202080761770410344e-01
9.472049689440993347e-01 8.629032258064516236e-01 1.000000000000000000e+00 9.264069264069264564e-01 9.604651162790698304e-01
9.472049689440993347e-01 8.629032258064516236e-01 1.000000000000000000e+00 9.264069264069264564e-01 9.604651162790698304e-01
6.455696202531645556e-01 3.809523809523809312e-01 7.476635514018691031e-02 1.249999999999999861e-01 5.062826991011939448e-01
9.472049689440993347e-01 8.629032258064516236e-01 1.000000000000000000e+00 9.264069264069264564e-01 9.604651162790698304e-01
9.337539432176655829e-01 8.909090909090908728e-01 9.158878504672897103e-01 9.032258064516128782e-01 9.293724966622162187e-01
9.453376205787781261e-01 9.090909090909090606e-01 9.345794392523364413e-01 9.216589861751152135e-01 9.427799157045996248e-01
9.472049689440993347e-01 8.629032258064516236e-01 1.000000000000000000e+00 9.264069264069264564e-01 9.604651162790698304e-01
9.406250000000000444e-01 8.728813559322033955e-01 9.626168224299065379e-01 9.155555555555555669e-01 9.460971436093195130e-01
6.199999999999999956e-01 3.478260869565217295e-01 7.476635514018691031e-02 1.230769230769230560e-01 4.985230739431504299e-01
6.449511400651465332e-01 4.444444444444444198e-01 7.476635514018691031e-02 1.280000000000000027e-01 5.123831775700934399e-01
6.623376623376623362e-01 5.428571428571428159e-01 1.775700934579439172e-01 2.676056338028168780e-01 5.489840517040962542e-01
9.472049689440993347e-01 8.629032258064516236e-01 1.000000000000000000e+00 9.264069264069264564e-01 9.604651162790698304e-01
9.472049689440993347e-01 8.629032258064516236e-01 1.000000000000000000e+00 9.264069264069264564e-01 9.604651162790698304e-01
6.124567474048442373e-01 4.074074074074073848e-01 1.028037383177570069e-01 1.641791044776119424e-01 5.074458252028345440e-01
8.785046728971962482e-01 8.399999999999999689e-01 7.850467289719625930e-01 8.115942028985506651e-01 8.551401869158878899e-01
9.472049689440993347e-01 8.629032258064516236e-01 1.000000000000000000e+00 9.264069264069264564e-01 9.604651162790698304e-01
9.453376205787781261e-01 9.090909090909090606e-01 9.345794392523364413e-01 9.216589861751152135e-01 9.427799157045996248e-01
9.472049689440993347e-01 8.629032258064516236e-01 1.000000000000000000e+00 9.264069264069264564e-01 9.604651162790698304e-01
6.077738515901059957e-01 3.333333333333333148e-01 3.738317757009345516e-02 6.722689075630251809e-02 4.959643160577740240e-01
9.472049689440993347e-01 8.629032258064516236e-01 1.000000000000000000e+00 9.264069264069264564e-01 9.604651162790698304e-01
6.262295081967212962e-01 3.478260869565217295e-01 7.476635514018691031e-02 1.230769230769230560e-01 4.995043896913055614e-01
7.197452229299362569e-01 7.021276595744680993e-01 3.084112149532710068e-01 4.285714285714286031e-01 6.203891823558626006e-01
6.452702702702702853e-01 5.357142857142856984e-01 1.401869158878504551e-01 2.222222222222221821e-01 5.357019235523907685e-01
6.761904761904762307e-01 5.757575757575758013e-01 1.775700934579439172e-01 2.714285714285714080e-01 5.551312005751258827e-01
9.472049689440993347e-01 8.629032258064516236e-01 1.000000000000000000e+00 9.264069264069264564e-01 9.604651162790698304e-01
9.472049689440993347e-01 8.629032258064516236e-01 1.000000000000000000e+00 9.264069264069264564e-01 9.604651162790698304e-01
6.290322580645161255e-01 3.181818181818181768e-01 6.542056074766354479e-02 1.085271317829457211e-01 4.957644675659499400e-01
5.708955223880597396e-01 0.000000000000000000e+00 0.000000000000000000e+00 0.000000000000000000e+00 4.751552795031055987e-01
9.501557632398753839e-01 8.699186991869918284e-01 1.000000000000000000e+00 9.304347826086956097e-01 9.626168224299065379e-01
