5.186335403726708426e-01 0.000000000000000000e+00 0.000000000000000000e+00 0.000000000000000000e+00 3.883720930232558155e-01
5.186335403726708426e-01 0.000000000000000000e+00 0.000000000000000000e+00 0.000000000000000000e+00 3.883720930232558155e-01
5.186335403726708426e-01 0.000000000000000000e+00 0.000000000000000000e+00 0.000000000000000000e+00 3.883720930232558155e-01
8.670886075949366667e-01 7.181208053691274795e-01 1.000000000000000000e+00 8.359375000000000000e-01 8.995215311004784997e-01
9.000000000000000222e-01 8.421052631578946901e-01 8.971962616822429792e-01 8.687782805429863364e-01 8.994178029722690315e-01
6.752411575562701218e-01 5.374999999999999778e-01 4.018691588785046620e-01 4.598930481283421967e-01 6.102483049294483708e-01
9.102990033222591038e-01 7.985074626865671377e-01 1.000000000000000000e+00 8.879668049792530660e-01 9.304123711340206437e-01
6.775244299674266779e-01 5.512820512820513219e-01 4.018691588785046620e-01 4.648648648648648907e-01 6.134345794392522810e-01
5.186335403726708426e-01 0.000000000000000000e+00 0.000000000000000000e+00 0.000000000000000000e+00 3.883720930232558155e-01
6.455696202531645556e-01 4.691358024691357764e-01 3.551401869158878344e-01 4.042553191489361986e-01 5.746992800608147212e-01
5.186335403726708426e-01 0.000000000000000000e+00 0.000000000000000000e+00 0.000000000000000000e+00 3.883720930232558155e-01
8.782051282051281937e-01 7.379310344827586521e-01 1.000000000000000000e+00 8.492063492063492980e-01 9.073170731707317360e-01
5.186335403726708426e-01 0.000000000000000000e+00 0.000000000000000000e+00 0.000000000000000000e+00 3.883720930232558155e-01
7.193548387096774244e-01 6.063829787234042978e-01 5.327102803738317238e-01 5.671641791044775838e-01 6.752221352608074323e-01
8.726114649681528945e-01 7.278911564625850650e-01 1.000000000000000000e+00 8.425196850393700254e-01 9.033816425120773097e-01
5.251572327044025101e-01 2.173913043478260809e-02 9.345794392523363789e-03 1.307189542483659823e-02 3.980378261062142431e-01
8.616352201257861942e-01 7.086092715231787631e-01 1.000000000000000000e+00 8.294573643410853014e-01 8.957345971563981379e-01
7.047619047619048116e-01 5.729166666666666297e-01 5.140186915887849928e-01 5.418719211822660142e-01 6.584516534867002058e-01
5.273311897106108814e-01 2.380952380952380820e-02 9.345794392523363789e-03 1.342281879194630670e-02 4.041827011178302786e-01
5.186335403726708426e-01 0.000000000000000000e+00 0.000000000000000000e+00 0.000000000000000000e+00 3.883720930232558155e-01
8.753993610223642641e-01 7.328767123287671659e-01 1.000000000000000000e+00 8.458498023715415037e-01 9.053398058252426495e-01
8.726114649681528945e-01 7.278911564625850650e-01 1.000000000000000000e+00 8.425196850393700254e-01 9.033816425120773097e-01
5.186335403726708426e-01 0.000000000000000000e+00 0.000000000000000000e+00 0.000000000000000000e+00 3.883720930232558155e-01
5.369774919614147546e-01 2.564102564102564014e-02 9.345794392523363789e-03 1.369863013698630061e-02 4.115356422943008408e-01
7.193548387096774244e-01 6.063829787234042978e-01 5.327102803738317238e-01 5.671641791044775838e-01 6.752221352608074323e-01
8.726114649681528945e-01 7.278911564625850650e-01 1.000000000000000000e+00 8.425196850393700254e-01 9.033816425120773097e-01
5.478547854785478233e-01 0.000000000000000000e+00 0.000000000000000000e+00 0.000000000000000000e+00 4.234693877551020114e-01
5.273311897106108814e-01 0.000000000000000000e+00 0.000000000000000000e+00 0.000000000000000000e+00 4.019607843137255054e-01
5.337620578778135005e-01 0.000000000000000000e+00 0.000000000000000000e+00 0.000000000000000000e+00 4.068627450980392135e-01
5.354838709677419706e-01 0.000000000000000000e+00 0.000000000000000000e+00 0.000000000000000000e+00 4.088669950738916259e-01
5.352564102564102422e-01 0.000000000000000000e+00 0.000000000000000000e+00 0.000000000000000000e+00 4.073170731707317360e-01
9.102990033222591038e-01 7.985074626865671377e-01 1.000000000000000000e+00 8.879668049792530660e-01 9.304123711340206437e-01
5.239616613418530688e-01 0.000000000000000000e+00 0.000000000000000000e+00 0.000000000000000000e+00 3.980582524271844558e-01
8.983606557377049606e-01 7.753623188405797118e-01 1.000000000000000000e+00 8.734693877551020780e-01 9.217171717171717127e-01
8.535825545171339401e-01 6.948051948051947591e-01 1.000000000000000000e+00 8.199233716475095024e-01 8.901869158878504829e-01
8.589341692789969063e-01 7.039473684210526550e-01 1.000000000000000000e+00 8.262548262548262690e-01 8.938679245283018826e-01
7.567567567567567988e-01 7.011494252873563537e-01 5.700934579439251859e-01 6.288659793814433963e-01 7.162636601888938692e-01
