8.698412698412698596e-01 7.229729729729730270e-01 1.000000000000000000e+00 8.392156862745098200e-01 9.014423076923077094e-01
7.234042553191489811e-01 7.735849056603774088e-01 3.831775700934579310e-01 5.125000000000000666e-01 6.573030707610146850e-01
7.322580645161290702e-01 6.199999999999999956e-01 5.794392523364485514e-01 5.990338164251207687e-01 6.961235670549237309e-01
5.186335403726708426e-01 0.000000000000000000e+00 0.000000000000000000e+00 0.000000000000000000e+00 3.883720930232558155e-01
5.354838709677419706e-01 0.000000000000000000e+00 0.000000000000000000e+00 0.000000000000000000e+00 4.088669950738916259e-01
7.508305647840531893e-01 6.818181818181817677e-01 5.607476635514018204e-01 6.153846153846154188e-01 7.082088833220927526e-01
5.354838709677419706e-01 0.000000000000000000e+00 0.000000000000000000e+00 0.000000000000000000e+00 4.088669950738916259e-01
5.186335403726708426e-01 0.000000000000000000e+00 0.000000000000000000e+00 0.000000000000000000e+00 3.883720930232558155e-01
5.928338762214984126e-01 3.333333333333333148e-01 1.682242990654205517e-01 2.236024844720496951e-01 4.941121495327103208e-01
8.509316770186335921e-01 6.903225806451612767e-01 1.000000000000000000e+00 8.167938931297709093e-01 8.883720930232558155e-01
5.186335403726708426e-01 0.000000000000000000e+00 0.000000000000000000e+00 0.000000000000000000e+00 3.883720930232558155e-01
5.271565495207667373e-01 0.000000000000000000e+00 0.000000000000000000e+00 0.000000000000000000e+00 4.004854368932038722e-01
8.753993610223642641e-01 7.328767123287671659e-01 1.000000000000000000e+00 8.458498023715415037e-01 9.053398058252426495e-01
8.867313915857605311e-01 7.535211267605633756e-01 1.000000000000000000e+00 8.594377510040159818e-01 9.133663366336634004e-01
5.239616613418530688e-01 0.000000000000000000e+00 0.000000000000000000e+00 0.000000000000000000e+00 3.980582524271844558e-01
8.867313915857605311e-01 7.535211267605633756e-01 1.000000000000000000e+00 8.594377510040159818e-01 9.133663366336634004e-01
8.782051282051281937e-01 7.379310344827586521e-01 1.000000000000000000e+00 8.492063492063492980e-01 9.073170731707317360e-01
5.316455696202531112e-01 2.325581395348837177e-02 9.345794392523363789e-03 1.333333333333333245e-02 4.041944282967401270e-01
8.753993610223642641e-01 7.328767123287671659e-01 1.000000000000000000e+00 8.458498023715415037e-01 9.053398058252426495e-01
5.404530744336569770e-01 2.702702702702702853e-02 9.345794392523363789e-03 1.388888888888888638e-02 4.155639863051725502e-01
6.307189542483659928e-01 4.482758620689655249e-01 2.429906542056074759e-01 3.151515151515151825e-01 5.410933170525524805e-01
6.126984126984127421e-01 3.913043478260869734e-01 2.523364485981308136e-01 3.068181818181818232e-01 5.252066858375269431e-01
5.239616613418530688e-01 0.000000000000000000e+00 0.000000000000000000e+00 0.000000000000000000e+00 3.980582524271844558e-01
5.314465408805031377e-01 4.347826086956521618e-02 1.869158878504672758e-02 2.614379084967319647e-02 4.050803915489215035e-01
8.867313915857605311e-01 7.535211267605633756e-01 1.000000000000000000e+00 8.594377510040159818e-01 9.133663366336634004e-01
5.239616613418530688e-01 0.000000000000000000e+00 0.000000000000000000e+00 0.000000000000000000e+00 3.980582524271844558e-01
5.239616613418530688e-01 0.000000000000000000e+00 0.000000000000000000e+00 0.000000000000000000e+00 3.980582524271844558e-01
5.337620578778135005e-01 0.000000000000000000e+00 0.000000000000000000e+00 0.000000000000000000e+00 4.068627450980392135e-01
5.239616613418530688e-01 0.000000000000000000e+00 0.000000000000000000e+00 0.000000000000000000e+00 3.980582524271844558e-01
5.337620578778135005e-01 2.500000000000000139e-02 9.345794392523363789e-03 1.360544217687074606e-02 4.090846619021439867e-01
5.221518987341772222e-01 0.000000000000000000e+00 0.000000000000000000e+00 0.000000000000000000e+00 3.947368421052631637e-01
5.833333333333333703e-01 2.909090909090908950e-01 1.495327102803738206e-01 1.975308641975308532e-01 4.796444039206747556e-01
6.141479099678456288e-01 3.934426229508196649e-01 2.242990654205607448e-01 2.857142857142856984e-01 5.214632582004764538e-01
5.268138801261830206e-01 0.000000000000000000e+00 0.000000000000000000e+00 0.000000000000000000e+00 3.976190476190476497e-01
5.186335403726708426e-01 0.000000000000000000e+00 0.000000000000000000e+00 0.000000000000000000e+00 3.883720930232558155e-01
8.616352201257861942e-01 7.086092715231787631e-01 1.000000000000000000e+00 8.294573643410853014e-01 8.957345971563981379e-01
8.896103896103896291e-01 7.588652482269503396e-01 1.000000000000000000e+00 8.629032258064516236e-01 9.154228855721393554e-01
