5.236593059936908157e-01 0.000000000000000000e+00 0.000000000000000000e+00 0.000000000000000000e+00 3.952380952380952217e-01
8.698412698412698596e-01 7.229729729729730270e-01 1.000000000000000000e+00 8.392156862745098200e-01 9.014423076923077094e-01
5.407166123778501809e-01 2.777777777777777624e-02 9.345794392523363789e-03 1.398601398601398600e-02 4.171728971962616050e-01
6.096774193548386567e-01 3.833333333333333592e-01 2.149532710280373793e-01 2.754491017964071919e-01 5.163436305879103294e-01
5.186335403726708426e-01 0.000000000000000000e+00 0.000000000000000000e+00 0.000000000000000000e+00 3.883720930232558155e-01
5.448504983388704481e-01 3.125000000000000000e-02 9.345794392523363789e-03 1.438848920863309254e-02 4.247759899797667882e-01
5.436893203883494952e-01 2.777777777777777624e-02 9.345794392523363789e-03 1.398601398601398600e-02 4.180392338299250277e-01
5.186335403726708426e-01 0.000000000000000000e+00 0.000000000000000000e+00 0.000000000000000000e+00 3.883720930232558155e-01
9.102990033222591038e-01 7.985074626865671377e-01 1.000000000000000000e+00 8.879668049792530660e-01 9.304123711340206437e-01
7.948717948717948234e-01 6.806722689075630495e-01 7.570093457943924964e-01 7.168141592920354022e-01 7.858217460679279842e-01
6.886792452830188260e-01 5.416666666666666297e-01 4.859813084112149517e-01 5.123152709359606316e-01 6.387252513620056416e-01
8.698412698412698596e-01 7.229729729729730270e-01 1.000000000000000000e+00 8.392156862745098200e-01 9.014423076923077094e-01
7.320261437908496260e-01 6.315789473684210176e-01 5.607476635514018204e-01 5.940594059405940319e-01 6.924341332832386620e-01
5.186335403726708426e-01 0.000000000000000000e+00 0.000000000000000000e+00 0.000000000000000000e+00 3.883720930232558155e-01
8.616352201257861942e-01 7.086092715231787631e-01 1.000000000000000000e+00 8.294573643410853014e-01 8.957345971563981379e-01
5.354838709677419706e-01 0.000000000000000000e+00 0.000000000000000000e+00 0.000000000000000000e+00 4.088669950738916259e-01
5.239616613418530688e-01 0.000000000000000000e+00 0.000000000000000000e+00 0.000000000000000000e+00 3.980582524271844558e-01
5.335463258785942964e-01 0.000000000000000000e+00 0.000000000000000000e+00 0.000000000000000000e+00 4.053398058252427050e-01
5.276872964169381230e-01 0.000000000000000000e+00 0.000000000000000000e+00 0.000000000000000000e+00 4.050000000000000266e-01
9.013157894736841813e-01 7.810218978102190235e-01 1.000000000000000000e+00 8.770491803278688270e-01 9.238578680203045623e-01
8.753993610223642641e-01 7.328767123287671659e-01 1.000000000000000000e+00 8.458498023715415037e-01 9.053398058252426495e-01
5.186335403726708426e-01 0.000000000000000000e+00 0.000000000000000000e+00 0.000000000000000000e+00 3.883720930232558155e-01
5.186335403726708426e-01 0.000000000000000000e+00 0.000000000000000000e+00 0.000000000000000000e+00 3.883720930232558155e-01
8.698412698412698596e-01 7.229729729729730270e-01 1.000000000000000000e+00 8.392156862745098200e-01 9.014423076923077094e-01
5.186335403726708426e-01 0.000000000000000000e+00 0.000000000000000000e+00 0.000000000000000000e+00 3.883720930232558155e-01
8.616352201257861942e-01 7.086092715231787631e-01 1.000000000000000000e+00 8.294573643410853014e-01 8.957345971563981379e-01
5.186335403726708426e-01 0.000000000000000000e+00 0.000000000000000000e+00 0.000000000000000000e+00 3.883720930232558155e-01
5.221518987341772222e-01 0.000000000000000000e+00 0.000000000000000000e+00 0.000000000000000000e+00 3.947368421052631637e-01
5.239616613418530688e-01 0.000000000000000000e+00 0.000000000000000000e+00 0.000000000000000000e+00 3.980582524271844558e-01
5.251572327044025101e-01 0.000000000000000000e+00 0.000000000000000000e+00 0.000000000000000000e+00 3.957345971563981379e-01
5.186335403726708426e-01 0.000000000000000000e+00 0.000000000000000000e+00 0.000000000000000000e+00 3.883720930232558155e-01
5.354838709677419706e-01 0.000000000000000000e+00 0.000000000000000000e+00 0.000000000000000000e+00 4.088669950738916259e-01
8.726114649681528945e-01 7.278911564625850650e-01 1.000000000000000000e+00 8.425196850393700254e-01 9.033816425120773097e-01
5.335463258785942964e-01 0.000000000000000000e+00 0.000000000000000000e+00 0.000000000000000000e+00 4.053398058252427050e-01
5.387096774193548265e-01 2.631578947368420907e-02 9.345794392523363789e-03 1.379310344827586188e-02 4.135398922701532531e-01
5.186335403726708426e-01 0.000000000000000000e+00 0.000000000000000000e+00 0.000000000000000000e+00 3.883720930232558155e-01
5.251572327044025101e-01 0.000000000000000000e+00 0.000000000000000000e+00 0.000000000000000000e+00 3.957345971563981379e-01
