5.474683544303797778e-01 0.000000000000000000e+00 0.000000000000000000e+00 0.000000000000000000e+00 4.138755980861243966e-01
9.032258064516128782e-01 7.810218978102190235e-01 1.000000000000000000e+00 8.770491803278688270e-01 9.261083743842364324e-01
5.709570957095709831e-01 4.000000000000000083e-02 9.345794392523363789e-03 1.515151515151515020e-02 4.434484074003432474e-01
5.676567656765676428e-01 0.000000000000000000e+00 0.000000000000000000e+00 0.000000000000000000e+00 4.387755102040816202e-01
5.389408099688473008e-01 0.000000000000000000e+00 0.000000000000000000e+00 0.000000000000000000e+00 4.042056074766355311e-01
5.661016949152541944e-01 4.347826086956521618e-02 9.345794392523363789e-03 1.538461538461538200e-02 4.461622588983892856e-01
5.488958990536277893e-01 2.631578947368420907e-02 9.345794392523363789e-03 1.379310344827586188e-02 4.165776591010235119e-01
5.372670807453415742e-01 0.000000000000000000e+00 0.000000000000000000e+00 0.000000000000000000e+00 4.023255813953488524e-01
9.120521172638436092e-01 7.985074626865671377e-01 1.000000000000000000e+00 8.879668049792530660e-01 9.324999999999999956e-01
5.737179487179486781e-01 2.399999999999999911e-01 1.121495327102803724e-01 1.528662420382165543e-01 4.633918395258719292e-01
6.613924050632911111e-01 5.000000000000000000e-01 3.364485981308411033e-01 4.022346368715083442e-01 5.820998971515449760e-01
6.241830065359477153e-01 4.090909090909091161e-01 1.682242990654205517e-01 2.384105960264900903e-01 5.187855163668810832e-01
8.429487179487179516e-01 7.338709677419354982e-01 8.504672897196261516e-01 7.878787878787878451e-01 8.447458399817643349e-01
5.527156549520766404e-01 2.857142857142857054e-02 9.345794392523363789e-03 1.408450704225351971e-02 4.221486253516014142e-01
8.777429467084639780e-01 7.328767123287671659e-01 1.000000000000000000e+00 8.458498023715415037e-01 9.080188679245282390e-01
5.440251572327043927e-01 0.000000000000000000e+00 0.000000000000000000e+00 0.000000000000000000e+00 4.099526066350711040e-01
5.372670807453415742e-01 0.000000000000000000e+00 0.000000000000000000e+00 0.000000000000000000e+00 4.023255813953488524e-01
5.404530744336569770e-01 0.000000000000000000e+00 0.000000000000000000e+00 0.000000000000000000e+00 4.133663366336634004e-01
5.530546623794212469e-01 0.000000000000000000e+00 0.000000000000000000e+00 0.000000000000000000e+00 4.215686274509803932e-01
9.120521172638436092e-01 7.985074626865671377e-01 1.000000000000000000e+00 8.879668049792530660e-01 9.324999999999999956e-01
9.150326797385620603e-01 8.045112781954887327e-01 1.000000000000000000e+00 8.916666666666667185e-01 9.346733668341709045e-01
5.372670807453415742e-01 0.000000000000000000e+00 0.000000000000000000e+00 0.000000000000000000e+00 4.023255813953488524e-01
5.372670807453415742e-01 0.000000000000000000e+00 0.000000000000000000e+00 0.000000000000000000e+00 4.023255813953488524e-01
9.032258064516128782e-01 7.810218978102190235e-01 1.000000000000000000e+00 8.770491803278688270e-01 9.261083743842364324e-01
5.527156549520766404e-01 2.857142857142857054e-02 9.345794392523363789e-03 1.408450704225351971e-02 4.221486253516014142e-01
8.777429467084639780e-01 7.328767123287671659e-01 1.000000000000000000e+00 8.458498023715415037e-01 9.080188679245282390e-01
5.440251572327043927e-01 0.000000000000000000e+00 0.000000000000000000e+00 0.000000000000000000e+00 4.099526066350711040e-01
5.372670807453415742e-01 0.000000000000000000e+00 0.000000000000000000e+00 0.000000000000000000e+00 4.023255813953488524e-01
5.360501567398119338e-01 0.000000000000000000e+00 0.000000000000000000e+00 0.000000000000000000e+00 4.033018867924528239e-01
5.653594771241829964e-01 3.571428571428571230e-02 9.345794392523363789e-03 1.481481481481481191e-02 4.368337012163621691e-01
5.785953177257524560e-01 4.761904761904761640e-02 9.345794392523363789e-03 1.562499999999999827e-02 4.525895638629283124e-01
5.766666666666666607e-01 4.545454545454545581e-02 9.345794392523363789e-03 1.550387596899224611e-02 4.502687521185414488e-01
8.974358974358974672e-01 7.697841726618704916e-01 1.000000000000000000e+00 8.699186991869918284e-01 9.219512195121950526e-01
5.562913907284767756e-01 3.448275862068965469e-02 9.345794392523363789e-03 1.470588235294117453e-02 4.328780254013898654e-01
5.747508305647840432e-01 4.347826086956521618e-02 9.345794392523363789e-03 1.538461538461538200e-02 4.479718662684265551e-01
5.372670807453415742e-01 0.000000000000000000e+00 0.000000000000000000e+00 0.000000000000000000e+00 4.023255813953488524e-01
5.495207667731629719e-01 2.777777777777777624e-02 9.345794392523363789e-03 1.398601398601398600e-02 4.197214408855820533e-01
