9.003215434083601254e-01 7.753623188405797118e-01 1.000000000000000000e+00 8.734693877551020780e-01 9.240196078431371918e-01
6.105263157894736947e-01 2.500000000000000000e-01 1.869158878504672758e-02 3.478260869565217434e-02 4.924918618082537169e-01
7.531645569620253333e-01 6.435643564356435808e-01 6.074766355140186480e-01 6.250000000000000000e-01 7.176139158431337206e-01
5.372670807453415742e-01 0.000000000000000000e+00 0.000000000000000000e+00 0.000000000000000000e+00 4.023255813953488524e-01
5.728476821192053370e-01 4.166666666666666435e-02 9.345794392523363789e-03 1.526717557251908164e-02 4.456985382219026404e-01
5.714285714285713969e-01 4.166666666666666435e-02 9.345794392523363789e-03 1.526717557251908164e-02 4.453945466807977538e-01
5.523809523809524169e-01 2.777777777777777624e-02 9.345794392523363789e-03 1.398601398601398600e-02 4.205382818116462085e-01
5.562700964630225009e-01 0.000000000000000000e+00 0.000000000000000000e+00 0.000000000000000000e+00 4.240196078431372473e-01
6.013986013986013512e-01 1.818181818181818232e-01 1.869158878504672758e-02 3.389830508474575566e-02 4.842061295880540905e-01
9.150326797385620603e-01 8.045112781954887327e-01 1.000000000000000000e+00 8.916666666666667185e-01 9.346733668341709045e-01
5.372670807453415742e-01 0.000000000000000000e+00 0.000000000000000000e+00 0.000000000000000000e+00 4.023255813953488524e-01
5.408805031446540790e-01 0.000000000000000000e+00 0.000000000000000000e+00 0.000000000000000000e+00 4.075829383886255819e-01
9.090909090909090606e-01 7.925925925925926263e-01 1.000000000000000000e+00 8.842975206611569661e-01 9.303482587064676457e-01
8.974358974358974672e-01 7.697841726618704916e-01 1.000000000000000000e+00 8.699186991869918284e-01 9.219512195121950526e-01
5.372670807453415742e-01 0.000000000000000000e+00 0.000000000000000000e+00 0.000000000000000000e+00 4.023255813953488524e-01
9.120521172638436092e-01 7.985074626865671377e-01 1.000000000000000000e+00 8.879668049792530660e-01 9.324999999999999956e-01
9.120521172638436092e-01 7.985074626865671377e-01 1.000000000000000000e+00 8.879668049792530660e-01 9.324999999999999956e-01
5.425867507886434904e-01 0.000000000000000000e+00 0.000000000000000000e+00 0.000000000000000000e+00 4.095238095238095122e-01
9.090909090909090606e-01 7.925925925925926263e-01 1.000000000000000000e+00 8.842975206611569661e-01 9.303482587064676457e-01
5.924657534246575707e-01 7.142857142857142461e-02 9.345794392523363789e-03 1.652892561983470773e-02 4.695377620611265179e-01
5.859872611464967962e-01 2.444444444444444364e-01 1.028037383177570069e-01 1.447368421052631637e-01 4.692762652941441237e-01
5.637583892617449299e-01 4.000000000000000083e-02 9.345794392523363789e-03 1.515151515151515020e-02 4.418456720653715641e-01
5.372670807453415742e-01 0.000000000000000000e+00 0.000000000000000000e+00 0.000000000000000000e+00 4.023255813953488524e-01
6.037735849056603543e-01 3.389830508474576121e-01 1.869158878504672827e-01 2.409638554216867179e-01 5.010408823138592371e-01
8.974358974358974672e-01 7.697841726618704916e-01 1.000000000000000000e+00 8.699186991869918284e-01 9.219512195121950526e-01
5.372670807453415742e-01 0.000000000000000000e+00 0.000000000000000000e+00 0.000000000000000000e+00 4.023255813953488524e-01
5.667752442996742968e-01 3.571428571428571230e-02 9.345794392523363789e-03 1.481481481481481191e-02 4.371728971962616228e-01
5.584415584415584055e-01 0.000000000000000000e+00 0.000000000000000000e+00 0.000000000000000000e+00 4.278606965174129306e-01
5.463258785942491924e-01 0.000000000000000000e+00 0.000000000000000000e+00 0.000000000000000000e+00 4.150485436893203706e-01
5.474683544303797778e-01 0.000000000000000000e+00 0.000000000000000000e+00 0.000000000000000000e+00 4.138755980861243966e-01
5.372670807453415742e-01 0.000000000000000000e+00 0.000000000000000000e+00 0.000000000000000000e+00 4.023255813953488524e-01
6.210191082802547502e-01 3.928571428571428492e-01 2.056074766355140138e-01 2.699386503067484622e-01 5.206781344530226896e-01
6.655518394648829439e-01 5.777777777777777235e-01 2.429906542056074759e-01 3.421052631578946901e-01 5.720161604361371221e-01
5.471698113207547065e-01 2.564102564102564014e-02 9.345794392523363789e-03 1.369863013698630061e-02 4.146255038313327868e-01
5.425867507886434904e-01 0.000000000000000000e+00 0.000000000000000000e+00 0.000000000000000000e+00 4.095238095238095122e-01
8.832807570977917466e-01 7.430555555555555802e-01 1.000000000000000000e+00 8.525896414342629681e-01 9.119047619047618847e-01
9.003215434083601254e-01 7.753623188405797118e-01 1.000000000000000000e+00 8.734693877551020780e-01 9.240196078431371918e-01
