5.372670807453415742e-01 0.000000000000000000e+00 0.000000000000000000e+00 0.000000000000000000e+00 4.023255813953488524e-01
5.408805031446540790e-01 0.000000000000000000e+00 0.000000000000000000e+00 0.000000000000000000e+00 4.075829383886255819e-01
5.945017182130584166e-01 7.692307692307692735e-02 9.345794392523363789e-03 1.666666666666666644e-02 4.720642015440877359e-01
7.025316455696202222e-01 5.747126436781608838e-01 4.672897196261682207e-01 5.154639175257731409e-01 6.451281134016009222e-01
9.180327868852459217e-01 8.106060606060605522e-01 1.000000000000000000e+00 8.953974895397489586e-01 9.368686868686868507e-01
6.092715231788079500e-01 3.333333333333333148e-01 1.028037383177570069e-01 1.571428571428571397e-01 4.949916127486220230e-01
9.120521172638436092e-01 7.985074626865671377e-01 1.000000000000000000e+00 8.879668049792530660e-01 9.324999999999999956e-01
5.576923076923077094e-01 3.030303030303030387e-02 9.345794392523363789e-03 1.428571428571428353e-02 4.266241167084567354e-01
5.372670807453415742e-01 0.000000000000000000e+00 0.000000000000000000e+00 0.000000000000000000e+00 4.023255813953488524e-01
6.416938110749185187e-01 4.705882352941176405e-01 2.242990654205607448e-01 3.037974683544303334e-01 5.446495327102803818e-01
5.372670807453415742e-01 0.000000000000000000e+00 0.000000000000000000e+00 0.000000000000000000e+00 4.023255813953488524e-01
9.210526315789473450e-01 8.167938931297710203e-01 1.000000000000000000e+00 8.991596638655461327e-01 9.390862944162435832e-01
5.372670807453415742e-01 0.000000000000000000e+00 0.000000000000000000e+00 0.000000000000000000e+00 4.023255813953488524e-01
6.407766990291262621e-01 4.629629629629629650e-01 2.336448598130841103e-01 3.105590062111800997e-01 5.450402516887202786e-01
9.003215434083601254e-01 7.753623188405797118e-01 1.000000000000000000e+00 8.734693877551020780e-01 9.240196078431371918e-01
5.606557377049180557e-01 3.448275862068965469e-02 9.345794392523363789e-03 1.470588235294117453e-02 4.339658264891909090e-01
8.974358974358974672e-01 7.697841726618704916e-01 1.000000000000000000e+00 8.699186991869918284e-01 9.219512195121950526e-01
6.123778501628664994e-01 3.571428571428571508e-01 1.401869158878504551e-01 2.013422818791946178e-01 5.025934579439251815e-01
5.495207667731629719e-01 2.777777777777777624e-02 9.345794392523363789e-03 1.398601398601398600e-02 4.197214408855820533e-01
5.474683544303797778e-01 0.000000000000000000e+00 0.000000000000000000e+00 0.000000000000000000e+00 4.138755980861243966e-01
8.805031446540880768e-01 7.379310344827586521e-01 1.000000000000000000e+00 8.492063492063492980e-01 9.099526066350711595e-01
8.777429467084639780e-01 7.328767123287671659e-01 1.000000000000000000e+00 8.458498023715415037e-01 9.080188679245282390e-01
5.372670807453415742e-01 0.000000000000000000e+00 0.000000000000000000e+00 0.000000000000000000e+00 4.023255813953488524e-01
5.559105431309904199e-01 2.941176470588235253e-02 9.345794392523363789e-03 1.418439716312056530e-02 4.245758098176208306e-01
6.407766990291262621e-01 4.629629629629629650e-01 2.336448598130841103e-01 3.105590062111800997e-01 5.450402516887202786e-01
9.003215434083601254e-01 7.753623188405797118e-01 1.000000000000000000e+00 8.734693877551020780e-01 9.240196078431371918e-01
5.598705501618123082e-01 0.000000000000000000e+00 0.000000000000000000e+00 0.000000000000000000e+00 4.282178217821782096e-01
5.480769230769231282e-01 0.000000000000000000e+00 0.000000000000000000e+00 0.000000000000000000e+00 4.170731707317072989e-01
5.440251572327043927e-01 0.000000000000000000e+00 0.000000000000000000e+00 0.000000000000000000e+00 4.099526066350711040e-01
5.372670807453415742e-01 0.000000000000000000e+00 0.000000000000000000e+00 0.000000000000000000e+00 4.023255813953488524e-01
5.440251572327043927e-01 0.000000000000000000e+00 0.000000000000000000e+00 0.000000000000000000e+00 4.099526066350711040e-01
9.120521172638436092e-01 7.985074626865671377e-01 1.000000000000000000e+00 8.879668049792530660e-01 9.324999999999999956e-01
5.492063492063492536e-01 0.000000000000000000e+00 0.000000000000000000e+00 0.000000000000000000e+00 4.158653846153845812e-01
8.704318936877076807e-01 8.035714285714286031e-01 8.411214953271027861e-01 8.219178082191780366e-01 8.638597167357162654e-01
8.722741433021806712e-01 7.229729729729730270e-01 1.000000000000000000e+00 8.392156862745098200e-01 9.042056074766355867e-01
8.777429467084639780e-01 7.328767123287671659e-01 1.000000000000000000e+00 8.458498023715415037e-01 9.080188679245282390e-01
7.933333333333333348e-01 7.528089887640448952e-01 6.261682242990653791e-01 6.836734693877550839e-01 7.560892934966829682e-01
