8.589341692789969063e-01 8.604651162790697416e-01 6.915887850467289377e-01 7.668393782383418067e-01 8.174925057309115894e-01
9.534161490683229490e-01 8.770491803278688270e-01 1.000000000000000000e+00 9.344978165938864212e-01 9.651162790697673799e-01
7.539432176656151174e-01 7.735849056603774088e-01 3.831775700934579310e-01 5.125000000000000666e-01 6.630173564753003568e-01
7.563291139240506666e-01 8.125000000000000000e-01 3.644859813084111999e-01 5.032258064516128560e-01 6.607118901757367269e-01
6.593059936908517438e-01 4.814814814814814548e-01 1.214953271028037379e-01 1.940298507462686617e-01 5.274143302180684945e-01
8.829113924050633333e-01 8.571428571428570953e-01 7.850467289719625930e-01 8.195121951219511702e-01 8.590305415194741112e-01
6.791277258566977837e-01 5.625000000000000000e-01 1.682242990654205517e-01 2.589928057553956831e-01 5.514018691588785659e-01
9.503105590062111974e-01 8.760330578512396382e-01 9.906542056074766345e-01 9.298245614035086648e-01 9.604433818735057526e-01
9.534161490683229490e-01 8.770491803278688270e-01 1.000000000000000000e+00 9.344978165938864212e-01 9.651162790697673799e-01
9.534161490683229490e-01 8.770491803278688270e-01 1.000000000000000000e+00 9.344978165938864212e-01 9.651162790697673799e-01
6.498422712933753509e-01 3.888888888888888951e-01 6.542056074766354479e-02 1.119999999999999885e-01 5.065198041833555154e-01
9.534161490683229490e-01 8.770491803278688270e-01 1.000000000000000000e+00 9.344978165938864212e-01 9.651162790697673799e-01
8.670886075949366667e-01 8.651685393258427004e-01 7.196261682242990343e-01 7.857142857142856984e-01 8.311049501408576123e-01
8.797468354430380000e-01 8.791208791208791062e-01 7.476635514018691309e-01 8.080808080808079552e-01 8.475159862272504396e-01
9.534161490683229490e-01 8.770491803278688270e-01 1.000000000000000000e+00 9.344978165938864212e-01 9.651162790697673799e-01
9.563862928348909609e-01 8.842975206611570771e-01 1.000000000000000000e+00 9.385964912280702066e-01 9.672897196261681652e-01
6.898734177215190000e-01 6.153846153846154188e-01 2.242990654205607448e-01 3.287671232876712701e-01 5.762643652461655330e-01
6.523178807947019875e-01 5.333333333333333259e-01 1.495327102803738206e-01 2.335766423357663879e-01 5.388689192427510433e-01
8.260869565217391353e-01 8.148148148148147696e-01 6.168224299065420135e-01 7.021276595744679883e-01 7.735274940230383312e-01
9.534161490683229490e-01 8.770491803278688270e-01 1.000000000000000000e+00 9.344978165938864212e-01 9.651162790697673799e-01
9.534161490683229490e-01 8.770491803278688270e-01 1.000000000000000000e+00 9.344978165938864212e-01 9.651162790697673799e-01
7.547169811320755262e-01 7.735849056603774088e-01 3.831775700934579310e-01 5.125000000000000666e-01 6.631527660893828946e-01
6.865203761755486189e-01 5.999999999999999778e-01 1.962616822429906482e-01 2.957746478873239382e-01 5.651119731969669324e-01
9.534161490683229490e-01 8.770491803278688270e-01 1.000000000000000000e+00 9.344978165938864212e-01 9.651162790697673799e-01
8.797468354430380000e-01 8.791208791208791062e-01 7.476635514018691309e-01 8.080808080808079552e-01 8.475159862272504396e-01
9.534161490683229490e-01 8.770491803278688270e-01 1.000000000000000000e+00 9.344978165938864212e-01 9.651162790697673799e-01
6.407766990291262621e-01 4.090909090909091161e-01 8.411214953271027583e-02 1.395348837209302306e-01 5.098778569445728825e-01
6.999999999999999556e-01 6.410256410256410797e-01 2.336448598130841103e-01 3.424657534246575152e-01 5.839585801412837673e-01
6.337579617834394607e-01 2.777777777777777901e-01 4.672897196261682068e-02 8.000000000000000167e-02 4.919635197977334506e-01
9.458598726114649802e-01 8.879310344827586743e-01 9.626168224299065379e-01 9.237668161434977598e-01 9.499074450313783613e-01
6.363636363636363535e-01 3.913043478260869734e-01 8.411214953271027583e-02 1.384615384615384415e-01 5.072302041195888567e-01
6.793650793650793940e-01 5.937500000000000000e-01 1.775700934579439172e-01 2.733812949640287981e-01 5.575350467289719170e-01
9.534161490683229490e-01 8.770491803278688270e-01 1.000000000000000000e+00 9.344978165938864212e-01 9.651162790697673799e-01
9.534161490683229490e-01 8.770491803278688270e-01 1.000000000000000000e+00 9.344978165938864212e-01 9.651162790697673799e-01
5.210084033613445742e-01 2.307692307692307820e-01 2.803738317757009310e-02 4.999999999999999584e-02 4.758507526574872748e-01
6.201298701298700866e-01 8.333333333333332871e-02 9.345794392523363789e-03 1.680672268907562952e-02 4.773097131166597062e-01
9.375000000000000000e-01 8.782608695652174280e-01 9.439252336448598069e-01 9.099099099099099419e-01 9.390987670571716572e-01
