9.283387622149836815e-01 8.294573643410853014e-01 1.000000000000000000e+00 9.067796610169490679e-01 9.450000000000000622e-01
6.177474402730375180e-01 3.913043478260869734e-01 8.411214953271027583e-02 1.384615384615384415e-01 5.044216661642044741e-01
5.766666666666666607e-01 4.545454545454545581e-02 9.345794392523363789e-03 1.550387596899224611e-02 4.502687521185414488e-01
5.874587458745874624e-01 5.000000000000000278e-02 9.345794392523363789e-03 1.574803149606298844e-02 4.562035094411596159e-01
5.910652920962199408e-01 7.142857142857142461e-02 9.345794392523363789e-03 1.652892561983470773e-02 4.693468102397399533e-01
5.705128205128204844e-01 6.451612903225806273e-02 1.869158878504672758e-02 2.898550724637680501e-02 4.386140870754501875e-01
6.395759717314487558e-01 7.272727272727272929e-01 7.476635514018691031e-02 1.355932203389830226e-01 5.288604502973661692e-01
5.714285714285713969e-01 4.761904761904761640e-02 9.345794392523363789e-03 1.562499999999999827e-02 4.511969613673846302e-01
5.872483221476509918e-01 5.555555555555555247e-02 9.345794392523363789e-03 1.600000000000000033e-02 4.601702793952144876e-01
9.468438538205979915e-01 8.699186991869918284e-01 1.000000000000000000e+00 9.304347826086956097e-01 9.587628865979380688e-01
5.552050473186119772e-01 0.000000000000000000e+00 0.000000000000000000e+00 0.000000000000000000e+00 4.190476190476190577e-01
5.844594594594594295e-01 5.555555555555555247e-02 9.345794392523363789e-03 1.600000000000000033e-02 4.596993522227166284e-01
9.223300970873786753e-01 8.167938931297710203e-01 1.000000000000000000e+00 8.991596638655461327e-01 9.405940594059405413e-01
6.166666666666666963e-01 3.181818181818181768e-01 6.542056074766354479e-02 1.085271317829457211e-01 4.938501767468886916e-01
5.548387096774193283e-01 3.030303030303030387e-02 9.345794392523363789e-03 1.428571428571428353e-02 4.258551632061138292e-01
9.223300970873786753e-01 8.167938931297710203e-01 1.000000000000000000e+00 8.991596638655461327e-01 9.405940594059405413e-01
9.163987138263665067e-01 8.045112781954887327e-01 1.000000000000000000e+00 8.916666666666667185e-01 9.362745098039215730e-01
5.664556962025316666e-01 5.882352941176470507e-02 1.869158878504672758e-02 2.836879432624113059e-02 4.327907704690783786e-01
7.903225806451612545e-01 7.282608695652174058e-01 6.261682242990653791e-01 6.733668341708543004e-01 7.515077574697297536e-01
6.140350877192982670e-01 2.000000000000000111e-01 9.345794392523363789e-03 1.785714285714285615e-02 4.934369421400818245e-01
6.407766990291262621e-01 4.565217391304347561e-01 1.962616822429906482e-01 2.745098039215686514e-01 5.362496530026834574e-01
6.068965517241379226e-01 1.818181818181818232e-01 1.869158878504672758e-02 3.389830508474575566e-02 4.847556304580971087e-01
5.785953177257524560e-01 4.761904761904761640e-02 9.345794392523363789e-03 1.562499999999999827e-02 4.525895638629283124e-01
6.751592356687897700e-01 5.362318840579710644e-01 3.457943925233644689e-01 4.204545454545454142e-01 5.956025102713440322e-01
6.166666666666666963e-01 3.181818181818181768e-01 6.542056074766354479e-02 1.085271317829457211e-01 4.938501767468886916e-01
5.548387096774193283e-01 3.030303030303030387e-02 9.345794392523363789e-03 1.428571428571428353e-02 4.258551632061138292e-01
6.179401993355482237e-01 3.333333333333333148e-01 7.476635514018691031e-02 1.221374045801526531e-01 4.961460641680315864e-01
5.700636942675159080e-01 8.823529411764706454e-02 2.803738317757009310e-02 4.255319148936170109e-02 4.391394645356449522e-01
5.765472312703583402e-01 4.000000000000000083e-02 9.345794392523363789e-03 1.515151515151515020e-02 4.446728971962616295e-01
5.597484276729559616e-01 0.000000000000000000e+00 0.000000000000000000e+00 0.000000000000000000e+00 4.218009478672986035e-01
5.766666666666666607e-01 4.545454545454545581e-02 9.345794392523363789e-03 1.550387596899224611e-02 4.502687521185414488e-01
5.987055016181229705e-01 2.424242424242424310e-01 7.476635514018691031e-02 1.142857142857142683e-01 4.755019894512815815e-01
6.397306397306397052e-01 5.000000000000000000e-01 1.308411214953270896e-01 2.074074074074073737e-01 5.285784554845056604e-01
5.888157894736841813e-01 9.090909090909091161e-02 1.869158878504672758e-02 3.100775193798449222e-02 4.585843730727264256e-01
5.888157894736841813e-01 1.785714285714285754e-01 4.672897196261682068e-02 7.407407407407406996e-02 4.649888514635418524e-01
8.962264150943396457e-01 7.642857142857142350e-01 1.000000000000000000e+00 8.663967611336031993e-01 9.218009478672986035e-01
9.076433121019108485e-01 7.867647058823529216e-01 1.000000000000000000e+00 8.806584362139917577e-01 9.299516908212560606e-01
