5.866666666666666696e-01 9.523809523809523281e-02 1.869158878504672758e-02 3.124999999999999653e-02 4.601229964650622173e-01
9.105431309904152837e-01 7.925925925925926263e-01 1.000000000000000000e+00 8.842975206611569661e-01 9.320388349514563409e-01
6.145833333333333703e-01 1.666666666666666574e-01 9.345794392523363789e-03 1.769911504424778390e-02 4.908607425001290103e-01
6.047297297297297147e-01 1.428571428571428492e-01 1.869158878504672758e-02 3.305785123966941547e-02 4.775997626464916213e-01
5.653594771241829964e-01 3.571428571428571230e-02 9.345794392523363789e-03 1.481481481481481191e-02 4.368337012163621691e-01
5.927152317880794996e-01 1.363636363636363535e-01 2.803738317757009310e-02 4.651162790697674354e-02 4.653007428708362814e-01
5.798045602605863547e-01 4.166666666666666435e-02 9.345794392523363789e-03 1.526717557251908164e-02 4.471728971962616317e-01
6.050724637681159646e-01 3.333333333333333148e-01 1.869158878504672758e-02 3.539823008849556779e-02 4.975114748658961417e-01
9.076433121019108485e-01 7.867647058823529216e-01 1.000000000000000000e+00 8.806584362139917577e-01 9.299516908212560606e-01
5.750798722044728750e-01 6.666666666666666574e-02 1.869158878504672758e-02 2.919708029197079849e-02 4.413846293439797064e-01
6.123778501628664994e-01 3.125000000000000000e-01 9.345794392523364136e-02 1.438848920863309289e-01 4.917289719626168343e-01
9.405940594059405413e-01 8.559999999999999831e-01 1.000000000000000000e+00 9.224137931034482873e-01 9.540816326530612290e-01
5.896551724137930606e-01 7.142857142857142461e-02 9.345794392523363789e-03 1.652892561983470773e-02 4.691537715132015340e-01
6.414473684210526550e-01 4.782608695652174058e-01 2.056074766355140138e-01 2.875816993464052063e-01 5.418900327340006040e-01
9.076433121019108485e-01 7.867647058823529216e-01 1.000000000000000000e+00 8.806584362139917577e-01 9.299516908212560606e-01
5.827814569536423628e-01 8.695652173913043237e-02 1.869158878504672758e-02 3.076923076923076400e-02 4.554996405463694886e-01
5.870307167235494505e-01 6.250000000000000000e-02 9.345794392523363789e-03 1.626016260162601451e-02 4.643503165511003172e-01
5.627009646302251200e-01 3.225806451612903136e-02 9.345794392523363789e-03 1.449275362318840250e-02 4.311434854315557286e-01
5.973597359735973722e-01 2.580645161290322509e-01 7.476635514018691031e-02 1.159420289855072200e-01 4.787097081823383782e-01
9.283387622149836815e-01 8.294573643410853014e-01 1.000000000000000000e+00 9.067796610169490679e-01 9.450000000000000622e-01
9.253246753246753276e-01 8.230769230769230393e-01 1.000000000000000000e+00 9.029535864978902593e-01 9.427860696517412764e-01
5.787781350482315013e-01 1.000000000000000056e-01 2.803738317757009310e-02 4.379562043795620641e-02 4.478422210005497117e-01
5.965517241379310054e-01 1.428571428571428492e-01 1.869158878504672758e-02 3.305785123966941547e-02 4.765589091466217453e-01
9.313725490196078649e-01 8.359375000000000000e-01 1.000000000000000000e+00 9.106382978723404076e-01 9.472361809045225511e-01
6.414473684210526550e-01 4.782608695652174058e-01 2.056074766355140138e-01 2.875816993464052063e-01 5.418900327340006040e-01
9.076433121019108485e-01 7.867647058823529216e-01 1.000000000000000000e+00 8.806584362139917577e-01 9.299516908212560606e-01
5.770491803278688936e-01 4.166666666666666435e-02 9.345794392523363789e-03 1.526717557251908164e-02 4.465920891154535610e-01
5.844594594594594295e-01 5.555555555555555247e-02 9.345794392523363789e-03 1.600000000000000033e-02 4.596993522227166284e-01
5.838926174496644750e-01 5.263157894736841813e-02 9.345794392523363789e-03 1.587301587301587213e-02 4.575524783480940938e-01
5.779220779220779480e-01 4.000000000000000083e-02 9.345794392523363789e-03 1.515151515151515020e-02 4.449714046589481886e-01
6.089965397923875479e-01 1.250000000000000000e-01 9.345794392523363789e-03 1.739130434782608717e-02 4.854421279654924093e-01
6.020761245674740580e-01 1.000000000000000056e-01 9.345794392523363789e-03 1.709401709401709227e-02 4.799476224709868788e-01
9.163987138263665067e-01 8.045112781954887327e-01 1.000000000000000000e+00 8.916666666666667185e-01 9.362745098039215730e-01
6.193771626297578381e-01 2.000000000000000111e-01 9.345794392523363789e-03 1.785714285714285615e-02 4.936838862072506218e-01
6.116838487972509064e-01 1.250000000000000000e-01 9.345794392523363789e-03 1.739130434782608717e-02 4.856511580658268157e-01
5.657894736842105088e-01 3.703703703703703498e-02 9.345794392523363789e-03 1.492537313432835792e-02 4.386830494805256109e-01
6.151202749140893822e-01 2.222222222222222099e-01 1.869158878504672758e-02 3.448275862068965469e-02 4.903240552620885540e-01
