5.774193548387096531e-01 3.846153846153846367e-02 9.345794392523363789e-03 1.503759398496240518e-02 4.430965425164586913e-01
5.709459459459459429e-01 4.545454545454545581e-02 9.345794392523363789e-03 1.550387596899224611e-02 4.491173416407060470e-01
6.193771626297578381e-01 2.000000000000000111e-01 9.345794392523363789e-03 1.785714285714285615e-02 4.936838862072506218e-01
6.955128205128204844e-01 5.833333333333333703e-01 3.925233644859812965e-01 4.692737430167597812e-01 6.230909505356735378e-01
9.405940594059405413e-01 8.559999999999999831e-01 1.000000000000000000e+00 9.224137931034482873e-01 9.540816326530612290e-01
5.888157894736841813e-01 9.090909090909091161e-02 1.869158878504672758e-02 3.100775193798449222e-02 4.585843730727264256e-01
9.193548387096773800e-01 8.106060606060605522e-01 1.000000000000000000e+00 8.953974895397489586e-01 9.384236453201970640e-01
5.999999999999999778e-01 2.727272727272727071e-01 8.411214953271027583e-02 1.285714285714285587e-01 4.814500141602944816e-01
5.803278688524590168e-01 4.347826086956521618e-02 9.345794392523363789e-03 1.538461538461538200e-02 4.491173416407060470e-01
6.666666666666666297e-01 5.370370370370370905e-01 2.710280373831775447e-01 3.602484472049689024e-01 5.736328305727769195e-01
5.986159169550172576e-01 9.090909090909091161e-02 9.345794392523363789e-03 1.694915254237287783e-02 4.772003697237341413e-01
9.405940594059405413e-01 8.559999999999999831e-01 1.000000000000000000e+00 9.224137931034482873e-01 9.540816326530612290e-01
5.741935483870967971e-01 3.703703703703703498e-02 9.345794392523363789e-03 1.492537313432835792e-02 4.406334883292665205e-01
7.694915254237287838e-01 8.000000000000000444e-01 4.859813084112149517e-01 6.046511627906976383e-01 7.084161861205011679e-01
9.134615384615384359e-01 7.985074626865671377e-01 1.000000000000000000e+00 8.879668049792530660e-01 9.341463414634145757e-01
5.836065573770491399e-01 8.333333333333332871e-02 1.869158878504672758e-02 3.053435114503816328e-02 4.537902388369677853e-01
8.934169278996865193e-01 7.588652482269503396e-01 1.000000000000000000e+00 8.629032258064516236e-01 9.198113207547170544e-01
6.204620462046204210e-01 3.571428571428571508e-01 9.345794392523364136e-02 1.481481481481481399e-01 5.008106046156780566e-01
5.952380952380952328e-01 7.142857142857142461e-02 9.345794392523363789e-03 1.652892561983470773e-02 4.699135389074915459e-01
6.089965397923875479e-01 1.250000000000000000e-01 9.345794392523363789e-03 1.739130434782608717e-02 4.854421279654924093e-01
9.105431309904152837e-01 7.925925925925926263e-01 1.000000000000000000e+00 8.842975206611569661e-01 9.320388349514563409e-01
8.990536277602523274e-01 7.697841726618704916e-01 1.000000000000000000e+00 8.699186991869918284e-01 9.238095238095238582e-01
5.619047619047619069e-01 0.000000000000000000e+00 0.000000000000000000e+00 0.000000000000000000e+00 4.254807692307692180e-01
5.858585858585858563e-01 5.555555555555555247e-02 9.345794392523363789e-03 1.600000000000000033e-02 4.599360550909984413e-01
7.694915254237287838e-01 8.000000000000000444e-01 4.859813084112149517e-01 6.046511627906976383e-01 7.084161861205011679e-01
9.134615384615384359e-01 7.985074626865671377e-01 1.000000000000000000e+00 8.879668049792530660e-01 9.341463414634145757e-01
5.953947368421053099e-01 1.363636363636363535e-01 2.803738317757009310e-02 4.651162790697674354e-02 4.657953413349779082e-01
5.718954248366012738e-01 1.666666666666666574e-01 5.607476635514018620e-02 8.391608391608390560e-02 4.526604987554595505e-01
5.690789473684210176e-01 3.846153846153846367e-02 9.345794392523363789e-03 1.503759398496240518e-02 4.412211205465154107e-01
5.695792880258899737e-01 0.000000000000000000e+00 0.000000000000000000e+00 0.000000000000000000e+00 4.356435643564356419e-01
5.685618729096989510e-01 4.166666666666666435e-02 9.345794392523363789e-03 1.526717557251908164e-02 4.447770638629283124e-01
9.253246753246753276e-01 8.230769230769230393e-01 1.000000000000000000e+00 9.029535864978902593e-01 9.427860696517412764e-01
5.635179153094462823e-01 3.448275862068965469e-02 9.345794392523363789e-03 1.470588235294117453e-02 4.346728971962616206e-01
9.281045751633987262e-01 8.294573643410853014e-01 1.000000000000000000e+00 9.067796610169490679e-01 9.447236180904522440e-01
9.018987341772152222e-01 7.753623188405797118e-01 1.000000000000000000e+00 8.734693877551020780e-01 9.258373205741626810e-01
9.018987341772152222e-01 7.753623188405797118e-01 1.000000000000000000e+00 8.734693877551020780e-01 9.258373205741626810e-01
8.682432432432432012e-01 8.617021276595744350e-01 7.570093457943924964e-01 8.059701492537313383e-01 8.441131385056618308e-01
