6.065573770491803351e-01 0.000000000000000000e+00 0.000000000000000000e+00 0.000000000000000000e+00 4.671717171717171824e-01
9.716088328075709324e-01 9.224137931034482873e-01 1.000000000000000000e+00 9.596412556053811604e-01 9.785714285714286476e-01
5.979729729729730270e-01 0.000000000000000000e+00 0.000000000000000000e+00 0.000000000000000000e+00 4.682539682539682557e-01
6.406779661016949179e-01 5.263157894736841813e-01 9.345794392523364136e-02 1.587301587301587213e-01 5.227928017498508773e-01
6.632302405498281539e-01 8.461538461538461453e-01 1.028037383177570069e-01 1.833333333333333204e-01 5.459670865501827786e-01
5.539033457249070702e-01 0.000000000000000000e+00 0.000000000000000000e+00 0.000000000000000000e+00 4.598765432098765316e-01
5.364806866952789299e-01 4.666666666666666741e-01 6.542056074766354479e-02 1.147540983606557263e-01 5.009642486277999796e-01
5.904436860068259518e-01 0.000000000000000000e+00 0.000000000000000000e+00 0.000000000000000000e+00 4.650537634408602461e-01
6.261682242990653791e-01 0.000000000000000000e+00 0.000000000000000000e+00 0.000000000000000000e+00 4.696261682242990898e-01
6.421404682274247655e-01 5.000000000000000000e-01 1.121495327102803724e-01 1.832061068702290074e-01 5.248247663551401931e-01
6.557377049180327377e-01 5.500000000000000444e-01 1.028037383177570069e-01 1.732283464566929110e-01 5.286745964316057478e-01
6.440677966101694407e-01 5.384615384615384359e-01 1.308411214953270896e-01 2.105263157894736448e-01 5.335056671306424025e-01
4.782608695652174058e-01 0.000000000000000000e+00 0.000000000000000000e+00 0.000000000000000000e+00 4.471544715447154372e-01
6.020408163265306145e-01 0.000000000000000000e+00 0.000000000000000000e+00 0.000000000000000000e+00 4.732620320855615015e-01
9.596273291925465632e-01 8.916666666666667185e-01 1.000000000000000000e+00 9.427312775330397576e-01 9.697674418604650404e-01
5.804195804195804165e-01 0.000000000000000000e+00 0.000000000000000000e+00 0.000000000000000000e+00 4.636871508379888374e-01
5.419847328244274953e-01 0.000000000000000000e+00 0.000000000000000000e+00 0.000000000000000000e+00 4.580645161290322620e-01
6.282051282051281937e-01 0.000000000000000000e+00 0.000000000000000000e+00 0.000000000000000000e+00 4.780487804878048586e-01
5.258964143426294591e-01 0.000000000000000000e+00 0.000000000000000000e+00 0.000000000000000000e+00 4.583333333333333148e-01
6.273291925465838137e-01 0.000000000000000000e+00 0.000000000000000000e+00 0.000000000000000000e+00 4.697674418604650959e-01
7.025316455696202222e-01 7.096774193548387455e-01 2.056074766355140138e-01 3.188405797101449002e-01 5.812726378392881754e-01
5.240000000000000213e-01 0.000000000000000000e+00 0.000000000000000000e+00 0.000000000000000000e+00 4.580419580419580194e-01
5.999999999999999778e-01 0.000000000000000000e+00 0.000000000000000000e+00 0.000000000000000000e+00 4.663212435233160535e-01
7.340067340067339963e-01 8.043478260869565410e-01 3.457943925233644689e-01 4.836601307189542509e-01 6.492129857353664546e-01
6.020408163265306145e-01 0.000000000000000000e+00 0.000000000000000000e+00 0.000000000000000000e+00 4.732620320855615015e-01
9.596273291925465632e-01 8.916666666666667185e-01 1.000000000000000000e+00 9.427312775330397576e-01 9.697674418604650404e-01
5.804195804195804165e-01 0.000000000000000000e+00 0.000000000000000000e+00 0.000000000000000000e+00 4.636871508379888374e-01
5.824561403508772273e-01 0.000000000000000000e+00 0.000000000000000000e+00 0.000000000000000000e+00 4.662921348314607028e-01
5.475285171102661774e-01 0.000000000000000000e+00 0.000000000000000000e+00 0.000000000000000000e+00 4.615384615384615641e-01
5.569105691056910334e-01 4.545454545454545303e-01 9.345794392523364136e-02 1.550387596899225062e-01 5.035635043367174823e-01
6.206896551724138122e-01 4.285714285714285476e-01 8.411214953271027583e-02 1.406250000000000000e-01 5.092691895204534136e-01
5.102880658436214079e-01 0.000000000000000000e+00 0.000000000000000000e+00 0.000000000000000000e+00 4.558823529411764608e-01
7.923322683706069958e-01 8.620689655172413257e-01 4.672897196261682207e-01 6.060606060606059664e-01 7.142273840849288069e-01
9.716088328075709324e-01 9.224137931034482873e-01 1.000000000000000000e+00 9.596412556053811604e-01 9.785714285714286476e-01
5.824561403508772273e-01 0.000000000000000000e+00 0.000000000000000000e+00 0.000000000000000000e+00 4.662921348314607028e-01
5.625000000000000000e-01 0.000000000000000000e+00 0.000000000000000000e+00 0.000000000000000000e+00 4.636363636363636243e-01
6.442953020134227771e-01 5.294117647058823595e-01 8.411214953271027583e-02 1.451612903225806273e-01 5.211136663893917165e-01
