9.596273291925465632e-01 8.916666666666667185e-01 1.000000000000000000e+00 9.427312775330397576e-01 9.697674418604650404e-01
6.621621621621621712e-01 6.842105263157894912e-01 1.214953271028037379e-01 2.063492063492063378e-01 5.448746476783860038e-01
9.596273291925465632e-01 8.916666666666667185e-01 1.000000000000000000e+00 9.427312775330397576e-01 9.697674418604650404e-01
5.042735042735042583e-01 0.000000000000000000e+00 0.000000000000000000e+00 0.000000000000000000e+00 4.645669291338582751e-01
9.596273291925465632e-01 8.916666666666667185e-01 1.000000000000000000e+00 9.427312775330397576e-01 9.697674418604650404e-01
9.745222929936305789e-01 9.304347826086956097e-01 1.000000000000000000e+00 9.639639639639638879e-01 9.806763285024154841e-01
5.559701492537313383e-01 0.000000000000000000e+00 0.000000000000000000e+00 0.000000000000000000e+00 4.627329192546583703e-01
5.000000000000000000e-01 0.000000000000000000e+00 0.000000000000000000e+00 0.000000000000000000e+00 4.674796747967479571e-01
6.644951140065146200e-01 6.111111111111111605e-01 1.028037383177570069e-01 1.759999999999999898e-01 5.339018691588783838e-01
6.039603960396039417e-01 0.000000000000000000e+00 0.000000000000000000e+00 0.000000000000000000e+00 4.668367346938775420e-01
5.804195804195804165e-01 0.000000000000000000e+00 0.000000000000000000e+00 0.000000000000000000e+00 4.636871508379888374e-01
5.958188153310104429e-01 0.000000000000000000e+00 0.000000000000000000e+00 0.000000000000000000e+00 4.749999999999999778e-01
6.266666666666667052e-01 0.000000000000000000e+00 0.000000000000000000e+00 0.000000000000000000e+00 4.870466321243523411e-01
5.522388059701492935e-01 0.000000000000000000e+00 0.000000000000000000e+00 0.000000000000000000e+00 4.596273291925465632e-01
6.020066889632107454e-01 0.000000000000000000e+00 0.000000000000000000e+00 0.000000000000000000e+00 4.687500000000000000e-01
9.684542586750788384e-01 9.145299145299145005e-01 1.000000000000000000e+00 9.553571428571429047e-01 9.761904761904761640e-01
6.043956043956043578e-01 4.705882352941176405e-01 7.476635514018691031e-02 1.290322580645160977e-01 5.102747438351536990e-01
9.596273291925465632e-01 8.916666666666667185e-01 1.000000000000000000e+00 9.427312775330397576e-01 9.697674418604650404e-01
9.647435897435897578e-01 9.067796610169491789e-01 1.000000000000000000e+00 9.511111111111111294e-01 9.731707317073170493e-01
9.620253164556962222e-01 8.991596638655462437e-01 1.000000000000000000e+00 9.469026548672566657e-01 9.712918660287082062e-01
6.597938144329896781e-01 6.999999999999999556e-01 1.308411214953270896e-01 2.204724409448818589e-01 5.491162129215765297e-01
6.245954692556634491e-01 0.000000000000000000e+00 0.000000000000000000e+00 0.000000000000000000e+00 4.777227722772277030e-01
5.809859154929577496e-01 0.000000000000000000e+00 0.000000000000000000e+00 0.000000000000000000e+00 4.661016949152542166e-01
6.204620462046204210e-01 0.000000000000000000e+00 0.000000000000000000e+00 0.000000000000000000e+00 4.795918367346938549e-01
5.522388059701492935e-01 0.000000000000000000e+00 0.000000000000000000e+00 0.000000000000000000e+00 4.596273291925465632e-01
6.020066889632107454e-01 0.000000000000000000e+00 0.000000000000000000e+00 0.000000000000000000e+00 4.687500000000000000e-01
5.999999999999999778e-01 0.000000000000000000e+00 0.000000000000000000e+00 0.000000000000000000e+00 4.663212435233160535e-01
5.804195804195804165e-01 0.000000000000000000e+00 0.000000000000000000e+00 0.000000000000000000e+00 4.636871508379888374e-01
9.596273291925465632e-01 8.916666666666667185e-01 1.000000000000000000e+00 9.427312775330397576e-01 9.697674418604650404e-01
6.282051282051281937e-01 0.000000000000000000e+00 0.000000000000000000e+00 0.000000000000000000e+00 4.780487804878048586e-01
5.492424242424241987e-01 0.000000000000000000e+00 0.000000000000000000e+00 0.000000000000000000e+00 4.617834394904458684e-01
5.965517241379310054e-01 0.000000000000000000e+00 0.000000000000000000e+00 0.000000000000000000e+00 4.726775956284153257e-01
6.709677419354839190e-01 6.086956521739130821e-01 1.308411214953270896e-01 2.153846153846153411e-01 5.432530730629344662e-01
5.734767025089605452e-01 0.000000000000000000e+00 0.000000000000000000e+00 0.000000000000000000e+00 4.651162790697674354e-01
5.795053003533569003e-01 0.000000000000000000e+00 0.000000000000000000e+00 0.000000000000000000e+00 4.659090909090909394e-01
7.175324675324675772e-01 7.631578947368421462e-01 2.710280373831775447e-01 3.999999999999999667e-01 6.131259589900961426e-01
7.012987012987013102e-01 7.419354838709677491e-01 2.149532710280373793e-01 3.333333333333333148e-01 5.875761380015808166e-01
