5.592592592592592338e-01 0.000000000000000000e+00 0.000000000000000000e+00 0.000000000000000000e+00 4.631901840490797451e-01
6.209150326797385766e-01 0.000000000000000000e+00 0.000000000000000000e+00 0.000000000000000000e+00 4.773869346733668473e-01
5.827338129496403285e-01 0.000000000000000000e+00 0.000000000000000000e+00 0.000000000000000000e+00 4.736842105263158187e-01
6.173285198555956699e-01 5.263157894736841813e-01 9.345794392523364136e-02 1.587301587301587213e-01 5.202583837273226930e-01
5.789473684210526550e-01 0.000000000000000000e+00 0.000000000000000000e+00 0.000000000000000000e+00 4.634831460674157522e-01
6.925675675675675436e-01 7.352941176470588758e-01 2.336448598130841103e-01 3.546099290780141966e-01 5.930129060970181776e-01
6.273291925465838137e-01 0.000000000000000000e+00 0.000000000000000000e+00 0.000000000000000000e+00 4.697674418604650959e-01
6.190476190476190688e-01 0.000000000000000000e+00 0.000000000000000000e+00 0.000000000000000000e+00 4.687500000000000000e-01
5.256916996047430457e-01 0.000000000000000000e+00 0.000000000000000000e+00 0.000000000000000000e+00 4.554794520547945091e-01
5.809859154929577496e-01 0.000000000000000000e+00 0.000000000000000000e+00 0.000000000000000000e+00 4.661016949152542166e-01
5.774647887323943740e-01 0.000000000000000000e+00 0.000000000000000000e+00 0.000000000000000000e+00 4.632768361581920957e-01
6.148867313915857835e-01 0.000000000000000000e+00 0.000000000000000000e+00 0.000000000000000000e+00 4.702970297029702706e-01
5.876288659793814650e-01 0.000000000000000000e+00 0.000000000000000000e+00 0.000000000000000000e+00 4.646739130434782705e-01
6.462585034013605956e-01 5.555555555555555802e-01 1.401869158878504551e-01 2.238805970149253532e-01 5.380078964465989655e-01
9.714285714285714191e-01 9.224137931034482873e-01 1.000000000000000000e+00 9.596412556053811604e-01 9.783653846153846922e-01
6.171617161716171918e-01 0.000000000000000000e+00 0.000000000000000000e+00 0.000000000000000000e+00 4.770408163265306145e-01
6.447368421052631637e-01 4.705882352941176405e-01 7.476635514018691031e-02 1.290322580645160977e-01 5.145405379761848197e-01
6.319444444444444198e-01 5.238095238095238360e-01 1.028037383177570069e-01 1.718749999999999722e-01 5.237775597666132210e-01
6.343042071197411147e-01 3.333333333333333148e-01 5.607476635514018620e-02 9.600000000000000200e-02 4.983344128805403672e-01
5.945945945945946276e-01 0.000000000000000000e+00 0.000000000000000000e+00 0.000000000000000000e+00 4.656084656084655826e-01
6.428571428571429047e-01 4.000000000000000222e-01 5.607476635514018620e-02 9.836065573770491621e-02 5.056493234760776057e-01
6.534653465346534906e-01 5.500000000000000444e-01 1.028037383177570069e-01 1.732283464566929110e-01 5.284426854854090694e-01
5.793357933579336150e-01 2.941176470588235392e-01 4.672897196261682068e-02 8.064516129032257841e-02 4.867791201276498447e-01
6.666666666666666297e-01 6.999999999999999556e-01 1.308411214953270896e-01 2.204724409448818589e-01 5.496310870634529833e-01
6.462585034013605956e-01 5.555555555555555802e-01 1.401869158878504551e-01 2.238805970149253532e-01 5.380078964465989655e-01
9.714285714285714191e-01 9.224137931034482873e-01 1.000000000000000000e+00 9.596412556053811604e-01 9.783653846153846922e-01
7.365079365079365559e-01 7.857142857142856984e-01 3.084112149532710068e-01 4.429530201342281592e-01 6.325709920920201679e-01
5.760869565217391353e-01 0.000000000000000000e+00 0.000000000000000000e+00 0.000000000000000000e+00 4.704142011834319681e-01
5.539033457249070702e-01 0.000000000000000000e+00 0.000000000000000000e+00 0.000000000000000000e+00 4.598765432098765316e-01
6.136363636363636465e-01 0.000000000000000000e+00 0.000000000000000000e+00 0.000000000000000000e+00 4.701492537313433084e-01
5.672727272727272618e-01 0.000000000000000000e+00 0.000000000000000000e+00 0.000000000000000000e+00 4.642857142857143016e-01
6.238244514106583427e-01 0.000000000000000000e+00 0.000000000000000000e+00 0.000000000000000000e+00 4.693396226415094130e-01
5.509433962264150830e-01 0.000000000000000000e+00 0.000000000000000000e+00 0.000000000000000000e+00 4.620253164556962222e-01
5.999999999999999778e-01 0.000000000000000000e+00 0.000000000000000000e+00 0.000000000000000000e+00 4.663212435233160535e-01
9.596273291925465632e-01 8.916666666666667185e-01 1.000000000000000000e+00 9.427312775330397576e-01 9.697674418604650404e-01
9.685534591194968623e-01 9.145299145299145005e-01 1.000000000000000000e+00 9.553571428571429047e-01 9.763033175355450011e-01
5.219123505976095423e-01 0.000000000000000000e+00 0.000000000000000000e+00 0.000000000000000000e+00 4.548611111111111049e-01
