8.387096774193548709e-01 7.279999999999999805e-01 8.504672897196261516e-01 7.844827586206896131e-01 8.414898024952810474e-01
5.685618729096989510e-01 4.166666666666666435e-02 9.345794392523363789e-03 1.526717557251908164e-02 4.447770638629283124e-01
8.817891373801917121e-01 7.430555555555555802e-01 1.000000000000000000e+00 8.525896414342629681e-01 9.101941747572814823e-01
5.416666666666666297e-01 0.000000000000000000e+00 0.000000000000000000e+00 0.000000000000000000e+00 4.121951219512195452e-01
8.903225806451613433e-01 7.588652482269503396e-01 1.000000000000000000e+00 8.629032258064516236e-01 9.162561576354679715e-01
8.745980707395498710e-01 7.463768115942028825e-01 9.626168224299065379e-01 8.408163265306122236e-01 8.955240974894629336e-01
5.501618122977346426e-01 2.941176470588235253e-02 9.345794392523363789e-03 1.418439716312056530e-02 4.229897288794299826e-01
5.666666666666666519e-01 4.000000000000000083e-02 9.345794392523363789e-03 1.515151515151515020e-02 4.424967313931528201e-01
7.702265372168284330e-01 6.764705882352941568e-01 6.448598130841121101e-01 6.602870813397129224e-01 7.407467382252244104e-01
8.387096774193548709e-01 7.279999999999999805e-01 8.504672897196261516e-01 7.844827586206896131e-01 8.414898024952810474e-01
5.416666666666666297e-01 0.000000000000000000e+00 0.000000000000000000e+00 0.000000000000000000e+00 4.121951219512195452e-01
5.416666666666666297e-01 0.000000000000000000e+00 0.000000000000000000e+00 0.000000000000000000e+00 4.121951219512195452e-01
5.416666666666666297e-01 0.000000000000000000e+00 0.000000000000000000e+00 0.000000000000000000e+00 4.121951219512195452e-01
5.416666666666666297e-01 0.000000000000000000e+00 0.000000000000000000e+00 0.000000000000000000e+00 4.121951219512195452e-01
6.957928802588996264e-01 5.822784810126582222e-01 4.299065420560747586e-01 4.946236559139784439e-01 6.332701027112057623e-01
8.874598070739549982e-01 7.535211267605633756e-01 1.000000000000000000e+00 8.594377510040159818e-01 9.142156862745097756e-01
5.416666666666666297e-01 0.000000000000000000e+00 0.000000000000000000e+00 0.000000000000000000e+00 4.121951219512195452e-01
5.501618122977346426e-01 2.941176470588235253e-02 9.345794392523363789e-03 1.418439716312056530e-02 4.229897288794299826e-01
8.789808917197452498e-01 7.379310344827586521e-01 1.000000000000000000e+00 8.492063492063492980e-01 9.082125603864733554e-01
5.416666666666666297e-01 0.000000000000000000e+00 0.000000000000000000e+00 0.000000000000000000e+00 4.121951219512195452e-01
8.903225806451613433e-01 7.588652482269503396e-01 1.000000000000000000e+00 8.629032258064516236e-01 9.162561576354679715e-01
5.416666666666666297e-01 0.000000000000000000e+00 0.000000000000000000e+00 0.000000000000000000e+00 4.121951219512195452e-01
5.610561056105610733e-01 3.571428571428571230e-02 9.345794392523363789e-03 1.481481481481481191e-02 4.357953461758534708e-01
5.416666666666666297e-01 0.000000000000000000e+00 0.000000000000000000e+00 0.000000000000000000e+00 4.121951219512195452e-01
5.416666666666666297e-01 0.000000000000000000e+00 0.000000000000000000e+00 0.000000000000000000e+00 4.121951219512195452e-01
6.957928802588996264e-01 5.822784810126582222e-01 4.299065420560747586e-01 4.946236559139784439e-01 6.332701027112057623e-01
5.416666666666666297e-01 0.000000000000000000e+00 0.000000000000000000e+00 0.000000000000000000e+00 4.121951219512195452e-01
5.416666666666666297e-01 0.000000000000000000e+00 0.000000000000000000e+00 0.000000000000000000e+00 4.121951219512195452e-01
8.903225806451613433e-01 7.588652482269503396e-01 1.000000000000000000e+00 8.629032258064516236e-01 9.162561576354679715e-01
8.789808917197452498e-01 7.379310344827586521e-01 1.000000000000000000e+00 8.492063492063492980e-01 9.082125603864733554e-01
5.416666666666666297e-01 0.000000000000000000e+00 0.000000000000000000e+00 0.000000000000000000e+00 4.121951219512195452e-01
5.416666666666666297e-01 0.000000000000000000e+00 0.000000000000000000e+00 0.000000000000000000e+00 4.121951219512195452e-01
5.483870967741935054e-01 2.857142857142857054e-02 9.345794392523363789e-03 1.408450704225351971e-02 4.209290548317295988e-01
6.120401337792642504e-01 3.783783783783783994e-01 1.308411214953270896e-01 1.944444444444444198e-01 5.055247274143301883e-01
5.416666666666666297e-01 0.000000000000000000e+00 0.000000000000000000e+00 0.000000000000000000e+00 4.121951219512195452e-01
8.789808917197452498e-01 7.379310344827586521e-01 1.000000000000000000e+00 8.492063492063492980e-01 9.082125603864733554e-01
8.903225806451613433e-01 7.588652482269503396e-01 1.000000000000000000e+00 8.629032258064516236e-01 9.162561576354679715e-01
