5.416666666666666297e-01 0.000000000000000000e+00 0.000000000000000000e+00 0.000000000000000000e+00 4.121951219512195452e-01
8.789808917197452498e-01 7.379310344827586521e-01 1.000000000000000000e+00 8.492063492063492980e-01 9.082125603864733554e-01
5.416666666666666297e-01 0.000000000000000000e+00 0.000000000000000000e+00 0.000000000000000000e+00 4.121951219512195452e-01
5.733333333333333615e-01 1.111111111111111049e-01 2.803738317757009310e-02 4.477611940298507204e-02 4.518425257856761856e-01
5.416666666666666297e-01 0.000000000000000000e+00 0.000000000000000000e+00 0.000000000000000000e+00 4.121951219512195452e-01
5.610561056105610733e-01 3.571428571428571230e-02 9.345794392523363789e-03 1.481481481481481191e-02 4.357953461758534708e-01
5.416666666666666297e-01 0.000000000000000000e+00 0.000000000000000000e+00 0.000000000000000000e+00 4.121951219512195452e-01
5.416666666666666297e-01 0.000000000000000000e+00 0.000000000000000000e+00 0.000000000000000000e+00 4.121951219512195452e-01
8.571428571428570953e-01 6.993464052287581278e-01 1.000000000000000000e+00 8.230769230769230393e-01 8.930232558139534760e-01
7.986798679867986861e-01 7.299999999999999822e-01 6.822429906542055722e-01 7.053140096618357724e-01 7.722439443066946296e-01
8.903225806451613433e-01 7.588652482269503396e-01 1.000000000000000000e+00 8.629032258064516236e-01 9.162561576354679715e-01
9.019607843137255054e-01 7.810218978102190235e-01 1.000000000000000000e+00 8.770491803278688270e-01 9.246231155778894539e-01
7.677419354838709298e-01 6.699029126213592589e-01 6.448598130841121101e-01 6.571428571428571397e-01 7.386860641775240266e-01
5.416666666666666297e-01 0.000000000000000000e+00 0.000000000000000000e+00 0.000000000000000000e+00 4.121951219512195452e-01
8.817891373801917121e-01 7.430555555555555802e-01 1.000000000000000000e+00 8.525896414342629681e-01 9.101941747572814823e-01
5.416666666666666297e-01 0.000000000000000000e+00 0.000000000000000000e+00 0.000000000000000000e+00 4.121951219512195452e-01
5.416666666666666297e-01 0.000000000000000000e+00 0.000000000000000000e+00 0.000000000000000000e+00 4.121951219512195452e-01
8.789808917197452498e-01 7.379310344827586521e-01 1.000000000000000000e+00 8.492063492063492980e-01 9.082125603864733554e-01
5.798045602605863547e-01 2.250000000000000056e-01 8.411214953271027583e-02 1.224489795918367319e-01 4.645560747663550760e-01
8.044871794871795156e-01 6.949152542372881713e-01 7.663551401869158619e-01 7.288888888888889195e-01 7.953726920446775317e-01
8.717105263157894912e-01 7.741935483870967527e-01 8.971962616822429792e-01 8.311688311688312236e-01 8.775321409934058181e-01
5.416666666666666297e-01 0.000000000000000000e+00 0.000000000000000000e+00 0.000000000000000000e+00 4.121951219512195452e-01
5.416666666666666297e-01 0.000000000000000000e+00 0.000000000000000000e+00 0.000000000000000000e+00 4.121951219512195452e-01
5.416666666666666297e-01 0.000000000000000000e+00 0.000000000000000000e+00 0.000000000000000000e+00 4.121951219512195452e-01
5.416666666666666297e-01 0.000000000000000000e+00 0.000000000000000000e+00 0.000000000000000000e+00 4.121951219512195452e-01
8.817891373801917121e-01 7.430555555555555802e-01 1.000000000000000000e+00 8.525896414342629681e-01 9.101941747572814823e-01
5.416666666666666297e-01 0.000000000000000000e+00 0.000000000000000000e+00 0.000000000000000000e+00 4.121951219512195452e-01
5.416666666666666297e-01 0.000000000000000000e+00 0.000000000000000000e+00 0.000000000000000000e+00 4.121951219512195452e-01
5.416666666666666297e-01 0.000000000000000000e+00 0.000000000000000000e+00 0.000000000000000000e+00 4.121951219512195452e-01
5.416666666666666297e-01 0.000000000000000000e+00 0.000000000000000000e+00 0.000000000000000000e+00 4.121951219512195452e-01
5.416666666666666297e-01 0.000000000000000000e+00 0.000000000000000000e+00 0.000000000000000000e+00 4.121951219512195452e-01
5.416666666666666297e-01 0.000000000000000000e+00 0.000000000000000000e+00 0.000000000000000000e+00 4.121951219512195452e-01
8.990228013029315512e-01 7.753623188405797118e-01 1.000000000000000000e+00 8.734693877551020780e-01 9.224999999999999867e-01
8.789808917197452498e-01 7.379310344827586521e-01 1.000000000000000000e+00 8.492063492063492980e-01 9.082125603864733554e-01
5.501618122977346426e-01 2.941176470588235253e-02 9.345794392523363789e-03 1.418439716312056530e-02 4.229897288794299826e-01
5.666666666666666519e-01 4.000000000000000083e-02 9.345794392523363789e-03 1.515151515151515020e-02 4.424967313931528201e-01
8.903225806451613433e-01 7.588652482269503396e-01 1.000000000000000000e+00 8.629032258064516236e-01 9.162561576354679715e-01
