5.173501577287066278e-01 0.000000000000000000e+00 0.000000000000000000e+00 0.000000000000000000e+00 3.904761904761904767e-01
5.173501577287066278e-01 0.000000000000000000e+00 0.000000000000000000e+00 0.000000000000000000e+00 3.904761904761904767e-01
5.555555555555555802e-01 3.703703703703703498e-02 9.345794392523363789e-03 1.492537313432835792e-02 4.362518445646826892e-01
8.713826366559485059e-01 7.278911564625850650e-01 1.000000000000000000e+00 8.425196850393700254e-01 9.019607843137255054e-01
8.973509933774834746e-01 7.753623188405797118e-01 1.000000000000000000e+00 8.734693877551020780e-01 9.205128205128205732e-01
7.987012987012986898e-01 6.890756302521008347e-01 7.663551401869158619e-01 7.256637168141591987e-01 7.911377690984330302e-01
8.798701298701299134e-01 7.430555555555555802e-01 1.000000000000000000e+00 8.525896414342629681e-01 9.079601990049751548e-01
8.630573248407643616e-01 7.133333333333333748e-01 1.000000000000000000e+00 8.326848249027237747e-01 8.961352657004830746e-01
5.173501577287066278e-01 0.000000000000000000e+00 0.000000000000000000e+00 0.000000000000000000e+00 3.904761904761904767e-01
6.860841423948219608e-01 5.581395348837209225e-01 4.485981308411214896e-01 4.974093264248705126e-01 6.302396594799667406e-01
5.173501577287066278e-01 0.000000000000000000e+00 0.000000000000000000e+00 0.000000000000000000e+00 3.904761904761904767e-01
5.288461538461538547e-01 2.380952380952380820e-02 9.345794392523363789e-03 1.342281879194630670e-02 4.046728971962616495e-01
5.173501577287066278e-01 0.000000000000000000e+00 0.000000000000000000e+00 0.000000000000000000e+00 3.904761904761904767e-01
5.221518987341772222e-01 2.173913043478260809e-02 9.345794392523363789e-03 1.307189542483659823e-02 3.970173948039171230e-01
8.442367601246105746e-01 6.815286624203821253e-01 1.000000000000000000e+00 8.106060606060605522e-01 8.831775700934578754e-01
5.445544554455445940e-01 3.030303030303030387e-02 9.345794392523363789e-03 1.428571428571428353e-02 4.230402441350371578e-01
8.713826366559485059e-01 7.278911564625850650e-01 1.000000000000000000e+00 8.425196850393700254e-01 9.019607843137255054e-01
8.713826366559485059e-01 7.278911564625850650e-01 1.000000000000000000e+00 8.425196850393700254e-01 9.019607843137255054e-01
5.445544554455445940e-01 3.030303030303030387e-02 9.345794392523363789e-03 1.428571428571428353e-02 4.230402441350371578e-01
5.173501577287066278e-01 0.000000000000000000e+00 0.000000000000000000e+00 0.000000000000000000e+00 3.904761904761904767e-01
8.580858085808580338e-01 7.500000000000000000e-01 8.971962616822429792e-01 8.170212765957446388e-01 8.669654777798970757e-01
8.571428571428570953e-01 7.299270072992700698e-01 9.345794392523364413e-01 8.196721311475408944e-01 8.752499186311434309e-01
5.173501577287066278e-01 0.000000000000000000e+00 0.000000000000000000e+00 0.000000000000000000e+00 3.904761904761904767e-01
5.173501577287066278e-01 0.000000000000000000e+00 0.000000000000000000e+00 0.000000000000000000e+00 3.904761904761904767e-01
5.221518987341772222e-01 2.173913043478260809e-02 9.345794392523363789e-03 1.307189542483659823e-02 3.970173948039171230e-01
8.442367601246105746e-01 6.815286624203821253e-01 1.000000000000000000e+00 8.106060606060605522e-01 8.831775700934578754e-01
5.173501577287066278e-01 0.000000000000000000e+00 0.000000000000000000e+00 0.000000000000000000e+00 3.904761904761904767e-01
5.424836601307189143e-01 5.405405405405405705e-02 1.869158878504672758e-02 2.777777777777777277e-02 4.214060959000610618e-01
5.173501577287066278e-01 0.000000000000000000e+00 0.000000000000000000e+00 0.000000000000000000e+00 3.904761904761904767e-01
5.816993464052288010e-01 2.857142857142856984e-01 1.308411214953270896e-01 1.794871794871794879e-01 4.774808622552012549e-01
5.173501577287066278e-01 0.000000000000000000e+00 0.000000000000000000e+00 0.000000000000000000e+00 3.904761904761904767e-01
8.798701298701299134e-01 7.430555555555555802e-01 1.000000000000000000e+00 8.525896414342629681e-01 9.079601990049751548e-01
5.238095238095238360e-01 2.222222222222222307e-02 9.345794392523363789e-03 1.315789473684210627e-02 3.989036664270308452e-01
5.890410958904109817e-01 2.758620689655172376e-01 7.476635514018691031e-02 1.176470588235293963e-01 4.806264208133367299e-01
8.575949367088607778e-01 7.039473684210526550e-01 1.000000000000000000e+00 8.262548262548262690e-01 8.923444976076555513e-01
8.495297805642633149e-01 6.903225806451612767e-01 1.000000000000000000e+00 8.167938931297709093e-01 8.867924528301887044e-01
5.173501577287066278e-01 0.000000000000000000e+00 0.000000000000000000e+00 0.000000000000000000e+00 3.904761904761904767e-01
