7.919463087248321820e-01 7.272727272727272929e-01 6.728971962616822067e-01 6.990291262135922556e-01 7.657679698585898587e-01
8.685897435897436125e-01 7.229729729729730270e-01 1.000000000000000000e+00 8.392156862745098200e-01 9.000000000000000222e-01
5.689655172413793371e-01 5.000000000000000278e-02 9.345794392523363789e-03 1.574803149606298844e-02 4.527603288902506962e-01
7.403508771929824261e-01 7.704918032786884918e-01 4.392523364485981241e-01 5.595238095238095344e-01 6.803003255276698358e-01
5.221518987341772222e-01 2.173913043478260809e-02 9.345794392523363789e-03 1.307189542483659823e-02 3.970173948039171230e-01
5.424836601307189143e-01 5.405405405405405705e-02 1.869158878504672758e-02 2.777777777777777277e-02 4.214060959000610618e-01
5.445544554455445940e-01 3.030303030303030387e-02 9.345794392523363789e-03 1.428571428571428353e-02 4.230402441350371578e-01
5.374592833876221665e-01 2.702702702702702853e-02 9.345794392523363789e-03 1.388888888888888638e-02 4.146728971962616583e-01
8.798701298701299134e-01 7.430555555555555802e-01 1.000000000000000000e+00 8.525896414342629681e-01 9.079601990049751548e-01
8.071895424836601496e-01 7.033898305084745894e-01 7.757009345794392274e-01 7.377777777777777546e-01 7.999107687972573100e-01
6.440129449838187803e-01 4.794520547945205213e-01 3.271028037383177378e-01 3.888888888888888395e-01 5.694919959285648092e-01
7.789473684210526105e-01 8.055555555555555802e-01 5.420560747663550893e-01 6.480446927374300392e-01 7.317021946865482906e-01
8.312101910828025852e-01 6.928571428571428381e-01 9.065420560747663448e-01 7.854251012145748723e-01 8.494062937378662470e-01
5.322580645161290036e-01 2.500000000000000139e-02 9.345794392523363789e-03 1.360544217687074606e-02 4.086137838957690782e-01
8.658146964856230365e-01 7.181208053691274795e-01 1.000000000000000000e+00 8.359375000000000000e-01 8.980582524271844003e-01
5.173501577287066278e-01 0.000000000000000000e+00 0.000000000000000000e+00 0.000000000000000000e+00 3.904761904761904767e-01
5.173501577287066278e-01 0.000000000000000000e+00 0.000000000000000000e+00 0.000000000000000000e+00 3.904761904761904767e-01
8.630573248407643616e-01 7.133333333333333748e-01 1.000000000000000000e+00 8.326848249027237747e-01 8.961352657004830746e-01
8.012820512820513219e-01 6.771653543307086798e-01 8.037383177570093240e-01 7.350427350427350959e-01 8.018691588785046287e-01
8.798701298701299134e-01 7.430555555555555802e-01 1.000000000000000000e+00 8.525896414342629681e-01 9.079601990049751548e-01
6.105610561056105112e-01 3.962264150943396457e-01 1.962616822429906482e-01 2.624999999999999556e-01 5.164981880602708131e-01
5.173501577287066278e-01 0.000000000000000000e+00 0.000000000000000000e+00 0.000000000000000000e+00 3.904761904761904767e-01
5.173501577287066278e-01 0.000000000000000000e+00 0.000000000000000000e+00 0.000000000000000000e+00 3.904761904761904767e-01
7.240259740259740173e-01 6.145833333333333703e-01 5.514018691588784549e-01 5.812807881773398577e-01 6.836611335844143822e-01
5.322580645161290036e-01 2.500000000000000139e-02 9.345794392523363789e-03 1.360544217687074606e-02 4.086137838957690782e-01
8.658146964856230365e-01 7.181208053691274795e-01 1.000000000000000000e+00 8.359375000000000000e-01 8.980582524271844003e-01
5.173501577287066278e-01 0.000000000000000000e+00 0.000000000000000000e+00 0.000000000000000000e+00 3.904761904761904767e-01
5.478547854785478233e-01 5.882352941176470507e-02 1.869158878504672758e-02 2.836879432624113059e-02 4.277131413312988961e-01
5.478547854785478233e-01 5.882352941176470507e-02 1.869158878504672758e-02 2.836879432624113059e-02 4.277131413312988961e-01
5.445544554455445940e-01 3.030303030303030387e-02 9.345794392523363789e-03 1.428571428571428353e-02 4.230402441350371578e-01
5.173501577287066278e-01 0.000000000000000000e+00 0.000000000000000000e+00 0.000000000000000000e+00 3.904761904761904767e-01
5.339805825242718296e-01 2.564102564102564014e-02 9.345794392523363789e-03 1.369863013698630061e-02 4.106134912556676508e-01
8.741935483870967305e-01 7.328767123287671659e-01 1.000000000000000000e+00 8.458498023715415037e-01 9.039408866995073399e-01
8.630573248407643616e-01 7.133333333333333748e-01 1.000000000000000000e+00 8.326848249027237747e-01 8.961352657004830746e-01
5.610561056105610733e-01 1.578947368421052544e-01 5.607476635514018620e-02 8.275862068965517127e-02 4.464047301163456272e-01
5.173501577287066278e-01 0.000000000000000000e+00 0.000000000000000000e+00 0.000000000000000000e+00 3.904761904761904767e-01
5.844594594594594295e-01 2.647058823529411797e-01 8.411214953271027583e-02 1.276595744680850963e-01 4.759185086287889277e-01
