8.798701298701299134e-01 7.430555555555555802e-01 1.000000000000000000e+00 8.525896414342629681e-01 9.079601990049751548e-01
5.928571428571428603e-01 1.818181818181818232e-01 1.869158878504672758e-02 3.389830508474575566e-02 4.833342336988817323e-01
8.495297805642633149e-01 6.903225806451612767e-01 1.000000000000000000e+00 8.167938931297709093e-01 8.867924528301887044e-01
5.173501577287066278e-01 0.000000000000000000e+00 0.000000000000000000e+00 0.000000000000000000e+00 3.904761904761904767e-01
8.603174603174603696e-01 7.086092715231787631e-01 1.000000000000000000e+00 8.294573643410853014e-01 8.942307692307691624e-01
6.818181818181817677e-01 5.542168674698795261e-01 4.299065420560747586e-01 4.842105263157894246e-01 6.229134700330125618e-01
5.544554455445545038e-01 1.111111111111111049e-01 3.738317757009345516e-02 5.594405594405594401e-02 4.370589357238222616e-01
5.357142857142856984e-01 2.631578947368420907e-02 9.345794392523363789e-03 1.379310344827586188e-02 4.126330962012367820e-01
7.597402597402597157e-01 6.542056074766354756e-01 6.542056074766354756e-01 6.542056074766354756e-01 7.350630027432928371e-01
6.237623762376237613e-01 4.385964912280701511e-01 2.336448598130841103e-01 3.048780487804877981e-01 5.351897768453175441e-01
5.173501577287066278e-01 0.000000000000000000e+00 0.000000000000000000e+00 0.000000000000000000e+00 3.904761904761904767e-01
5.173501577287066278e-01 0.000000000000000000e+00 0.000000000000000000e+00 0.000000000000000000e+00 3.904761904761904767e-01
5.374592833876221665e-01 2.702702702702702853e-02 9.345794392523363789e-03 1.388888888888888638e-02 4.146728971962616583e-01
5.173501577287066278e-01 0.000000000000000000e+00 0.000000000000000000e+00 0.000000000000000000e+00 3.904761904761904767e-01
5.478547854785478233e-01 5.882352941176470507e-02 1.869158878504672758e-02 2.836879432624113059e-02 4.277131413312988961e-01
8.488745980707395056e-01 7.142857142857143016e-01 9.345794392523364413e-01 8.097165991902833815e-01 8.692505039398937816e-01
5.481727574750830945e-01 3.225806451612903136e-02 9.345794392523363789e-03 1.449275362318840250e-02 4.273533095673956450e-01
6.470588235294117974e-01 4.927536231884058204e-01 3.177570093457943723e-01 3.863636363636363535e-01 5.709388061804350212e-01
8.658146964856230365e-01 7.181208053691274795e-01 1.000000000000000000e+00 8.359375000000000000e-01 8.980582524271844003e-01
5.221518987341772222e-01 2.173913043478260809e-02 9.345794392523363789e-03 1.307189542483659823e-02 3.970173948039171230e-01
8.603174603174603696e-01 7.086092715231787631e-01 1.000000000000000000e+00 8.294573643410853014e-01 8.942307692307691624e-01
5.352564102564102422e-01 6.818181818181817677e-02 2.803738317757009310e-02 3.973509933774833913e-02 4.140186915887850150e-01
5.374592833876221665e-01 2.702702702702702853e-02 9.345794392523363789e-03 1.388888888888888638e-02 4.146728971962616583e-01
5.457516339869280531e-01 7.894736842105262720e-02 2.803738317757009310e-02 4.137931034482758563e-02 4.260789930963226890e-01
5.173501577287066278e-01 0.000000000000000000e+00 0.000000000000000000e+00 0.000000000000000000e+00 3.904761904761904767e-01
5.478547854785478233e-01 5.882352941176470507e-02 1.869158878504672758e-02 2.836879432624113059e-02 4.277131413312988961e-01
5.173501577287066278e-01 0.000000000000000000e+00 0.000000000000000000e+00 0.000000000000000000e+00 3.904761904761904767e-01
5.173501577287066278e-01 0.000000000000000000e+00 0.000000000000000000e+00 0.000000000000000000e+00 3.904761904761904767e-01
8.603174603174603696e-01 7.086092715231787631e-01 1.000000000000000000e+00 8.294573643410853014e-01 8.942307692307691624e-01
6.666666666666666297e-01 5.250000000000000222e-01 3.925233644859812965e-01 4.491978609625668639e-01 6.022022763023966441e-01
5.173501577287066278e-01 0.000000000000000000e+00 0.000000000000000000e+00 0.000000000000000000e+00 3.904761904761904767e-01
5.339805825242718296e-01 2.564102564102564014e-02 9.345794392523363789e-03 1.369863013698630061e-02 4.106134912556676508e-01
5.409836065573770947e-01 2.857142857142857054e-02 9.345794392523363789e-03 1.408450704225351971e-02 4.188143113376757709e-01
6.048951048951048959e-01 3.750000000000000000e-01 8.411214953271027583e-02 1.374045801526717347e-01 5.001566334255730384e-01
5.173501577287066278e-01 0.000000000000000000e+00 0.000000000000000000e+00 0.000000000000000000e+00 3.904761904761904767e-01
8.630573248407643616e-01 7.133333333333333748e-01 1.000000000000000000e+00 8.326848249027237747e-01 8.961352657004830746e-01
8.685897435897436125e-01 7.229729729729730270e-01 1.000000000000000000e+00 8.392156862745098200e-01 9.000000000000000222e-01
