5.019607843137254832e-01 0.000000000000000000e+00 0.000000000000000000e+00 0.000000000000000000e+00 4.324324324324324564e-01
9.499999999999999556e-01 8.770491803278688270e-01 1.000000000000000000e+00 9.344978165938864212e-01 9.611398963730569678e-01
5.627240143369175440e-01 0.000000000000000000e+00 0.000000000000000000e+00 0.000000000000000000e+00 4.563953488372092804e-01
6.534653465346534906e-01 5.357142857142856984e-01 1.401869158878504551e-01 2.222222222222221821e-01 5.369301926378027279e-01
5.929487179487179516e-01 0.000000000000000000e+00 0.000000000000000000e+00 0.000000000000000000e+00 4.512195121951219634e-01
5.886287625418060721e-01 0.000000000000000000e+00 0.000000000000000000e+00 0.000000000000000000e+00 4.583333333333333148e-01
6.149068322981366963e-01 1.304347826086956486e-01 2.803738317757009310e-02 4.615384615384614947e-02 4.675070636818082770e-01
5.876623376623376638e-01 0.000000000000000000e+00 0.000000000000000000e+00 0.000000000000000000e+00 4.502487562189054771e-01
5.282258064516128782e-01 2.500000000000000000e-01 4.672897196261682068e-02 7.874015748031495954e-02 4.701729966196062094e-01
6.125827814569536622e-01 3.076923076923077094e-01 7.476635514018691031e-02 1.203007518796992414e-01 4.912293314162473057e-01
5.673758865248227368e-01 0.000000000000000000e+00 0.000000000000000000e+00 0.000000000000000000e+00 4.571428571428571286e-01
5.987261146496815067e-01 0.000000000000000000e+00 0.000000000000000000e+00 0.000000000000000000e+00 4.541062801932367332e-01
5.822368421052631637e-01 0.000000000000000000e+00 0.000000000000000000e+00 0.000000000000000000e+00 4.492385786802030601e-01
5.117187500000000000e-01 5.000000000000000278e-02 9.345794392523363789e-03 1.574803149606298844e-02 4.409145079345166973e-01
9.492063492063491648e-01 8.699186991869918284e-01 1.000000000000000000e+00 9.304347826086956097e-01 9.615384615384615641e-01
5.972696245733788434e-01 0.000000000000000000e+00 0.000000000000000000e+00 0.000000000000000000e+00 4.704301075268817467e-01
7.475083056478405430e-01 7.818181818181818565e-01 4.018691588785046620e-01 5.308641975308642236e-01 6.700067443877059103e-01
6.063829787234042978e-01 4.230769230769230727e-01 1.028037383177570069e-01 1.654135338345864847e-01 5.085447263017356390e-01
5.704225352112676228e-01 0.000000000000000000e+00 0.000000000000000000e+00 0.000000000000000000e+00 4.576271186440677985e-01
5.583038869257950232e-01 0.000000000000000000e+00 0.000000000000000000e+00 0.000000000000000000e+00 4.488636363636363535e-01
6.254180602006689238e-01 3.913043478260869734e-01 8.411214953271027583e-02 1.384615384615384415e-01 5.055977414330218300e-01
6.721311475409835756e-01 6.206896551724138122e-01 1.682242990654205517e-01 2.647058823529411797e-01 5.563343717549323886e-01
5.020080321285140812e-01 9.523809523809523281e-02 1.869158878504672758e-02 3.124999999999999653e-02 4.424443859418191183e-01
6.394557823129252139e-01 5.217391304347825942e-01 1.121495327102803724e-01 1.846153846153845979e-01 5.266630016492578337e-01
5.117187500000000000e-01 5.000000000000000278e-02 9.345794392523363789e-03 1.574803149606298844e-02 4.409145079345166973e-01
9.492063492063491648e-01 8.699186991869918284e-01 1.000000000000000000e+00 9.304347826086956097e-01 9.615384615384615641e-01
6.762820512820513219e-01 5.833333333333333703e-01 1.962616822429906482e-01 2.937062937062936974e-01 5.615454752678367134e-01
6.195286195286194841e-01 3.846153846153846367e-01 9.345794392523364136e-02 1.503759398496240518e-01 5.046237088047220709e-01
5.471014492753623060e-01 0.000000000000000000e+00 0.000000000000000000e+00 0.000000000000000000e+00 4.467455621301775204e-01
7.396825396825397192e-01 6.984126984126983739e-01 4.112149532710280275e-01 5.176470588235293491e-01 6.599343997124370587e-01
5.247148288973384478e-01 0.000000000000000000e+00 0.000000000000000000e+00 0.000000000000000000e+00 4.423076923076922906e-01
7.812500000000000000e-01 7.402597402597402843e-01 5.327102803738317238e-01 6.195652173913043237e-01 7.194067833794041134e-01
5.296296296296296724e-01 0.000000000000000000e+00 0.000000000000000000e+00 0.000000000000000000e+00 4.386503067484662788e-01
5.942492012779552191e-01 0.000000000000000000e+00 0.000000000000000000e+00 0.000000000000000000e+00 4.514563106796116720e-01
9.378881987577639689e-01 8.425196850393700254e-01 1.000000000000000000e+00 9.145299145299145005e-01 9.534883720930232842e-01
9.378881987577639689e-01 8.425196850393700254e-01 1.000000000000000000e+00 9.145299145299145005e-01 9.534883720930232842e-01
5.196850393700787052e-01 0.000000000000000000e+00 0.000000000000000000e+00 0.000000000000000000e+00 4.489795918367346927e-01
