9.378881987577639689e-01 8.425196850393700254e-01 1.000000000000000000e+00 9.145299145299145005e-01 9.534883720930232842e-01
6.474576271186440746e-01 5.600000000000000533e-01 1.308411214953270896e-01 2.121212121212120993e-01 5.361652415987273601e-01
9.378881987577639689e-01 8.425196850393700254e-01 1.000000000000000000e+00 9.145299145299145005e-01 9.534883720930232842e-01
4.806866952789699554e-01 0.000000000000000000e+00 0.000000000000000000e+00 0.000000000000000000e+00 4.444444444444444198e-01
9.378881987577639689e-01 8.425196850393700254e-01 1.000000000000000000e+00 9.145299145299145005e-01 9.534883720930232842e-01
9.492063492063491648e-01 8.699186991869918284e-01 1.000000000000000000e+00 9.304347826086956097e-01 9.615384615384615641e-01
5.490909090909090740e-01 0.000000000000000000e+00 0.000000000000000000e+00 0.000000000000000000e+00 4.494047619047619180e-01
4.351851851851851749e-01 0.000000000000000000e+00 0.000000000000000000e+00 0.000000000000000000e+00 4.311926605504586840e-01
9.425675675675675436e-01 9.090909090909090606e-01 9.345794392523364413e-01 9.216589861751152135e-01 9.408346931711417671e-01
6.310679611650485965e-01 3.599999999999999867e-01 8.411214953271027583e-02 1.363636363636363535e-01 5.024521143703155612e-01
5.598591549295774961e-01 0.000000000000000000e+00 0.000000000000000000e+00 0.000000000000000000e+00 4.491525423728813804e-01
6.250000000000000000e-01 4.705882352941176405e-01 7.476635514018691031e-02 1.290322580645160977e-01 5.125212991170547960e-01
6.066666666666666874e-01 0.000000000000000000e+00 0.000000000000000000e+00 0.000000000000000000e+00 4.715025906735751393e-01
5.401459854014598605e-01 0.000000000000000000e+00 0.000000000000000000e+00 0.000000000000000000e+00 4.431137724550898160e-01
5.987055016181229705e-01 9.523809523809523281e-02 1.869158878504672758e-02 3.124999999999999653e-02 4.623160914222263496e-01
9.378881987577639689e-01 8.425196850393700254e-01 1.000000000000000000e+00 9.145299145299145005e-01 9.534883720930232842e-01
6.175438596491228394e-01 4.500000000000000111e-01 8.411214953271027583e-02 1.417322834645669272e-01 5.111571983618606874e-01
9.437499999999999778e-01 8.559999999999999831e-01 1.000000000000000000e+00 9.224137931034482873e-01 9.577464788732394929e-01
9.519230769230768718e-01 8.770491803278688270e-01 1.000000000000000000e+00 9.344978165938864212e-01 9.634146341463415419e-01
5.895765472312703981e-01 0.000000000000000000e+00 0.000000000000000000e+00 0.000000000000000000e+00 4.525000000000000133e-01
9.784172661870503829e-01 9.469026548672566657e-01 1.000000000000000000e+00 9.727272727272727737e-01 9.824561403508771384e-01
6.026490066225165254e-01 0.000000000000000000e+00 0.000000000000000000e+00 0.000000000000000000e+00 4.666666666666666741e-01
5.689655172413793371e-01 0.000000000000000000e+00 0.000000000000000000e+00 0.000000000000000000e+00 4.508196721311475419e-01
5.922330097087378231e-01 0.000000000000000000e+00 0.000000000000000000e+00 0.000000000000000000e+00 4.529702970297029840e-01
5.401459854014598605e-01 0.000000000000000000e+00 0.000000000000000000e+00 0.000000000000000000e+00 4.431137724550898160e-01
5.987055016181229705e-01 9.523809523809523281e-02 1.869158878504672758e-02 3.124999999999999653e-02 4.623160914222263496e-01
5.757575757575758013e-01 0.000000000000000000e+00 0.000000000000000000e+00 0.000000000000000000e+00 4.500000000000000111e-01
5.816326530612244694e-01 0.000000000000000000e+00 0.000000000000000000e+00 0.000000000000000000e+00 4.572192513368983913e-01
9.378881987577639689e-01 8.425196850393700254e-01 1.000000000000000000e+00 9.145299145299145005e-01 9.534883720930232842e-01
6.334405144694533751e-01 3.478260869565217295e-01 7.476635514018691031e-02 1.230769230769230560e-01 5.006184716877405405e-01
5.261194029850746468e-01 0.000000000000000000e+00 0.000000000000000000e+00 0.000000000000000000e+00 4.378881987577639689e-01
5.480427046263345314e-01 0.000000000000000000e+00 0.000000000000000000e+00 0.000000000000000000e+00 4.425287356321839227e-01
6.742671009771986634e-01 6.060606060606060774e-01 1.869158878504672827e-01 2.857142857142856984e-01 5.609579439252336819e-01
5.844594594594594295e-01 0.000000000000000000e+00 0.000000000000000000e+00 0.000000000000000000e+00 4.576719576719576743e-01
5.350553505535055043e-01 0.000000000000000000e+00 0.000000000000000000e+00 0.000000000000000000e+00 4.420731707317073211e-01
6.354838709677419484e-01 3.750000000000000000e-01 8.411214953271027583e-02 1.374045801526717347e-01 5.051102619584733056e-01
9.629629629629629095e-01 9.067796610169491789e-01 1.000000000000000000e+00 9.511111111111111294e-01 9.710526315789473895e-01
