5.766666666666666607e-01 0.000000000000000000e+00 0.000000000000000000e+00 0.000000000000000000e+00 4.481865284974093089e-01
9.378881987577639689e-01 8.425196850393700254e-01 1.000000000000000000e+00 9.145299145299145005e-01 9.534883720930232842e-01
5.808580858085808929e-01 0.000000000000000000e+00 0.000000000000000000e+00 0.000000000000000000e+00 4.489795918367346927e-01
5.927272727272727693e-01 3.809523809523809312e-01 7.476635514018691031e-02 1.249999999999999861e-01 4.986927013796172981e-01
8.390410958904109817e-01 8.658536585365853577e-01 6.635514018691588412e-01 7.513227513227513921e-01 8.020459712048496614e-01
5.471014492753623060e-01 0.000000000000000000e+00 0.000000000000000000e+00 0.000000000000000000e+00 4.467455621301775204e-01
6.102362204724409711e-01 8.333333333333333703e-01 9.345794392523364136e-02 1.680672268907562883e-01 5.399262508741814459e-01
5.959595959595959114e-01 0.000000000000000000e+00 0.000000000000000000e+00 0.000000000000000000e+00 4.657894736842105310e-01
7.018633540372670732e-01 6.078431372549019107e-01 2.897196261682242757e-01 3.924050632911391667e-01 5.983481851771353943e-01
6.342281879194631156e-01 4.615384615384615641e-01 1.121495327102803724e-01 1.804511278195488622e-01 5.194255516954543461e-01
6.360655737704917767e-01 4.166666666666666852e-01 9.345794392523364136e-02 1.526717557251908441e-01 5.113754366090814685e-01
6.233766233766233622e-01 3.448275862068965747e-01 9.345794392523364136e-02 1.470588235294117696e-01 4.994652903705769642e-01
5.177865612648221427e-01 0.000000000000000000e+00 0.000000000000000000e+00 0.000000000000000000e+00 4.486301369863013866e-01
5.699300699300698936e-01 0.000000000000000000e+00 0.000000000000000000e+00 0.000000000000000000e+00 4.553072625698323939e-01
9.408099688473520184e-01 8.492063492063491870e-01 1.000000000000000000e+00 9.184549356223175032e-01 9.556074766355140415e-01
5.448028673835125790e-01 0.000000000000000000e+00 0.000000000000000000e+00 0.000000000000000000e+00 4.418604651162790775e-01
5.780730897009966895e-01 0.000000000000000000e+00 0.000000000000000000e+00 0.000000000000000000e+00 4.484536082474226970e-01
5.967213114754098546e-01 0.000000000000000000e+00 0.000000000000000000e+00 0.000000000000000000e+00 4.595959595959596133e-01
5.421245421245420859e-01 0.000000000000000000e+00 0.000000000000000000e+00 0.000000000000000000e+00 4.457831325301204739e-01
6.089743589743589203e-01 1.739130434782608647e-01 3.738317757009345516e-02 6.153846153846152800e-02 4.723501253704125991e-01
8.291139240506328889e-01 8.192771084337349130e-01 6.355140186915887446e-01 7.157894736842104200e-01 7.818718418816795745e-01
5.155038759689922756e-01 0.000000000000000000e+00 0.000000000000000000e+00 0.000000000000000000e+00 4.403973509933775121e-01
5.709459459459459429e-01 0.000000000000000000e+00 0.000000000000000000e+00 0.000000000000000000e+00 4.470899470899470929e-01
6.241830065359477153e-01 3.333333333333333148e-01 7.476635514018691031e-02 1.221374045801526531e-01 4.971821725449678264e-01
5.699300699300698936e-01 0.000000000000000000e+00 0.000000000000000000e+00 0.000000000000000000e+00 4.553072625698323939e-01
9.408099688473520184e-01 8.492063492063491870e-01 1.000000000000000000e+00 9.184549356223175032e-01 9.556074766355140415e-01
5.483870967741935054e-01 0.000000000000000000e+00 0.000000000000000000e+00 0.000000000000000000e+00 4.447674418604651292e-01
5.350553505535055043e-01 0.000000000000000000e+00 0.000000000000000000e+00 0.000000000000000000e+00 4.420731707317073211e-01
5.175097276264591928e-01 9.523809523809523281e-02 1.869158878504672758e-02 3.124999999999999653e-02 4.460124610591900129e-01
5.767790262172284299e-01 3.846153846153846367e-01 9.345794392523364136e-02 1.503759398496240518e-01 4.967289719626168387e-01
5.609756097560976151e-01 0.000000000000000000e+00 0.000000000000000000e+00 0.000000000000000000e+00 4.472222222222222432e-01
4.814814814814814548e-01 0.000000000000000000e+00 0.000000000000000000e+00 0.000000000000000000e+00 4.301470588235294379e-01
9.580645161290322065e-01 8.983050847457627608e-01 9.906542056074766345e-01 9.422222222222221832e-01 9.657704525574327681e-01
9.376947040498442298e-01 8.425196850393700254e-01 1.000000000000000000e+00 9.145299145299145005e-01 9.532710280373831724e-01
5.785714285714286254e-01 2.962962962962962798e-01 7.476635514018691031e-02 1.194029850746268634e-01 4.824698827724056005e-01
5.335820895522388474e-01 0.000000000000000000e+00 0.000000000000000000e+00 0.000000000000000000e+00 4.440993788819875832e-01
6.196721311475409388e-01 2.631578947368420907e-01 4.672897196261682068e-02 7.936507936507936067e-02 4.880109506277729992e-01
