6.187290969899665871e-01 1.111111111111111049e-01 9.345794392523363789e-03 1.724137931034482735e-02 4.838395638629283124e-01
5.786163522012578442e-01 0.000000000000000000e+00 0.000000000000000000e+00 0.000000000000000000e+00 4.360189573459715695e-01
6.228956228956229468e-01 1.428571428571428492e-01 9.345794392523363789e-03 1.754385964912280604e-02 4.888834235120511074e-01
9.509803921568626972e-01 8.770491803278688270e-01 1.000000000000000000e+00 9.344978165938864212e-01 9.623115577889447270e-01
9.208860759493671111e-01 8.106060606060605522e-01 1.000000000000000000e+00 8.953974895397489586e-01 9.401913875598086889e-01
6.271186440677966045e-01 2.000000000000000111e-01 9.345794392523363789e-03 1.785714285714285615e-02 4.940345993239211864e-01
9.326923076923077094e-01 8.359375000000000000e-01 1.000000000000000000e+00 9.106382978723404076e-01 9.487804878048781143e-01
6.531986531986532230e-01 6.250000000000000000e-01 9.345794392523364136e-02 1.626016260162601590e-01 5.309394982784063632e-01
5.786163522012578442e-01 0.000000000000000000e+00 0.000000000000000000e+00 0.000000000000000000e+00 4.360189573459715695e-01
9.572368421052631637e-01 8.916666666666667185e-01 1.000000000000000000e+00 9.427312775330397576e-01 9.670050761421320473e-01
5.786163522012578442e-01 0.000000000000000000e+00 0.000000000000000000e+00 0.000000000000000000e+00 4.360189573459715695e-01
6.307189542483659928e-01 3.750000000000000000e-01 8.411214953271027583e-02 1.374045801526717347e-01 5.043676325552998163e-01
5.967741935483871218e-01 5.000000000000000278e-02 9.345794392523363789e-03 1.574803149606298844e-02 4.578748676396113826e-01
6.527331189710611214e-01 4.871794871794871695e-01 1.775700934579439172e-01 2.602739726027397116e-01 5.397654388858346142e-01
9.179810725552050021e-01 8.045112781954887327e-01 1.000000000000000000e+00 8.916666666666667185e-01 9.380952380952380931e-01
6.045751633986927720e-01 6.250000000000000000e-02 9.345794392523363789e-03 1.626016260162601451e-02 4.669844549852063542e-01
9.509803921568626972e-01 8.770491803278688270e-01 1.000000000000000000e+00 9.344978165938864212e-01 9.623115577889447270e-01
9.509803921568626972e-01 8.770491803278688270e-01 1.000000000000000000e+00 9.344978165938864212e-01 9.623115577889447270e-01
6.006493506493506551e-01 5.555555555555555247e-02 9.345794392523363789e-03 1.600000000000000033e-02 4.623843399823313050e-01
5.910543130990415506e-01 4.347826086956521618e-02 9.345794392523363789e-03 1.538461538461538200e-02 4.512748389438344665e-01
9.387096774193548487e-01 8.492063492063491870e-01 1.000000000000000000e+00 9.184549356223175032e-01 9.532019704433497553e-01
9.603960396039603609e-01 8.991596638655462437e-01 1.000000000000000000e+00 9.469026548672566657e-01 9.693877551020408934e-01
5.786163522012578442e-01 0.000000000000000000e+00 0.000000000000000000e+00 0.000000000000000000e+00 4.360189573459715695e-01
5.910543130990415506e-01 4.347826086956521618e-02 9.345794392523363789e-03 1.538461538461538200e-02 4.512748389438344665e-01
6.527331189710611214e-01 4.871794871794871695e-01 1.775700934579439172e-01 2.602739726027397116e-01 5.397654388858346142e-01
9.179810725552050021e-01 8.045112781954887327e-01 1.000000000000000000e+00 8.916666666666667185e-01 9.380952380952380931e-01
6.032258064516129448e-01 1.363636363636363535e-01 2.803738317757009310e-02 4.651162790697674354e-02 4.672206620321347481e-01
6.711409395973154668e-01 6.956521739130434590e-01 1.495327102803738206e-01 2.461538461538461120e-01 5.564417478103440562e-01
6.233333333333332948e-01 2.500000000000000000e-01 2.803738317757009310e-02 5.042016806722689204e-02 4.907026294126192179e-01
7.974276527331189968e-01 7.619047619047618625e-01 5.981308411214952825e-01 6.701570680628271548e-01 7.500458127176105050e-01
6.464646464646465196e-01 5.714285714285713969e-01 7.476635514018691031e-02 1.322314049586776619e-01 5.215937038858829977e-01
9.326923076923077094e-01 8.359375000000000000e-01 1.000000000000000000e+00 9.106382978723404076e-01 9.487804878048781143e-01
5.786163522012578442e-01 0.000000000000000000e+00 0.000000000000000000e+00 0.000000000000000000e+00 4.360189573459715695e-01
7.214765100671141074e-01 8.157894736842105088e-01 2.897196261682242757e-01 4.275862068965516904e-01 6.265352057542692421e-01
9.417475728155340065e-01 8.559999999999999831e-01 1.000000000000000000e+00 9.224137931034482873e-01 9.554455445544555170e-01
9.297124600638977387e-01 8.294573643410853014e-01 1.000000000000000000e+00 9.067796610169490679e-01 9.466019417475728392e-01
6.085526315789473450e-01 7.142857142857142461e-02 9.345794392523363789e-03 1.652892561983470773e-02 4.716779733383936191e-01
