5.967741935483871218e-01 5.000000000000000278e-02 9.345794392523363789e-03 1.574803149606298844e-02 4.578748676396113826e-01
9.478827361563517684e-01 8.699186991869918284e-01 1.000000000000000000e+00 9.304347826086956097e-01 9.600000000000000755e-01
6.065573770491803351e-01 6.666666666666666574e-02 9.345794392523363789e-03 1.639344262295081706e-02 4.693193618427262681e-01
8.504983388704319136e-01 8.780487804878048808e-01 6.728971962616822067e-01 7.619047619047618625e-01 8.106754022545524796e-01
6.250000000000000000e-01 3.437500000000000000e-01 1.028037383177570069e-01 1.582733812949640162e-01 5.001823569637565692e-01
6.241610738255033430e-01 2.222222222222222099e-01 1.869158878504672758e-02 3.448275862068965469e-02 4.910211870626804420e-01
6.045751633986927720e-01 6.250000000000000000e-02 9.345794392523363789e-03 1.626016260162601451e-02 4.669844549852063542e-01
6.105610561056105112e-01 7.692307692307692735e-02 9.345794392523363789e-03 1.666666666666666644e-02 4.740606522983024651e-01
9.208860759493671111e-01 8.106060606060605522e-01 1.000000000000000000e+00 8.953974895397489586e-01 9.401913875598086889e-01
7.800000000000000266e-01 8.474576271186440302e-01 4.672897196261682207e-01 6.024096385542168086e-01 7.103287976369183632e-01
9.200000000000000400e-01 9.108910891089109230e-01 8.598130841121495171e-01 8.846153846153845812e-01 9.065904798799090392e-01
9.326923076923077094e-01 8.359375000000000000e-01 1.000000000000000000e+00 9.106382978723404076e-01 9.487804878048781143e-01
6.141479099678456288e-01 2.592592592592592449e-01 6.542056074766354479e-02 1.044776119402985037e-01 4.836906725306945320e-01
7.433333333333332904e-01 8.125000000000000000e-01 3.644859813084111999e-01 5.032258064516128560e-01 6.589269284780397973e-01
9.603960396039603609e-01 8.991596638655462437e-01 1.000000000000000000e+00 9.469026548672566657e-01 9.693877551020408934e-01
5.967741935483871218e-01 5.000000000000000278e-02 9.345794392523363789e-03 1.574803149606298844e-02 4.578748676396113826e-01
5.967741935483871218e-01 5.000000000000000278e-02 9.345794392523363789e-03 1.574803149606298844e-02 4.578748676396113826e-01
5.948553054662379935e-01 4.761904761904761640e-02 9.345794392523363789e-03 1.562499999999999827e-02 4.556532893531243800e-01
6.895424836601307117e-01 6.428571428571429047e-01 2.523364485981308136e-01 3.624161073825503121e-01 5.884797820880101060e-01
9.238095238095238582e-01 8.167938931297710203e-01 1.000000000000000000e+00 8.991596638655461327e-01 9.423076923076922906e-01
7.090301003344481323e-01 7.777777777777777901e-01 2.616822429906541791e-01 3.916083916083916150e-01 6.100077881619938580e-01
6.500000000000000222e-01 5.500000000000000444e-01 1.028037383177570069e-01 1.732283464566929110e-01 5.280858069827126799e-01
5.929487179487179516e-01 4.545454545454545581e-02 9.345794392523363789e-03 1.550387596899224611e-02 4.534533850011397416e-01
7.281879194630872520e-01 8.249999999999999556e-01 3.084112149532710068e-01 4.489795918367346372e-01 6.358810001467924966e-01
7.433333333333332904e-01 8.125000000000000000e-01 3.644859813084111999e-01 5.032258064516128560e-01 6.589269284780397973e-01
9.603960396039603609e-01 8.991596638655462437e-01 1.000000000000000000e+00 9.469026548672566657e-01 9.693877551020408934e-01
5.891719745222929738e-01 4.166666666666666435e-02 9.345794392523363789e-03 1.526717557251908164e-02 4.491173416407060470e-01
5.967741935483871218e-01 5.000000000000000278e-02 9.345794392523363789e-03 1.574803149606298844e-02 4.578748676396113826e-01
5.929487179487179516e-01 4.545454545454545581e-02 9.345794392523363789e-03 1.550387596899224611e-02 4.534533850011397416e-01
6.006493506493506551e-01 5.555555555555555247e-02 9.345794392523363789e-03 1.600000000000000033e-02 4.623843399823313050e-01
5.929487179487179516e-01 4.545454545454545581e-02 9.345794392523363789e-03 1.550387596899224611e-02 4.534533850011397416e-01
6.292517006802721413e-01 2.500000000000000000e-01 9.345794392523363789e-03 1.801801801801801786e-02 4.966515068219300999e-01
9.603960396039603609e-01 8.991596638655462437e-01 1.000000000000000000e+00 9.469026548672566657e-01 9.693877551020408934e-01
6.357388316151202368e-01 1.000000000000000000e+00 9.345794392523363789e-03 1.851851851851851749e-02 5.046728971962616273e-01
6.271186440677966045e-01 2.000000000000000111e-01 9.345794392523363789e-03 1.785714285714285615e-02 4.940345993239211864e-01
6.006493506493506551e-01 5.555555555555555247e-02 9.345794392523363789e-03 1.600000000000000033e-02 4.623843399823313050e-01
5.967741935483871218e-01 5.000000000000000278e-02 9.345794392523363789e-03 1.574803149606298844e-02 4.578748676396113826e-01
