9.238095238095238582e-01 8.167938931297710203e-01 1.000000000000000000e+00 8.991596638655461327e-01 9.423076923076922906e-01
6.600000000000000311e-01 6.086956521739130821e-01 1.308411214953270896e-01 2.153846153846153411e-01 5.421044985714977837e-01
9.603960396039603609e-01 8.991596638655462437e-01 1.000000000000000000e+00 9.469026548672566657e-01 9.693877551020408934e-01
5.910543130990415506e-01 4.347826086956521618e-02 9.345794392523363789e-03 1.538461538461538200e-02 4.512748389438344665e-01
9.208860759493671111e-01 8.106060606060605522e-01 1.000000000000000000e+00 8.953974895397489586e-01 9.401913875598086889e-01
7.948717948717948234e-01 7.529411764705882248e-01 5.981308411214952825e-01 6.666666666666666297e-01 7.478459083656257000e-01
6.295081967213115304e-01 3.636363636363636465e-01 7.476635514018691031e-02 1.240310077519379689e-01 5.020296422165581030e-01
6.228956228956229468e-01 1.428571428571428492e-01 9.345794392523363789e-03 1.754385964912280604e-02 4.888834235120511074e-01
8.987341772151898889e-01 8.000000000000000444e-01 9.345794392523364413e-01 8.620689655172415478e-01 9.074811071859769651e-01
6.406779661016949179e-01 5.555555555555555802e-01 4.672897196261682068e-02 8.620689655172412980e-02 5.127261881089679729e-01
5.786163522012578442e-01 0.000000000000000000e+00 0.000000000000000000e+00 0.000000000000000000e+00 4.360189573459715695e-01
5.999999999999999778e-01 9.523809523809523281e-02 1.869158878504672758e-02 3.124999999999999653e-02 4.625477648358731209e-01
5.786163522012578442e-01 0.000000000000000000e+00 0.000000000000000000e+00 0.000000000000000000e+00 4.360189573459715695e-01
5.786163522012578442e-01 0.000000000000000000e+00 0.000000000000000000e+00 0.000000000000000000e+00 4.360189573459715695e-01
7.371794871794872250e-01 6.865671641791044610e-01 4.299065420560747586e-01 5.287356321839080664e-01 6.637337588329155214e-01
9.383561643835616195e-01 9.890109890109890500e-01 8.411214953271027861e-01 9.090909090909091717e-01 9.178580449608487735e-01
5.929487179487179516e-01 4.545454545454545581e-02 9.345794392523363789e-03 1.550387596899224611e-02 4.534533850011397416e-01
5.929487179487179516e-01 4.545454545454545581e-02 9.345794392523363789e-03 1.550387596899224611e-02 4.534533850011397416e-01
6.815068493150684414e-01 9.375000000000000000e-01 1.401869158878504551e-01 2.439024390243902662e-01 5.673907552412225108e-01
6.045751633986927720e-01 6.250000000000000000e-02 9.345794392523363789e-03 1.626016260162601451e-02 4.669844549852063542e-01
9.208860759493671111e-01 8.106060606060605522e-01 1.000000000000000000e+00 8.953974895397489586e-01 9.401913875598086889e-01
5.929487179487179516e-01 4.545454545454545581e-02 9.345794392523363789e-03 1.550387596899224611e-02 4.534533850011397416e-01
6.187290969899665871e-01 1.111111111111111049e-01 9.345794392523363789e-03 1.724137931034482735e-02 4.838395638629283124e-01
6.744966442953019836e-01 7.083333333333333703e-01 1.588785046728971861e-01 2.595419847328244156e-01 5.611146450066056834e-01
5.786163522012578442e-01 0.000000000000000000e+00 0.000000000000000000e+00 0.000000000000000000e+00 4.360189573459715695e-01
7.371794871794872250e-01 6.865671641791044610e-01 4.299065420560747586e-01 5.287356321839080664e-01 6.637337588329155214e-01
5.987055016181229705e-01 5.263157894736841813e-02 9.345794392523363789e-03 1.587301587301587213e-02 4.601184417507170887e-01
5.786163522012578442e-01 0.000000000000000000e+00 0.000000000000000000e+00 0.000000000000000000e+00 4.360189573459715695e-01
9.208860759493671111e-01 8.106060606060605522e-01 1.000000000000000000e+00 8.953974895397489586e-01 9.401913875598086889e-01
9.572368421052631637e-01 8.916666666666667185e-01 1.000000000000000000e+00 9.427312775330397576e-01 9.670050761421320473e-01
5.910543130990415506e-01 4.347826086956521618e-02 9.345794392523363789e-03 1.538461538461538200e-02 4.512748389438344665e-01
6.078431372549019107e-01 1.176470588235294101e-01 1.869158878504672758e-02 3.225806451612902442e-02 4.716573521814680925e-01
5.835962145110410448e-01 3.703703703703703498e-02 9.345794392523363789e-03 1.492537313432835792e-02 4.427681352914997759e-01
6.891891891891891442e-01 8.000000000000000444e-01 1.869158878504672827e-01 3.030303030303029832e-01 5.802304306977204007e-01
5.993589743589743390e-01 1.250000000000000000e-01 2.803738317757009310e-02 4.580152671755725186e-02 4.627991793936631071e-01
9.509803921568626972e-01 8.770491803278688270e-01 1.000000000000000000e+00 9.344978165938864212e-01 9.623115577889447270e-01
9.356913183279742530e-01 8.425196850393700254e-01 1.000000000000000000e+00 9.145299145299145005e-01 9.509803921568628082e-01
