6.279069767441860517e-01 0.000000000000000000e+00 0.000000000000000000e+00 0.000000000000000000e+00 4.871134020618556604e-01
9.440993788819875832e-01 8.559999999999999831e-01 1.000000000000000000e+00 9.224137931034482873e-01 9.581395348837209447e-01
8.176100628930818015e-01 8.181818181818182323e-01 5.887850467289719170e-01 6.847826086956521063e-01 7.612171679142489822e-01
9.499999999999999556e-01 8.699186991869918284e-01 1.000000000000000000e+00 9.304347826086956097e-01 9.624413145539906234e-01
6.426229508196721341e-01 4.615384615384615641e-01 1.121495327102803724e-01 1.804511278195488622e-01 5.207212310016048340e-01
9.559748427672956073e-01 8.842975206611570771e-01 1.000000000000000000e+00 9.385964912280702066e-01 9.668246445497630237e-01
6.593059936908517438e-01 4.799999999999999822e-01 1.121495327102803724e-01 1.818181818181818232e-01 5.251223854027592397e-01
6.527331189710611214e-01 4.814814814814814548e-01 1.214953271028037379e-01 1.940298507462686617e-01 5.264339380612057528e-01
9.440993788819875832e-01 8.559999999999999831e-01 1.000000000000000000e+00 9.224137931034482873e-01 9.581395348837209447e-01
9.440993788819875832e-01 8.559999999999999831e-01 1.000000000000000000e+00 9.224137931034482873e-01 9.581395348837209447e-01
8.424437299035369975e-01 8.452380952380952328e-01 6.635514018691588412e-01 7.434554973821988488e-01 7.999129558365402071e-01
9.499999999999999556e-01 8.699186991869918284e-01 1.000000000000000000e+00 9.304347826086956097e-01 9.624413145539906234e-01
9.228295819935691258e-01 9.029126213592233441e-01 8.691588785046728827e-01 8.857142857142857872e-01 9.100696353307677899e-01
6.910828025477706582e-01 6.315789473684210176e-01 2.242990654205607448e-01 3.310344827586206851e-01 5.783331075895075113e-01
9.440993788819875832e-01 8.559999999999999831e-01 1.000000000000000000e+00 9.224137931034482873e-01 9.581395348837209447e-01
9.680511182108626489e-01 9.145299145299145005e-01 1.000000000000000000e+00 9.553571428571429047e-01 9.757281553398058360e-01
7.218750000000000444e-01 6.800000000000000488e-01 3.177570093457943723e-01 4.331210191082802696e-01 6.213198192268879483e-01
6.538461538461538547e-01 4.736842105263157632e-01 8.411214953271027583e-02 1.428571428571428492e-01 5.176658308639160433e-01
9.440993788819875832e-01 8.559999999999999831e-01 1.000000000000000000e+00 9.224137931034482873e-01 9.581395348837209447e-01
6.279069767441860517e-01 2.222222222222222099e-01 1.869158878504672758e-02 3.448275862068965469e-02 4.913045572791213123e-01
9.499999999999999556e-01 8.699186991869918284e-01 1.000000000000000000e+00 9.304347826086956097e-01 9.624413145539906234e-01
9.499999999999999556e-01 8.699186991869918284e-01 1.000000000000000000e+00 9.304347826086956097e-01 9.624413145539906234e-01
9.498432601880877346e-01 8.699186991869918284e-01 1.000000000000000000e+00 9.304347826086956097e-01 9.622641509433962348e-01
8.611987381703469779e-01 8.539325842696628976e-01 7.102803738317756688e-01 7.755102040816326259e-01 8.241878059635069365e-01
6.910828025477706582e-01 6.315789473684210176e-01 2.242990654205607448e-01 3.310344827586206851e-01 5.783331075895075113e-01
9.440993788819875832e-01 8.559999999999999831e-01 1.000000000000000000e+00 9.224137931034482873e-01 9.581395348837209447e-01
5.669291338582677087e-01 4.210526315789473450e-01 7.476635514018691031e-02 1.269841269841269771e-01 4.999682115836989182e-01
6.448598130841121101e-01 3.793103448275861878e-01 1.028037383177570069e-01 1.617647058823529493e-01 5.093457943925233655e-01
5.985663082437275850e-01 0.000000000000000000e+00 0.000000000000000000e+00 0.000000000000000000e+00 4.854651162790697416e-01
9.470404984423675954e-01 8.629032258064516236e-01 1.000000000000000000e+00 9.264069264069264564e-01 9.602803738317757798e-01
6.478405315614618187e-01 5.135135135135134865e-01 1.775700934579439172e-01 2.638888888888888951e-01 5.423932941516522721e-01
6.464968152866241713e-01 4.333333333333333481e-01 1.214953271028037379e-01 1.897810218978102370e-01 5.196848616190345993e-01
9.440993788819875832e-01 8.559999999999999831e-01 1.000000000000000000e+00 9.224137931034482873e-01 9.581395348837209447e-01
9.499999999999999556e-01 8.699186991869918284e-01 1.000000000000000000e+00 9.304347826086956097e-01 9.624413145539906234e-01
5.178571428571429047e-01 0.000000000000000000e+00 0.000000000000000000e+00 0.000000000000000000e+00 4.957264957264957417e-01
9.529780564263322651e-01 8.770491803278688270e-01 1.000000000000000000e+00 9.344978165938864212e-01 9.646226415094338869e-01
9.470404984423675954e-01 8.629032258064516236e-01 1.000000000000000000e+00 9.264069264069264564e-01 9.602803738317757798e-01
