8.354037267080745011e-01 8.000000000000000444e-01 6.728971962616822067e-01 7.309644670050762238e-01 7.945881330145621035e-01
9.440993788819875832e-01 8.559999999999999831e-01 1.000000000000000000e+00 9.224137931034482873e-01 9.581395348837209447e-01
9.498432601880877346e-01 8.699186991869918284e-01 1.000000000000000000e+00 9.304347826086956097e-01 9.622641509433962348e-01
9.440993788819875832e-01 8.559999999999999831e-01 1.000000000000000000e+00 9.224137931034482873e-01 9.581395348837209447e-01
9.529780564263322651e-01 8.770491803278688270e-01 1.000000000000000000e+00 9.344978165938864212e-01 9.646226415094338869e-01
9.308176100628930971e-01 8.761061946902655162e-01 9.252336448598130758e-01 9.000000000000000222e-01 9.294414669796695616e-01
9.499999999999999556e-01 8.699186991869918284e-01 1.000000000000000000e+00 9.304347826086956097e-01 9.624413145539906234e-01
9.440993788819875832e-01 8.559999999999999831e-01 1.000000000000000000e+00 9.224137931034482873e-01 9.581395348837209447e-01
9.555555555555556024e-01 8.907563025210084584e-01 9.906542056074766345e-01 9.380530973451327581e-01 9.640771028037382617e-01
9.440993788819875832e-01 8.559999999999999831e-01 1.000000000000000000e+00 9.224137931034482873e-01 9.581395348837209447e-01
9.440993788819875832e-01 8.559999999999999831e-01 1.000000000000000000e+00 9.224137931034482873e-01 9.581395348837209447e-01
9.440993788819875832e-01 8.559999999999999831e-01 1.000000000000000000e+00 9.224137931034482873e-01 9.581395348837209447e-01
9.440993788819875832e-01 8.559999999999999831e-01 1.000000000000000000e+00 9.224137931034482873e-01 9.581395348837209447e-01
9.440993788819875832e-01 8.559999999999999831e-01 1.000000000000000000e+00 9.224137931034482873e-01 9.581395348837209447e-01
9.470404984423675954e-01 8.629032258064516236e-01 1.000000000000000000e+00 9.264069264069264564e-01 9.602803738317757798e-01
9.440993788819875832e-01 8.559999999999999831e-01 1.000000000000000000e+00 9.224137931034482873e-01 9.581395348837209447e-01
9.440993788819875832e-01 8.559999999999999831e-01 1.000000000000000000e+00 9.224137931034482873e-01 9.581395348837209447e-01
9.440993788819875832e-01 8.559999999999999831e-01 1.000000000000000000e+00 9.224137931034482873e-01 9.581395348837209447e-01
9.440993788819875832e-01 8.559999999999999831e-01 1.000000000000000000e+00 9.224137931034482873e-01 9.581395348837209447e-01
8.509316770186335921e-01 8.105263157894736503e-01 7.196261682242990343e-01 7.623762376237622762e-01 8.179526189958704618e-01
5.658914728682170603e-01 0.000000000000000000e+00 0.000000000000000000e+00 0.000000000000000000e+00 4.834437086092715496e-01
9.440993788819875832e-01 8.559999999999999831e-01 1.000000000000000000e+00 9.224137931034482873e-01 9.581395348837209447e-01
9.528301886792452935e-01 8.770491803278688270e-01 1.000000000000000000e+00 9.344978165938864212e-01 9.644549763033175571e-01
6.719242902208202306e-01 5.517241379310344751e-01 1.495327102803738206e-01 2.352941176470587925e-01 5.438139741878059708e-01
9.440993788819875832e-01 8.559999999999999831e-01 1.000000000000000000e+00 9.224137931034482873e-01 9.581395348837209447e-01
9.470404984423675954e-01 8.629032258064516236e-01 1.000000000000000000e+00 9.264069264069264564e-01 9.602803738317757798e-01
8.942307692307692735e-01 9.021739130434782705e-01 7.757009345794392274e-01 8.341708542713568431e-01 8.658992477775244723e-01
6.863354037267080932e-01 5.714285714285713969e-01 2.242990654205607448e-01 3.221476510067113885e-01 5.702890675940013310e-01
6.182432432432432012e-01 0.000000000000000000e+00 0.000000000000000000e+00 0.000000000000000000e+00 4.841269841269841279e-01
8.333333333333333703e-01 8.214285714285713969e-01 6.448598130841121101e-01 7.225130890052354760e-01 7.868848828453736122e-01
9.619047619047619291e-01 8.991596638655462437e-01 1.000000000000000000e+00 9.469026548672566657e-01 9.711538461538461453e-01
9.529780564263322651e-01 8.770491803278688270e-01 1.000000000000000000e+00 9.344978165938864212e-01 9.646226415094338869e-01
9.440993788819875832e-01 8.559999999999999831e-01 1.000000000000000000e+00 9.224137931034482873e-01 9.581395348837209447e-01
9.529780564263322651e-01 8.770491803278688270e-01 1.000000000000000000e+00 9.344978165938864212e-01 9.646226415094338869e-01
9.440993788819875832e-01 8.559999999999999831e-01 1.000000000000000000e+00 9.224137931034482873e-01 9.581395348837209447e-01
9.440993788819875832e-01 8.559999999999999831e-01 1.000000000000000000e+00 9.224137931034482873e-01 9.581395348837209447e-01
9.555555555555556024e-01 8.842975206611570771e-01 1.000000000000000000e+00 9.385964912280702066e-01 9.663461538461538547e-01
