9.440993788819875832e-01 8.559999999999999831e-01 1.000000000000000000e+00 9.224137931034482873e-01 9.581395348837209447e-01
9.440993788819875832e-01 8.559999999999999831e-01 1.000000000000000000e+00 9.224137931034482873e-01 9.581395348837209447e-01
9.440993788819875832e-01 8.559999999999999831e-01 1.000000000000000000e+00 9.224137931034482873e-01 9.581395348837209447e-01
9.440993788819875832e-01 8.559999999999999831e-01 1.000000000000000000e+00 9.224137931034482873e-01 9.581395348837209447e-01
9.440993788819875832e-01 8.559999999999999831e-01 1.000000000000000000e+00 9.224137931034482873e-01 9.581395348837209447e-01
7.197452229299362569e-01 7.111111111111111382e-01 2.990654205607476412e-01 4.210526315789474006e-01 6.181317440967989407e-01
8.105590062111801553e-01 7.804878048780488076e-01 5.981308411214952825e-01 6.772486772486772111e-01 7.572049554444686414e-01
7.348242811501597416e-01 7.399999999999999911e-01 3.457943925233644689e-01 4.713375796178343458e-01 6.413437982034297935e-01
6.910828025477706582e-01 6.315789473684210176e-01 2.242990654205607448e-01 3.310344827586206851e-01 5.783331075895075113e-01
9.440993788819875832e-01 8.559999999999999831e-01 1.000000000000000000e+00 9.224137931034482873e-01 9.581395348837209447e-01
9.440993788819875832e-01 8.559999999999999831e-01 1.000000000000000000e+00 9.224137931034482873e-01 9.581395348837209447e-01
9.440993788819875832e-01 8.559999999999999831e-01 1.000000000000000000e+00 9.224137931034482873e-01 9.581395348837209447e-01
9.440993788819875832e-01 8.559999999999999831e-01 1.000000000000000000e+00 9.224137931034482873e-01 9.581395348837209447e-01
9.440993788819875832e-01 8.559999999999999831e-01 1.000000000000000000e+00 9.224137931034482873e-01 9.581395348837209447e-01
9.440993788819875832e-01 8.559999999999999831e-01 1.000000000000000000e+00 9.224137931034482873e-01 9.581395348837209447e-01
9.440993788819875832e-01 8.559999999999999831e-01 1.000000000000000000e+00 9.224137931034482873e-01 9.581395348837209447e-01
9.440993788819875832e-01 8.559999999999999831e-01 1.000000000000000000e+00 9.224137931034482873e-01 9.581395348837209447e-01
9.440993788819875832e-01 8.559999999999999831e-01 1.000000000000000000e+00 9.224137931034482873e-01 9.581395348837209447e-01
9.440993788819875832e-01 8.559999999999999831e-01 1.000000000000000000e+00 9.224137931034482873e-01 9.581395348837209447e-01
9.440993788819875832e-01 8.559999999999999831e-01 1.000000000000000000e+00 9.224137931034482873e-01 9.581395348837209447e-01
9.440993788819875832e-01 8.559999999999999831e-01 1.000000000000000000e+00 9.224137931034482873e-01 9.581395348837209447e-01
9.440993788819875832e-01 8.559999999999999831e-01 1.000000000000000000e+00 9.224137931034482873e-01 9.581395348837209447e-01
9.440993788819875832e-01 8.559999999999999831e-01 1.000000000000000000e+00 9.224137931034482873e-01 9.581395348837209447e-01
9.440993788819875832e-01 8.559999999999999831e-01 1.000000000000000000e+00 9.224137931034482873e-01 9.581395348837209447e-01
9.440993788819875832e-01 8.559999999999999831e-01 1.000000000000000000e+00 9.224137931034482873e-01 9.581395348837209447e-01
9.440993788819875832e-01 8.559999999999999831e-01 1.000000000000000000e+00 9.224137931034482873e-01 9.581395348837209447e-01
8.343949044585987629e-01 8.571428571428570953e-01 6.168224299065420135e-01 7.173913043478259421e-01 7.818411666440922003e-01
9.440993788819875832e-01 8.559999999999999831e-01 1.000000000000000000e+00 9.224137931034482873e-01 9.581395348837209447e-01
9.440993788819875832e-01 8.559999999999999831e-01 1.000000000000000000e+00 9.224137931034482873e-01 9.581395348837209447e-01
9.440993788819875832e-01 8.559999999999999831e-01 1.000000000000000000e+00 9.224137931034482873e-01 9.581395348837209447e-01
8.984126984126984405e-01 8.712871287128712838e-01 8.224299065420560551e-01 8.461538461538461453e-01 8.799649532710280830e-01
9.440993788819875832e-01 8.559999999999999831e-01 1.000000000000000000e+00 9.224137931034482873e-01 9.581395348837209447e-01
9.440993788819875832e-01 8.559999999999999831e-01 1.000000000000000000e+00 9.224137931034482873e-01 9.581395348837209447e-01
9.470404984423675954e-01 8.629032258064516236e-01 1.000000000000000000e+00 9.264069264069264564e-01 9.602803738317757798e-01
9.440993788819875832e-01 8.559999999999999831e-01 1.000000000000000000e+00 9.224137931034482873e-01 9.581395348837209447e-01
9.440993788819875832e-01 8.559999999999999831e-01 1.000000000000000000e+00 9.224137931034482873e-01 9.581395348837209447e-01
9.440993788819875832e-01 8.559999999999999831e-01 1.000000000000000000e+00 9.224137931034482873e-01 9.581395348837209447e-01
