5.279503105590062084e-01 0.000000000000000000e+00 0.000000000000000000e+00 0.000000000000000000e+00 3.953488372093023062e-01
5.279503105590062084e-01 0.000000000000000000e+00 0.000000000000000000e+00 0.000000000000000000e+00 3.953488372093023062e-01
5.279503105590062084e-01 0.000000000000000000e+00 0.000000000000000000e+00 0.000000000000000000e+00 3.953488372093023062e-01
8.738170347003154648e-01 7.278911564625850650e-01 1.000000000000000000e+00 8.425196850393700254e-01 9.047619047619047672e-01
8.486842105263158187e-01 7.479674796747967092e-01 8.598130841121495171e-01 7.999999999999999334e-01 8.512263390103894656e-01
5.369774919614147546e-01 2.564102564102564014e-02 9.345794392523363789e-03 1.369863013698630061e-02 4.115356422943008408e-01
8.906752411575562522e-01 7.588652482269503396e-01 1.000000000000000000e+00 8.629032258064516236e-01 9.166666666666667407e-01
5.313531353135313440e-01 2.702702702702702853e-02 9.345794392523363789e-03 1.388888888888888638e-02 4.128361625023840853e-01
5.279503105590062084e-01 0.000000000000000000e+00 0.000000000000000000e+00 0.000000000000000000e+00 3.953488372093023062e-01
8.793650793650793496e-01 7.379310344827586521e-01 1.000000000000000000e+00 8.492063492063492980e-01 9.086538461538461453e-01
5.279503105590062084e-01 0.000000000000000000e+00 0.000000000000000000e+00 0.000000000000000000e+00 3.953488372093023062e-01
8.233438485804416285e-01 6.946564885496183672e-01 8.504672897196261516e-01 7.647058823529412352e-01 8.299955496217178430e-01
5.279503105590062084e-01 0.000000000000000000e+00 0.000000000000000000e+00 0.000000000000000000e+00 3.953488372093023062e-01
5.320512820512820484e-01 0.000000000000000000e+00 0.000000000000000000e+00 0.000000000000000000e+00 4.048780487804878314e-01
8.602484472049689579e-01 7.039473684210526550e-01 1.000000000000000000e+00 8.262548262548262690e-01 8.953488372093022507e-01
5.251572327044025101e-01 0.000000000000000000e+00 0.000000000000000000e+00 0.000000000000000000e+00 3.957345971563981379e-01
8.683385579937303866e-01 7.181208053691274795e-01 1.000000000000000000e+00 8.359375000000000000e-01 9.009433962264150608e-01
8.849840255591053806e-01 7.482517482517482277e-01 1.000000000000000000e+00 8.559999999999999831e-01 9.126213592233008987e-01
5.365079365079364893e-01 2.439024390243902524e-02 9.345794392523363789e-03 1.351351351351351079e-02 4.085190510424154819e-01
5.279503105590062084e-01 0.000000000000000000e+00 0.000000000000000000e+00 0.000000000000000000e+00 3.953488372093023062e-01
5.283018867924528239e-01 2.222222222222222307e-02 9.345794392523363789e-03 1.315789473684210627e-02 4.004074943526597652e-01
8.602484472049689579e-01 7.039473684210526550e-01 1.000000000000000000e+00 8.262548262548262690e-01 8.953488372093022507e-01
5.279503105590062084e-01 0.000000000000000000e+00 0.000000000000000000e+00 0.000000000000000000e+00 3.953488372093023062e-01
5.279503105590062084e-01 0.000000000000000000e+00 0.000000000000000000e+00 0.000000000000000000e+00 3.953488372093023062e-01
5.320512820512820484e-01 0.000000000000000000e+00 0.000000000000000000e+00 0.000000000000000000e+00 4.048780487804878314e-01
8.602484472049689579e-01 7.039473684210526550e-01 1.000000000000000000e+00 8.262548262548262690e-01 8.953488372093022507e-01
5.314465408805031377e-01 0.000000000000000000e+00 0.000000000000000000e+00 0.000000000000000000e+00 4.004739336492890711e-01
5.279503105590062084e-01 0.000000000000000000e+00 0.000000000000000000e+00 0.000000000000000000e+00 3.953488372093023062e-01
5.408163265306122902e-01 3.333333333333333287e-02 9.345794392523363789e-03 1.459854014598539924e-02 4.271327902443899927e-01
5.279503105590062084e-01 0.000000000000000000e+00 0.000000000000000000e+00 0.000000000000000000e+00 3.953488372093023062e-01
5.279503105590062084e-01 0.000000000000000000e+00 0.000000000000000000e+00 0.000000000000000000e+00 3.953488372093023062e-01
9.202657807308970428e-01 8.167938931297710203e-01 1.000000000000000000e+00 8.991596638655461327e-01 9.381443298969072142e-01
5.279503105590062084e-01 0.000000000000000000e+00 0.000000000000000000e+00 0.000000000000000000e+00 3.953488372093023062e-01
7.788461538461538547e-01 6.666666666666666297e-01 7.102803738317756688e-01 6.877828054298642524e-01 7.624572600866196259e-01
8.602484472049689579e-01 7.039473684210526550e-01 1.000000000000000000e+00 8.262548262548262690e-01 8.953488372093022507e-01
8.738170347003154648e-01 7.278911564625850650e-01 1.000000000000000000e+00 8.425196850393700254e-01 9.047619047619047672e-01
5.469255663430421244e-01 1.162790697674418589e-01 4.672897196261682068e-02 6.666666666666666574e-02 4.293050800407143264e-01
