5.279503105590062084e-01 0.000000000000000000e+00 0.000000000000000000e+00 0.000000000000000000e+00 3.953488372093023062e-01
8.656249999999999778e-01 7.133333333333333748e-01 1.000000000000000000e+00 8.326848249027237747e-01 8.990610328638497517e-01
6.289308176100628645e-01 4.225352112676056260e-01 2.803738317757009102e-01 3.370786516853932491e-01 5.430305177835850206e-01
7.184466019417475868e-01 6.041666666666666297e-01 5.420560747663550893e-01 5.714285714285713969e-01 6.769686314425835683e-01
5.427631578947368363e-01 2.941176470588235253e-02 9.345794392523363789e-03 1.418439716312056530e-02 4.209165520185966791e-01
5.408163265306122902e-01 3.333333333333333287e-02 9.345794392523363789e-03 1.459854014598539924e-02 4.271327902443899927e-01
5.279503105590062084e-01 0.000000000000000000e+00 0.000000000000000000e+00 0.000000000000000000e+00 3.953488372093023062e-01
5.279503105590062084e-01 0.000000000000000000e+00 0.000000000000000000e+00 0.000000000000000000e+00 3.953488372093023062e-01
9.202657807308970428e-01 8.167938931297710203e-01 1.000000000000000000e+00 8.991596638655461327e-01 9.381443298969072142e-01
8.849840255591053806e-01 7.482517482517482277e-01 1.000000000000000000e+00 8.559999999999999831e-01 9.126213592233008987e-01
8.906752411575562522e-01 7.588652482269503396e-01 1.000000000000000000e+00 8.629032258064516236e-01 9.166666666666667407e-01
8.765822784810126667e-01 7.328767123287671659e-01 1.000000000000000000e+00 8.458498023715415037e-01 9.066985645933014482e-01
5.387096774193548265e-01 2.631578947368420907e-02 9.345794392523363789e-03 1.379310344827586188e-02 4.135398922701532531e-01
5.279503105590062084e-01 0.000000000000000000e+00 0.000000000000000000e+00 0.000000000000000000e+00 3.953488372093023062e-01
8.629283489096573057e-01 7.086092715231787631e-01 1.000000000000000000e+00 8.294573643410853014e-01 8.971962616822429792e-01
5.279503105590062084e-01 0.000000000000000000e+00 0.000000000000000000e+00 0.000000000000000000e+00 3.953488372093023062e-01
5.279503105590062084e-01 0.000000000000000000e+00 0.000000000000000000e+00 0.000000000000000000e+00 3.953488372093023062e-01
8.849840255591053806e-01 7.482517482517482277e-01 1.000000000000000000e+00 8.559999999999999831e-01 9.126213592233008987e-01
6.234177215189873333e-01 4.142857142857143127e-01 2.710280373831775447e-01 3.276836158192090176e-01 5.374278942896748568e-01
8.961038961038960693e-01 7.737226277372263317e-01 9.906542056074766345e-01 8.688524590163934080e-01 9.182126749430417068e-01
8.710691823899371355e-01 7.229729729729730270e-01 1.000000000000000000e+00 8.392156862745098200e-01 9.028436018957346487e-01
5.279503105590062084e-01 0.000000000000000000e+00 0.000000000000000000e+00 0.000000000000000000e+00 3.953488372093023062e-01
5.367412140575079649e-01 0.000000000000000000e+00 0.000000000000000000e+00 0.000000000000000000e+00 4.077669902912621214e-01
8.765822784810126667e-01 7.328767123287671659e-01 1.000000000000000000e+00 8.458498023715415037e-01 9.066985645933014482e-01
5.279503105590062084e-01 0.000000000000000000e+00 0.000000000000000000e+00 0.000000000000000000e+00 3.953488372093023062e-01
8.629283489096573057e-01 7.086092715231787631e-01 1.000000000000000000e+00 8.294573643410853014e-01 8.971962616822429792e-01
5.279503105590062084e-01 0.000000000000000000e+00 0.000000000000000000e+00 0.000000000000000000e+00 3.953488372093023062e-01
5.279503105590062084e-01 0.000000000000000000e+00 0.000000000000000000e+00 0.000000000000000000e+00 3.953488372093023062e-01
5.279503105590062084e-01 0.000000000000000000e+00 0.000000000000000000e+00 0.000000000000000000e+00 3.953488372093023062e-01
5.284810126582278889e-01 0.000000000000000000e+00 0.000000000000000000e+00 0.000000000000000000e+00 3.995215311004784997e-01
5.279503105590062084e-01 0.000000000000000000e+00 0.000000000000000000e+00 0.000000000000000000e+00 3.953488372093023062e-01
5.279503105590062084e-01 0.000000000000000000e+00 0.000000000000000000e+00 0.000000000000000000e+00 3.953488372093023062e-01
8.683385579937303866e-01 7.181208053691274795e-01 1.000000000000000000e+00 8.359375000000000000e-01 9.009433962264150608e-01
8.849840255591053806e-01 7.482517482517482277e-01 1.000000000000000000e+00 8.559999999999999831e-01 9.126213592233008987e-01
5.279503105590062084e-01 0.000000000000000000e+00 0.000000000000000000e+00 0.000000000000000000e+00 3.953488372093023062e-01
5.419354838709677935e-01 2.702702702702702853e-02 9.345794392523363789e-03 1.388888888888888638e-02 4.160029464573453684e-01
5.690789473684210176e-01 1.842105263157894635e-01 6.542056074766354479e-02 9.655172413793101927e-02 4.540300773281464308e-01
