8.710691823899371355e-01 7.229729729729730270e-01 1.000000000000000000e+00 8.392156862745098200e-01 9.028436018957346487e-01
7.133757961783439017e-01 5.934065934065934078e-01 5.046728971962616273e-01 5.454545454545455252e-01 6.629644679218023029e-01
8.765822784810126667e-01 7.328767123287671659e-01 1.000000000000000000e+00 8.458498023715415037e-01 9.066985645933014482e-01
5.279503105590062084e-01 0.000000000000000000e+00 0.000000000000000000e+00 0.000000000000000000e+00 3.953488372093023062e-01
5.279503105590062084e-01 0.000000000000000000e+00 0.000000000000000000e+00 0.000000000000000000e+00 3.953488372093023062e-01
6.624999999999999778e-01 4.941176470588235503e-01 3.925233644859812965e-01 4.375000000000000000e-01 5.953227151068404277e-01
5.279503105590062084e-01 0.000000000000000000e+00 0.000000000000000000e+00 0.000000000000000000e+00 3.953488372093023062e-01
5.434083601286173737e-01 0.000000000000000000e+00 0.000000000000000000e+00 0.000000000000000000e+00 4.142156862745097756e-01
5.283018867924528239e-01 2.222222222222222307e-02 9.345794392523363789e-03 1.315789473684210627e-02 4.004074943526597652e-01
8.602484472049689579e-01 7.039473684210526550e-01 1.000000000000000000e+00 8.262548262548262690e-01 8.953488372093022507e-01
5.331230283911672085e-01 0.000000000000000000e+00 0.000000000000000000e+00 0.000000000000000000e+00 4.023809523809523947e-01
6.120401337792642504e-01 4.150943396226415283e-01 2.056074766355140138e-01 2.750000000000000222e-01 5.220745716510902801e-01
8.683385579937303866e-01 7.181208053691274795e-01 1.000000000000000000e+00 8.359375000000000000e-01 9.009433962264150608e-01
8.602484472049689579e-01 7.039473684210526550e-01 1.000000000000000000e+00 8.262548262548262690e-01 8.953488372093022507e-01
5.331230283911672085e-01 0.000000000000000000e+00 0.000000000000000000e+00 0.000000000000000000e+00 4.023809523809523947e-01
8.602484472049689579e-01 7.039473684210526550e-01 1.000000000000000000e+00 8.262548262548262690e-01 8.953488372093022507e-01
8.765822784810126667e-01 7.328767123287671659e-01 1.000000000000000000e+00 8.458498023715415037e-01 9.066985645933014482e-01
5.297805642633228729e-01 0.000000000000000000e+00 0.000000000000000000e+00 0.000000000000000000e+00 3.985849056603773533e-01
7.128712871287128383e-01 6.282051282051281937e-01 4.579439252336448551e-01 5.297297297297297591e-01 6.549923707800877626e-01
5.345911949685534514e-01 0.000000000000000000e+00 0.000000000000000000e+00 0.000000000000000000e+00 4.028436018957345932e-01
5.974440894568689986e-01 3.389830508474576121e-01 1.869158878504672827e-01 2.409638554216867179e-01 4.987977497504763602e-01
5.206349206349206726e-01 2.173913043478260809e-02 9.345794392523363789e-03 1.307189542483659823e-02 3.964998202731846999e-01
5.428571428571428159e-01 2.564102564102564014e-02 9.345794392523363789e-03 1.369863013698630061e-02 4.133267433501077726e-01
5.354838709677419706e-01 0.000000000000000000e+00 0.000000000000000000e+00 0.000000000000000000e+00 4.088669950738916259e-01
8.602484472049689579e-01 7.039473684210526550e-01 1.000000000000000000e+00 8.262548262548262690e-01 8.953488372093022507e-01
5.331230283911672085e-01 0.000000000000000000e+00 0.000000000000000000e+00 0.000000000000000000e+00 4.023809523809523947e-01
5.269841269841269993e-01 0.000000000000000000e+00 0.000000000000000000e+00 0.000000000000000000e+00 3.990384615384615641e-01
5.279503105590062084e-01 0.000000000000000000e+00 0.000000000000000000e+00 0.000000000000000000e+00 3.953488372093023062e-01
5.279503105590062084e-01 0.000000000000000000e+00 0.000000000000000000e+00 0.000000000000000000e+00 3.953488372093023062e-01
8.765822784810126667e-01 7.328767123287671659e-01 1.000000000000000000e+00 8.458498023715415037e-01 9.066985645933014482e-01
5.279503105590062084e-01 0.000000000000000000e+00 0.000000000000000000e+00 0.000000000000000000e+00 3.953488372093023062e-01
5.331230283911672085e-01 0.000000000000000000e+00 0.000000000000000000e+00 0.000000000000000000e+00 4.023809523809523947e-01
7.931034482758620996e-01 6.640000000000000346e-01 7.757009345794392274e-01 7.155172413793102759e-01 7.887938635161346745e-01
5.501618122977346426e-01 7.894736842105262720e-02 2.803738317757009310e-02 4.137931034482758563e-02 4.273850282224483932e-01
5.284810126582278889e-01 0.000000000000000000e+00 0.000000000000000000e+00 0.000000000000000000e+00 3.995215311004784997e-01
8.793650793650793496e-01 7.379310344827586521e-01 1.000000000000000000e+00 8.492063492063492980e-01 9.086538461538461453e-01
8.656249999999999778e-01 7.133333333333333748e-01 1.000000000000000000e+00 8.326848249027237747e-01 8.990610328638497517e-01
