5.248447204968944568e-01 0.000000000000000000e+00 0.000000000000000000e+00 0.000000000000000000e+00 3.930232558139534760e-01
5.239616613418530688e-01 0.000000000000000000e+00 0.000000000000000000e+00 0.000000000000000000e+00 3.980582524271844558e-01
5.555555555555555802e-01 3.703703703703703498e-02 9.345794392523363789e-03 1.492537313432835792e-02 4.362518445646826892e-01
8.846153846153845812e-01 7.482517482517482277e-01 1.000000000000000000e+00 8.559999999999999831e-01 9.121951219512195452e-01
9.049180327868852070e-01 7.867647058823529216e-01 1.000000000000000000e+00 8.806584362139917577e-01 9.267676767676767957e-01
5.622895622895622836e-01 7.407407407407406996e-02 1.869158878504672758e-02 2.985074626865671585e-02 4.435563207083128567e-01
9.049180327868852070e-01 7.867647058823529216e-01 1.000000000000000000e+00 8.806584362139917577e-01 9.267676767676767957e-01
6.687898089171974148e-01 5.180722891566265087e-01 4.018691588785046620e-01 4.526315789473684403e-01 6.043162219513296129e-01
5.248447204968944568e-01 0.000000000000000000e+00 0.000000000000000000e+00 0.000000000000000000e+00 3.930232558139534760e-01
6.634920634920634663e-01 5.063291139240506666e-01 3.738317757009345654e-01 4.301075268817204367e-01 5.931658878504673105e-01
5.301587301587301626e-01 0.000000000000000000e+00 0.000000000000000000e+00 0.000000000000000000e+00 4.014423076923077094e-01
6.038961038961039307e-01 3.469387755102040782e-01 1.588785046728971861e-01 2.179487179487179516e-01 4.998372622866973924e-01
5.248447204968944568e-01 0.000000000000000000e+00 0.000000000000000000e+00 0.000000000000000000e+00 3.930232558139534760e-01
5.490196078431373028e-01 1.219512195121951192e-01 4.672897196261682068e-02 6.756756756756755744e-02 4.329122246747756919e-01
8.789808917197452498e-01 7.379310344827586521e-01 1.000000000000000000e+00 8.492063492063492980e-01 9.082125603864733554e-01
5.559210526315789824e-01 3.333333333333333287e-02 9.345794392523363789e-03 1.459854014598539924e-02 4.310688362825560449e-01
8.706624605678233708e-01 7.229729729729730270e-01 1.000000000000000000e+00 8.392156862745098200e-01 9.023809523809523947e-01
9.049180327868852070e-01 7.867647058823529216e-01 1.000000000000000000e+00 8.806584362139917577e-01 9.267676767676767957e-01
5.316455696202531112e-01 2.325581395348837177e-02 9.345794392523363789e-03 1.333333333333333245e-02 4.041944282967401270e-01
5.281249999999999556e-01 0.000000000000000000e+00 0.000000000000000000e+00 0.000000000000000000e+00 3.967136150234741865e-01
5.463576158940397498e-01 5.882352941176470507e-02 1.869158878504672758e-02 2.836879432624113059e-02 4.272945123412413282e-01
8.706624605678233708e-01 7.229729729729730270e-01 1.000000000000000000e+00 8.392156862745098200e-01 9.023809523809523947e-01
5.248447204968944568e-01 0.000000000000000000e+00 0.000000000000000000e+00 0.000000000000000000e+00 3.930232558139534760e-01
5.348101265822784445e-01 0.000000000000000000e+00 0.000000000000000000e+00 0.000000000000000000e+00 4.043062200956937802e-01
5.490196078431373028e-01 1.219512195121951192e-01 4.672897196261682068e-02 6.756756756756755744e-02 4.329122246747756919e-01
8.789808917197452498e-01 7.379310344827586521e-01 1.000000000000000000e+00 8.492063492063492980e-01 9.082125603864733554e-01
5.389610389610389740e-01 2.702702702702702853e-02 9.345794392523363789e-03 1.388888888888888638e-02 4.151206583902914971e-01
5.522875816993464415e-01 8.333333333333332871e-02 2.803738317757009310e-02 4.195804195804195280e-02 4.311041187244634143e-01
5.445544554455445940e-01 0.000000000000000000e+00 0.000000000000000000e+00 0.000000000000000000e+00 4.209183673469387710e-01
5.248447204968944568e-01 0.000000000000000000e+00 0.000000000000000000e+00 0.000000000000000000e+00 3.930232558139534760e-01
5.301587301587301626e-01 0.000000000000000000e+00 0.000000000000000000e+00 0.000000000000000000e+00 4.014423076923077094e-01
8.990228013029315512e-01 7.753623188405797118e-01 1.000000000000000000e+00 8.734693877551020780e-01 9.224999999999999867e-01
5.374592833876221665e-01 2.702702702702702853e-02 9.345794392523363789e-03 1.388888888888888638e-02 4.146728971962616583e-01
8.120805369127517270e-01 7.684210526315788936e-01 6.822429906542055722e-01 7.227722772277226371e-01 7.835298722904535662e-01
8.598130841121495171e-01 7.039473684210526550e-01 1.000000000000000000e+00 8.262548262548262690e-01 8.948598130841122211e-01
8.761904761904761862e-01 7.328767123287671659e-01 1.000000000000000000e+00 8.458498023715415037e-01 9.062500000000000000e-01
5.600000000000000533e-01 9.677419354838709409e-02 2.803738317757009310e-02 4.347826086956521618e-02 4.414798314851580696e-01
