8.846153846153845812e-01 7.482517482517482277e-01 1.000000000000000000e+00 8.559999999999999831e-01 9.121951219512195452e-01
5.749128919860627684e-01 1.052631578947368363e-01 1.869158878504672758e-02 3.174603174603174427e-02 4.621235721703011445e-01
8.734177215189873333e-01 7.278911564625850650e-01 1.000000000000000000e+00 8.425196850393700254e-01 9.043062200956937247e-01
5.248447204968944568e-01 0.000000000000000000e+00 0.000000000000000000e+00 0.000000000000000000e+00 3.930232558139534760e-01
5.352564102564102422e-01 0.000000000000000000e+00 0.000000000000000000e+00 0.000000000000000000e+00 4.073170731707317360e-01
5.466237942122186277e-01 2.777777777777777624e-02 9.345794392523363789e-03 1.398601398601398600e-02 4.188885834707714584e-01
5.266457680250783424e-01 0.000000000000000000e+00 0.000000000000000000e+00 0.000000000000000000e+00 3.962264150943396457e-01
5.387096774193548265e-01 0.000000000000000000e+00 0.000000000000000000e+00 0.000000000000000000e+00 4.113300492610837411e-01
5.625000000000000000e-01 6.666666666666666574e-02 1.869158878504672758e-02 2.919708029197079849e-02 4.382798045448076385e-01
8.761904761904761862e-01 7.328767123287671659e-01 1.000000000000000000e+00 8.458498023715415037e-01 9.062500000000000000e-01
5.283018867924528239e-01 0.000000000000000000e+00 0.000000000000000000e+00 0.000000000000000000e+00 3.981042654028436045e-01
5.481727574750830945e-01 3.225806451612903136e-02 9.345794392523363789e-03 1.449275362318840250e-02 4.273533095673956450e-01
8.789808917197452498e-01 7.379310344827586521e-01 1.000000000000000000e+00 8.492063492063492980e-01 9.082125603864733554e-01
8.789808917197452498e-01 7.379310344827586521e-01 1.000000000000000000e+00 8.492063492063492980e-01 9.082125603864733554e-01
5.283018867924528239e-01 0.000000000000000000e+00 0.000000000000000000e+00 0.000000000000000000e+00 3.981042654028436045e-01
8.990228013029315512e-01 7.753623188405797118e-01 1.000000000000000000e+00 8.734693877551020780e-01 9.224999999999999867e-01
8.961038961038960693e-01 7.697841726618704916e-01 1.000000000000000000e+00 8.699186991869918284e-01 9.203980099502487855e-01
5.248447204968944568e-01 0.000000000000000000e+00 0.000000000000000000e+00 0.000000000000000000e+00 3.930232558139534760e-01
8.273615635179153438e-01 7.213114754098360892e-01 8.224299065420560551e-01 7.685589519650654067e-01 8.262149532710281186e-01
5.436893203883494952e-01 2.777777777777777624e-02 9.345794392523363789e-03 1.398601398601398600e-02 4.180392338299250277e-01
5.662251655629139124e-01 1.000000000000000056e-01 2.803738317757009310e-02 4.379562043795620641e-02 4.447879223580157859e-01
5.408163265306122902e-01 3.333333333333333287e-02 9.345794392523363789e-03 1.459854014598539924e-02 4.271327902443899927e-01
5.431309904153354129e-01 2.631578947368420907e-02 9.345794392523363789e-03 1.379310344827586188e-02 4.148670719535431650e-01
5.518394648829431093e-01 3.448275862068965469e-02 9.345794392523363789e-03 1.470588235294117453e-02 4.317562305295949421e-01
8.789808917197452498e-01 7.379310344827586521e-01 1.000000000000000000e+00 8.492063492063492980e-01 9.082125603864733554e-01
5.283018867924528239e-01 0.000000000000000000e+00 0.000000000000000000e+00 0.000000000000000000e+00 3.981042654028436045e-01
5.414012738853503093e-01 2.564102564102564014e-02 9.345794392523363789e-03 1.369863013698630061e-02 4.128854575827350382e-01
5.248447204968944568e-01 0.000000000000000000e+00 0.000000000000000000e+00 0.000000000000000000e+00 3.930232558139534760e-01
5.416666666666666297e-01 0.000000000000000000e+00 0.000000000000000000e+00 0.000000000000000000e+00 4.121951219512195452e-01
6.613418530351438118e-01 5.066666666666667096e-01 3.551401869158878344e-01 4.175824175824175977e-01 5.877642682152254272e-01
5.248447204968944568e-01 0.000000000000000000e+00 0.000000000000000000e+00 0.000000000000000000e+00 3.930232558139534760e-01
5.399361022364217444e-01 2.564102564102564014e-02 9.345794392523363789e-03 1.369863013698630061e-02 4.124398874875237486e-01
5.980707395498392476e-01 3.269230769230769273e-01 1.588785046728971861e-01 2.138364779874213917e-01 4.936549386109583271e-01
5.573770491803278215e-01 6.250000000000000000e-02 1.869158878504672758e-02 2.877697841726618508e-02 4.335882186349476197e-01
5.286624203821655987e-01 0.000000000000000000e+00 0.000000000000000000e+00 0.000000000000000000e+00 4.009661835748792313e-01
8.761904761904761862e-01 7.328767123287671659e-01 1.000000000000000000e+00 8.458498023715415037e-01 9.062500000000000000e-01
8.761904761904761862e-01 7.328767123287671659e-01 1.000000000000000000e+00 8.458498023715415037e-01 9.062500000000000000e-01
