5.472312703583062099e-01 0.000000000000000000e+00 0.000000000000000000e+00 0.000000000000000000e+00 4.199999999999999845e-01
8.679245283018868218e-01 7.181208053691274795e-01 1.000000000000000000e+00 8.359375000000000000e-01 9.004739336492890711e-01
6.402640264026402406e-01 4.814814814814814548e-01 2.429906542056074759e-01 3.229813664596273282e-01 5.500667556742323550e-01
5.742574257425742124e-01 1.562500000000000000e-01 4.672897196261682068e-02 7.194244604316546443e-02 4.544869349609002018e-01
5.248447204968944568e-01 0.000000000000000000e+00 0.000000000000000000e+00 0.000000000000000000e+00 3.930232558139534760e-01
5.778546712802767882e-01 1.428571428571428492e-01 2.803738317757009310e-02 4.687499999999999306e-02 4.645681421382356069e-01
5.248447204968944568e-01 0.000000000000000000e+00 0.000000000000000000e+00 0.000000000000000000e+00 3.930232558139534760e-01
5.544554455445545038e-01 0.000000000000000000e+00 0.000000000000000000e+00 0.000000000000000000e+00 4.285714285714286031e-01
9.019607843137255054e-01 7.810218978102190235e-01 1.000000000000000000e+00 8.770491803278688270e-01 9.246231155778894539e-01
8.874598070739549982e-01 7.535211267605633756e-01 1.000000000000000000e+00 8.594377510040159818e-01 9.142156862745097756e-01
6.601941747572815933e-01 5.147058823529411242e-01 3.271028037383177378e-01 4.000000000000000222e-01 5.818682335523270854e-01
9.200000000000000400e-01 8.167938931297710203e-01 1.000000000000000000e+00 8.991596638655461327e-01 9.378238341968911929e-01
6.357827476038339087e-01 4.520547945205479201e-01 3.084112149532710068e-01 3.666666666666666408e-01 5.571182288358587087e-01
5.369774919614147546e-01 2.564102564102564014e-02 9.345794392523363789e-03 1.369863013698630061e-02 4.115356422943008408e-01
8.761904761904761862e-01 7.328767123287671659e-01 1.000000000000000000e+00 8.458498023715415037e-01 9.062500000000000000e-01
5.248447204968944568e-01 0.000000000000000000e+00 0.000000000000000000e+00 0.000000000000000000e+00 3.930232558139534760e-01
5.248447204968944568e-01 0.000000000000000000e+00 0.000000000000000000e+00 0.000000000000000000e+00 3.930232558139534760e-01
8.761904761904761862e-01 7.328767123287671659e-01 1.000000000000000000e+00 8.458498023715415037e-01 9.062500000000000000e-01
5.382165605095541316e-01 4.761904761904761640e-02 1.869158878504672758e-02 2.684563758389261340e-02 4.127274369046006752e-01
9.019607843137255054e-01 7.810218978102190235e-01 1.000000000000000000e+00 8.770491803278688270e-01 9.246231155778894539e-01
6.278317152103559673e-01 4.310344827586206629e-01 2.336448598130841103e-01 3.030303030303029832e-01 5.351392615897102578e-01
5.248447204968944568e-01 0.000000000000000000e+00 0.000000000000000000e+00 0.000000000000000000e+00 3.930232558139534760e-01
5.475409836065573410e-01 0.000000000000000000e+00 0.000000000000000000e+00 0.000000000000000000e+00 4.217171717171717127e-01
7.866666666666666252e-01 7.171717171717171269e-01 6.635514018691588412e-01 6.893203883495144790e-01 7.592368408309524419e-01
5.369774919614147546e-01 2.564102564102564014e-02 9.345794392523363789e-03 1.369863013698630061e-02 4.115356422943008408e-01
8.761904761904761862e-01 7.328767123287671659e-01 1.000000000000000000e+00 8.458498023715415037e-01 9.062500000000000000e-01
5.248447204968944568e-01 0.000000000000000000e+00 0.000000000000000000e+00 0.000000000000000000e+00 3.930232558139534760e-01
5.248447204968944568e-01 0.000000000000000000e+00 0.000000000000000000e+00 0.000000000000000000e+00 3.930232558139534760e-01
5.248447204968944568e-01 0.000000000000000000e+00 0.000000000000000000e+00 0.000000000000000000e+00 3.930232558139534760e-01
5.559322033898305149e-01 3.846153846153846367e-02 9.345794392523363789e-03 1.503759398496240518e-02 4.381835354941339689e-01
5.585284280936454460e-01 3.703703703703703498e-02 9.345794392523363789e-03 1.492537313432835792e-02 4.369645638629283124e-01
5.389610389610389740e-01 2.702702702702702853e-02 9.345794392523363789e-03 1.388888888888888638e-02 4.151206583902914971e-01
8.706624605678233708e-01 7.229729729729730270e-01 1.000000000000000000e+00 8.392156862745098200e-01 9.023809523809523947e-01
8.932038834951456785e-01 7.642857142857142350e-01 1.000000000000000000e+00 8.663967611336031993e-01 9.183168316831682443e-01
5.389610389610389740e-01 2.702702702702702853e-02 9.345794392523363789e-03 1.388888888888888638e-02 4.151206583902914971e-01
5.382165605095541316e-01 0.000000000000000000e+00 0.000000000000000000e+00 0.000000000000000000e+00 4.082125603864734109e-01
5.445544554455445940e-01 3.030303030303030387e-02 9.345794392523363789e-03 1.428571428571428353e-02 4.230402441350371578e-01
