6.262626262626262985e-01 2.999999999999999889e-01 2.803738317757009310e-02 5.128205128205128721e-02 4.955976389572060437e-01
9.472049689440993347e-01 8.629032258064516236e-01 1.000000000000000000e+00 9.264069264069264564e-01 9.604651162790698304e-01
9.501557632398753839e-01 8.699186991869918284e-01 1.000000000000000000e+00 9.304347826086956097e-01 9.626168224299065379e-01
9.472049689440993347e-01 8.629032258064516236e-01 1.000000000000000000e+00 9.264069264069264564e-01 9.604651162790698304e-01
7.223974763406939559e-01 7.209302325581394832e-01 2.897196261682242757e-01 4.133333333333333304e-01 6.162883845126835292e-01
9.620253164556962222e-01 8.991596638655462437e-01 1.000000000000000000e+00 9.469026548672566657e-01 9.712918660287082062e-01
7.071651090342678803e-01 6.444444444444444864e-01 2.710280373831775447e-01 3.815789473684210176e-01 5.981308411214952825e-01
7.987220447284345548e-01 8.437500000000000000e-01 5.046728971962616273e-01 6.315789473684211286e-01 7.280646039379365941e-01
9.472049689440993347e-01 8.629032258064516236e-01 1.000000000000000000e+00 9.264069264069264564e-01 9.604651162790698304e-01
9.472049689440993347e-01 8.629032258064516236e-01 1.000000000000000000e+00 9.264069264069264564e-01 9.604651162790698304e-01
9.335443037974683334e-01 8.839285714285713969e-01 9.252336448598130758e-01 9.041095890410958402e-01 9.315163439610070206e-01
9.501557632398753839e-01 8.699186991869918284e-01 1.000000000000000000e+00 9.304347826086956097e-01 9.626168224299065379e-01
9.551282051282051766e-01 9.043478260869565188e-01 9.719626168224299034e-01 9.369369369369369149e-01 9.591520401185320566e-01
9.242902208201893011e-01 8.807339449541284893e-01 8.971962616822429792e-01 8.888888888888888395e-01 9.176457498887405917e-01
9.472049689440993347e-01 8.629032258064516236e-01 1.000000000000000000e+00 9.264069264069264564e-01 9.604651162790698304e-01
9.053627760252366263e-01 8.737864077669902363e-01 8.411214953271027861e-01 8.571428571428570953e-01 8.896083667111703841e-01
8.437500000000000000e-01 8.275862068965517127e-01 6.728971962616822067e-01 7.422680412371134295e-01 8.012373305252074029e-01
9.620253164556962222e-01 8.991596638655462437e-01 1.000000000000000000e+00 9.469026548672566657e-01 9.712918660287082062e-01
9.472049689440993347e-01 8.629032258064516236e-01 1.000000000000000000e+00 9.264069264069264564e-01 9.604651162790698304e-01
9.588607594936708889e-01 8.916666666666667185e-01 1.000000000000000000e+00 9.427312775330397576e-01 9.688995215311004827e-01
7.124600638977636180e-01 6.976744186046511809e-01 2.803738317757009102e-01 3.999999999999999667e-01 6.086335178295980697e-01
9.472049689440993347e-01 8.629032258064516236e-01 1.000000000000000000e+00 9.264069264069264564e-01 9.604651162790698304e-01
8.553459119496855667e-01 8.279569892473118697e-01 7.196261682242990343e-01 7.700000000000000178e-01 8.218983921690214967e-01
9.561128526645767955e-01 8.842975206611570771e-01 1.000000000000000000e+00 9.385964912280702066e-01 9.669811320754717610e-01
9.242902208201893011e-01 8.807339449541284893e-01 8.971962616822429792e-01 8.888888888888888395e-01 9.176457498887405917e-01
9.472049689440993347e-01 8.629032258064516236e-01 1.000000000000000000e+00 9.264069264069264564e-01 9.604651162790698304e-01
5.877862595419847125e-01 4.705882352941176405e-01 7.476635514018691031e-02 1.290322580645160977e-01 5.083509195055773144e-01
8.937500000000000444e-01 8.543689320388349051e-01 8.224299065420560551e-01 8.380952380952381153e-01 8.760036856653943271e-01
8.301886792452830566e-01 8.354430379746835555e-01 6.168224299065420135e-01 7.096774193548387455e-01 7.776055277494794415e-01
9.472049689440993347e-01 8.629032258064516236e-01 1.000000000000000000e+00 9.264069264069264564e-01 9.604651162790698304e-01
5.979020979020979176e-01 3.461538461538461453e-01 8.411214953271027583e-02 1.353383458646616466e-01 4.945700412468020390e-01
6.581469648562300323e-01 5.000000000000000000e-01 1.495327102803738206e-01 2.302158273381294806e-01 5.359314036838762618e-01
9.472049689440993347e-01 8.629032258064516236e-01 1.000000000000000000e+00 9.264069264069264564e-01 9.604651162790698304e-01
9.472049689440993347e-01 8.629032258064516236e-01 1.000000000000000000e+00 9.264069264069264564e-01 9.604651162790698304e-01
5.992509363295880354e-01 5.000000000000000000e-01 6.542056074766354479e-02 1.157024793388429645e-01 5.108352803738317460e-01
7.350157728706624427e-01 7.254901960784313486e-01 3.457943925233644689e-01 4.683544303797468333e-01 6.395638629283488807e-01
9.472049689440993347e-01 8.629032258064516236e-01 1.000000000000000000e+00 9.264069264069264564e-01 9.604651162790698304e-01
