5.738255033557047025e-01 4.545454545454545581e-02 9.345794392523363789e-03 1.550387596899224611e-02 4.496990752067328012e-01
5.445859872611464869e-01 0.000000000000000000e+00 0.000000000000000000e+00 0.000000000000000000e+00 4.130434782608695676e-01
6.111111111111111605e-01 1.428571428571428492e-01 9.345794392523363789e-03 1.754385964912280604e-02 4.880983115609025536e-01
9.126213592233010097e-01 7.985074626865671377e-01 1.000000000000000000e+00 8.879668049792530660e-01 9.331683168316831090e-01
9.126213592233010097e-01 7.985074626865671377e-01 1.000000000000000000e+00 8.879668049792530660e-01 9.331683168316831090e-01
6.112956810631229310e-01 3.529411764705882582e-01 1.121495327102803724e-01 1.702127659574468044e-01 4.993737354273051210e-01
9.009584664536741672e-01 7.753623188405797118e-01 1.000000000000000000e+00 8.734693877551020780e-01 9.247572815533980917e-01
5.884244372990353744e-01 2.307692307692307820e-01 8.411214953271027583e-02 1.232876712328766916e-01 4.685266630016491907e-01
5.503144654088050203e-01 0.000000000000000000e+00 0.000000000000000000e+00 0.000000000000000000e+00 4.146919431279620927e-01
9.273927392739274023e-01 8.294573643410853014e-01 1.000000000000000000e+00 9.067796610169490679e-01 9.438775510204081565e-01
5.690789473684210176e-01 0.000000000000000000e+00 0.000000000000000000e+00 0.000000000000000000e+00 4.390862944162436388e-01
6.500000000000000222e-01 5.250000000000000222e-01 1.962616822429906482e-01 2.857142857142856984e-01 5.489080431940340787e-01
5.676567656765676428e-01 3.846153846153846367e-02 9.345794392523363789e-03 1.503759398496240518e-02 4.408973869921800071e-01
6.632653061224489388e-01 6.052631578947368363e-01 2.149532710280373793e-01 3.172413793103448509e-01 5.673696836423609557e-01
9.038461538461538547e-01 7.810218978102190235e-01 1.000000000000000000e+00 8.770491803278688270e-01 9.268292682926828618e-01
5.686274509803921351e-01 3.703703703703703498e-02 9.345794392523363789e-03 1.492537313432835792e-02 4.393462640304324762e-01
8.924050632911392222e-01 7.588652482269503396e-01 1.000000000000000000e+00 8.629032258064516236e-01 9.186602870813397326e-01
9.276315789473684736e-01 8.294573643410853014e-01 1.000000000000000000e+00 9.067796610169490679e-01 9.441624365482232939e-01
5.850340136054421603e-01 5.882352941176470507e-02 9.345794392523363789e-03 1.612903225806451221e-02 4.618921485331600185e-01
5.791245791245791530e-01 5.000000000000000278e-02 9.345794392523363789e-03 1.574803149606298844e-02 4.546728971962616384e-01
5.946843853820598103e-01 2.222222222222222099e-01 5.607476635514018620e-02 8.955223880597014408e-02 4.739136718373638812e-01
8.924050632911392222e-01 7.588652482269503396e-01 1.000000000000000000e+00 8.629032258064516236e-01 9.186602870813397326e-01
5.434782608695651884e-01 0.000000000000000000e+00 0.000000000000000000e+00 0.000000000000000000e+00 4.069767441860465129e-01
5.633333333333333526e-01 3.846153846153846367e-02 9.345794392523363789e-03 1.503759398496240518e-02 4.399060578180233327e-01
6.632653061224489388e-01 6.052631578947368363e-01 2.149532710280373793e-01 3.172413793103448509e-01 5.673696836423609557e-01
9.038461538461538547e-01 7.810218978102190235e-01 1.000000000000000000e+00 8.770491803278688270e-01 9.268292682926828618e-01
5.681063122923587505e-01 1.034482758620689641e-01 2.803738317757009310e-02 4.411764705882353227e-02 4.470083823104344933e-01
5.824561403508772273e-01 7.142857142857142461e-02 9.345794392523363789e-03 1.652892561983470773e-02 4.681560432636773794e-01
5.782312925170067786e-01 5.263157894736841813e-02 9.345794392523363789e-03 1.587301587301587213e-02 4.565445549502723521e-01
5.659163987138263741e-01 3.333333333333333287e-02 9.345794392523363789e-03 1.459854014598539924e-02 4.335944658237126381e-01
6.060606060606060774e-01 3.437500000000000000e-01 1.028037383177570069e-01 1.582733812949640162e-01 4.961387112641416075e-01
9.155844155844156118e-01 8.045112781954887327e-01 1.000000000000000000e+00 8.916666666666667185e-01 9.353233830845771868e-01
5.681063122923587505e-01 4.000000000000000083e-02 9.345794392523363789e-03 1.515151515151515020e-02 4.428172270931688970e-01
8.157894736842105088e-01 7.524752475247524774e-01 7.102803738317756688e-01 7.307692307692308376e-01 7.916884102661416733e-01
8.952380952380952772e-01 7.642857142857142350e-01 1.000000000000000000e+00 8.663967611336031993e-01 9.206730769230768718e-01
8.924050632911392222e-01 7.588652482269503396e-01 1.000000000000000000e+00 8.629032258064516236e-01 9.186602870813397326e-01
5.993265993265993741e-01 2.000000000000000111e-01 3.738317757009345516e-02 6.299212598425195375e-02 4.765863256271519743e-01
