9.215686274509803377e-01 8.167938931297710203e-01 1.000000000000000000e+00 8.991596638655461327e-01 9.396984924623116298e-01
6.020066889632107454e-01 2.857142857142856984e-01 7.476635514018691031e-02 1.185185185185184953e-01 4.852998442367601473e-01
8.980891719745223156e-01 7.697841726618704916e-01 1.000000000000000000e+00 8.699186991869918284e-01 9.227053140096618256e-01
5.608974358974359031e-01 3.125000000000000000e-02 9.345794392523363789e-03 1.438848920863309254e-02 4.290631410987006400e-01
5.562700964630225009e-01 3.030303030303030387e-02 9.345794392523363789e-03 1.428571428571428353e-02 4.262415246472420205e-01
5.824561403508772273e-01 7.142857142857142461e-02 9.345794392523363789e-03 1.652892561983470773e-02 4.681560432636773794e-01
6.062717770034843356e-01 2.000000000000000111e-01 1.869158878504672758e-02 3.418803418803418454e-02 4.871235721703011667e-01
5.733788395904436674e-01 5.000000000000000278e-02 9.345794392523363789e-03 1.574803149606298844e-02 4.535976283790573160e-01
5.761589403973509382e-01 4.347826086956521618e-02 9.345794392523363789e-03 1.538461538461538200e-02 4.482626407860051954e-01
9.306930693069307425e-01 8.359375000000000000e-01 1.000000000000000000e+00 9.106382978723404076e-01 9.464285714285715079e-01
5.654952076677316475e-01 6.060606060606060774e-02 1.869158878504672758e-02 2.857142857142856707e-02 4.341030759459214572e-01
5.904436860068259518e-01 6.666666666666666574e-02 9.345794392523363789e-03 1.639344262295081706e-02 4.670384885941111230e-01
9.038461538461538547e-01 7.810218978102190235e-01 1.000000000000000000e+00 8.770491803278688270e-01 9.268292682926828618e-01
9.395973154362415869e-01 8.559999999999999831e-01 1.000000000000000000e+00 9.224137931034482873e-01 9.528795811518324665e-01
5.641025641025640969e-01 3.225806451612903136e-02 9.345794392523363789e-03 1.449275362318840250e-02 4.315021654889445446e-01
9.215686274509803377e-01 8.167938931297710203e-01 1.000000000000000000e+00 8.991596638655461327e-01 9.396984924623116298e-01
9.067524115755627445e-01 7.867647058823529216e-01 1.000000000000000000e+00 8.806584362139917577e-01 9.289215686274510109e-01
5.819397993311036243e-01 5.000000000000000278e-02 9.345794392523363789e-03 1.574803149606298844e-02 4.551937305295949421e-01
7.266666666666666829e-01 6.811594202898550998e-01 4.392523364485981241e-01 5.340909090909090606e-01 6.626313495714493129e-01
5.910652920962199408e-01 7.142857142857142461e-02 9.345794392523363789e-03 1.652892561983470773e-02 4.693468102397399533e-01
6.053511705685619138e-01 3.103448275862069061e-01 8.411214953271027583e-02 1.323529411764705899e-01 4.899727414330217745e-01
5.950704225352112520e-01 1.666666666666666574e-01 1.869158878504672758e-02 3.361344537815125905e-02 4.810972068219018793e-01
5.659163987138263741e-01 3.333333333333333287e-02 9.345794392523363789e-03 1.459854014598539924e-02 4.335944658237126381e-01
6.220735785953177555e-01 4.062500000000000000e-01 1.214953271028037379e-01 1.870503597122302186e-01 5.112684968847350797e-01
9.395973154362415869e-01 8.559999999999999831e-01 1.000000000000000000e+00 9.224137931034482873e-01 9.528795811518324665e-01
5.641025641025640969e-01 3.225806451612903136e-02 9.345794392523363789e-03 1.449275362318840250e-02 4.315021654889445446e-01
6.046511627906976383e-01 2.857142857142856984e-01 7.476635514018691031e-02 1.185185185185184953e-01 4.858367858175161591e-01
5.616883116883116811e-01 3.333333333333333287e-02 9.345794392523363789e-03 1.459854014598539924e-02 4.325335937136745579e-01
5.612903225806451513e-01 0.000000000000000000e+00 0.000000000000000000e+00 0.000000000000000000e+00 4.285714285714286031e-01
9.096774193548387011e-01 7.925925925925926263e-01 1.000000000000000000e+00 8.842975206611569661e-01 9.310344827586206629e-01
5.810810810810810301e-01 5.263157894736841813e-02 9.345794392523363789e-03 1.587301587301587213e-02 4.570538495772140664e-01
5.909090909090909394e-01 2.121212121212121271e-01 6.542056074766354479e-02 9.999999999999999167e-02 4.680336634584088551e-01
6.319218241042344753e-01 4.318181818181818232e-01 1.775700934579439172e-01 2.516556291390728561e-01 5.262850467289719170e-01
6.538461538461538547e-01 6.999999999999999556e-01 1.308411214953270896e-01 2.204724409448818589e-01 5.486607842113506717e-01
5.999999999999999778e-01 2.399999999999999911e-01 5.607476635514018620e-02 9.090909090909091161e-02 4.788145852501089483e-01
8.952380952380952772e-01 7.642857142857142350e-01 1.000000000000000000e+00 8.663967611336031993e-01 9.206730769230768718e-01
9.067524115755627445e-01 7.867647058823529216e-01 1.000000000000000000e+00 8.806584362139917577e-01 9.289215686274510109e-01
