5.681063122923587505e-01 4.000000000000000083e-02 9.345794392523363789e-03 1.515151515151515020e-02 4.428172270931688970e-01
8.952380952380952772e-01 7.642857142857142350e-01 1.000000000000000000e+00 8.663967611336031993e-01 9.206730769230768718e-01
5.784313725490196623e-01 7.692307692307692735e-02 1.869158878504672758e-02 3.007518796992481036e-02 4.490442868548349398e-01
8.211920529801324253e-01 7.849462365591397539e-01 6.822429906542055722e-01 7.299999999999999822e-01 7.898394440450515752e-01
5.728476821192053370e-01 4.166666666666666435e-02 9.345794392523363789e-03 1.526717557251908164e-02 4.456985382219026404e-01
5.822368421052631637e-01 1.153846153846153910e-01 2.803738317757009310e-02 4.511278195488721554e-02 4.556430570710184869e-01
5.665529010238907759e-01 4.545454545454545581e-02 9.345794392523363789e-03 1.550387596899224611e-02 4.482212842930358154e-01
5.909090909090909394e-01 8.333333333333332871e-02 9.345794392523363789e-03 1.680672268907562952e-02 4.739466402130214084e-01
9.067524115755627445e-01 7.867647058823529216e-01 1.000000000000000000e+00 8.806584362139917577e-01 9.289215686274510109e-01
8.155339805825242427e-01 7.403846153846154188e-01 7.196261682242990343e-01 7.298578199052133675e-01 7.929814009438326261e-01
8.750000000000000000e-01 8.000000000000000444e-01 8.598130841121495171e-01 8.288288288288289118e-01 8.715309075383083082e-01
8.952380952380952772e-01 7.642857142857142350e-01 1.000000000000000000e+00 8.663967611336031993e-01 9.206730769230768718e-01
5.947712418300653558e-01 2.424242424242424310e-01 7.476635514018691031e-02 1.142857142857142683e-01 4.745691072183346737e-01
6.447368421052631637e-01 4.893617021276595591e-01 2.149532710280373793e-01 2.987012987012986898e-01 5.465629299302623423e-01
8.924050632911392222e-01 7.588652482269503396e-01 1.000000000000000000e+00 8.629032258064516236e-01 9.186602870813397326e-01
5.852842809364549037e-01 9.523809523809523281e-02 1.869158878504672758e-02 3.124999999999999653e-02 4.598666277258566804e-01
5.657894736842105088e-01 3.703703703703703498e-02 9.345794392523363789e-03 1.492537313432835792e-02 4.386830494805256109e-01
9.003215434083601254e-01 7.753623188405797118e-01 1.000000000000000000e+00 8.734693877551020780e-01 9.240196078431371918e-01
5.645161290322581182e-01 3.333333333333333287e-02 9.345794392523363789e-03 1.459854014598539924e-02 4.332443257676902304e-01
9.126213592233010097e-01 7.985074626865671377e-01 1.000000000000000000e+00 8.879668049792530660e-01 9.331683168316831090e-01
6.754966887417218624e-01 5.918367346938775420e-01 2.710280373831775447e-01 3.717948717948718063e-01 5.842319674095375337e-01
6.095890410958904049e-01 3.599999999999999867e-01 8.411214953271027583e-02 1.363636363636363535e-01 4.988128315231118437e-01
5.775577557755775526e-01 4.347826086956521618e-02 9.345794392523363789e-03 1.538461538461538200e-02 4.485504482166697837e-01
8.704318936877076807e-01 8.148148148148147696e-01 8.224299065420560551e-01 8.186046511627905753e-01 8.596685615184508356e-01
6.447368421052631637e-01 4.893617021276595591e-01 2.149532710280373793e-01 2.987012987012986898e-01 5.465629299302623423e-01
8.924050632911392222e-01 7.588652482269503396e-01 1.000000000000000000e+00 8.629032258064516236e-01 9.186602870813397326e-01
5.858585858585858563e-01 5.555555555555555247e-02 9.345794392523363789e-03 1.600000000000000033e-02 4.599360550909984413e-01
5.681063122923587505e-01 4.000000000000000083e-02 9.345794392523363789e-03 1.515151515151515020e-02 4.428172270931688970e-01
5.506329113924051111e-01 0.000000000000000000e+00 0.000000000000000000e+00 0.000000000000000000e+00 4.162679425837320646e-01
5.850340136054421603e-01 5.882352941176470507e-02 9.345794392523363789e-03 1.612903225806451221e-02 4.618921485331600185e-01
5.864406779661016644e-01 5.882352941176470507e-02 9.345794392523363789e-03 1.612903225806451221e-02 4.621197057068999192e-01
5.864406779661016644e-01 5.882352941176470507e-02 9.345794392523363789e-03 1.612903225806451221e-02 4.621197057068999192e-01
8.952380952380952772e-01 7.642857142857142350e-01 1.000000000000000000e+00 8.663967611336031993e-01 9.206730769230768718e-01
9.180327868852459217e-01 8.106060606060605522e-01 1.000000000000000000e+00 8.953974895397489586e-01 9.368686868686868507e-01
5.986394557823129237e-01 7.692307692307692735e-02 9.345794392523363789e-03 1.666666666666666644e-02 4.725873356989354068e-01
5.836177474402730603e-01 5.882352941176470507e-02 9.345794392523363789e-03 1.612903225806451221e-02 4.616621445080895669e-01
5.896551724137930606e-01 1.250000000000000000e-01 1.869158878504672758e-02 3.252032520325202902e-02 4.710944282723047993e-01
