5.909090909090909394e-01 0.000000000000000000e+00 0.000000000000000000e+00 0.000000000000000000e+00 4.527363184079601921e-01
5.428571428571428159e-01 0.000000000000000000e+00 0.000000000000000000e+00 0.000000000000000000e+00 4.393063583815028927e-01
9.161490683229813747e-01 7.985074626865671377e-01 1.000000000000000000e+00 8.879668049792530660e-01 9.372093023255814170e-01
5.363321799307958493e-01 0.000000000000000000e+00 0.000000000000000000e+00 0.000000000000000000e+00 4.258241758241758101e-01
5.801282051282051766e-01 0.000000000000000000e+00 0.000000000000000000e+00 0.000000000000000000e+00 4.414634146341463450e-01
9.276729559748427834e-01 8.230769230769230393e-01 1.000000000000000000e+00 9.029535864978902593e-01 9.454976303317534914e-01
4.943396226415094352e-01 0.000000000000000000e+00 0.000000000000000000e+00 0.000000000000000000e+00 4.145569620253164445e-01
5.510204081632652517e-01 0.000000000000000000e+00 0.000000000000000000e+00 0.000000000000000000e+00 4.331550802139037537e-01
7.227722772277227481e-01 7.017543859649122417e-01 3.738317757009345654e-01 4.878048780487804770e-01 6.435485409116917799e-01
5.093632958801498356e-01 0.000000000000000000e+00 0.000000000000000000e+00 0.000000000000000000e+00 4.249999999999999889e-01
7.869415807560137255e-01 7.472527472527472625e-01 6.355140186915887446e-01 6.868686868686867397e-01 7.552570093457944278e-01
5.714285714285713969e-01 0.000000000000000000e+00 0.000000000000000000e+00 0.000000000000000000e+00 4.555555555555555469e-01
9.247648902821317130e-01 8.167938931297710203e-01 1.000000000000000000e+00 8.991596638655461327e-01 9.433962264150943522e-01
9.161490683229813747e-01 7.985074626865671377e-01 1.000000000000000000e+00 8.879668049792530660e-01 9.372093023255814170e-01
5.704467353951889752e-01 1.538461538461538547e-01 3.738317757009345516e-02 6.015037593984962072e-02 4.589089800893945692e-01
9.335443037974683334e-01 8.359375000000000000e-01 1.000000000000000000e+00 9.106382978723404076e-01 9.497607655502392499e-01
9.190031152647974988e-01 8.045112781954887327e-01 1.000000000000000000e+00 8.916666666666667185e-01 9.392523364485980686e-01
6.313993174061433011e-01 4.848484848484848619e-01 1.495327102803738206e-01 2.285714285714285365e-01 5.290674304090041691e-01
9.247648902821317130e-01 8.167938931297710203e-01 1.000000000000000000e+00 8.991596638655461327e-01 9.433962264150943522e-01
9.161490683229813747e-01 7.985074626865671377e-01 1.000000000000000000e+00 8.879668049792530660e-01 9.372093023255814170e-01
8.831168831168830780e-01 8.585858585858585634e-01 7.943925233644859585e-01 8.252427184466019083e-01 8.623703910354767466e-01
6.336633663366336711e-01 4.523809523809523836e-01 1.775700934579439172e-01 2.550335570469798863e-01 5.301115773412168330e-01
6.307189542483659928e-01 4.062500000000000000e-01 1.214953271028037379e-01 1.870503597122302186e-01 5.130089700840650968e-01
9.276729559748427834e-01 8.230769230769230393e-01 1.000000000000000000e+00 9.029535864978902593e-01 9.454976303317534914e-01
9.161490683229813747e-01 7.985074626865671377e-01 1.000000000000000000e+00 8.879668049792530660e-01 9.372093023255814170e-01
5.704467353951889752e-01 1.538461538461538547e-01 3.738317757009345516e-02 6.015037593984962072e-02 4.589089800893945692e-01
5.300751879699248104e-01 0.000000000000000000e+00 0.000000000000000000e+00 0.000000000000000000e+00 4.433962264150943522e-01
4.785992217898832890e-01 0.000000000000000000e+00 0.000000000000000000e+00 0.000000000000000000e+00 4.100000000000000311e-01
5.037593984962406291e-01 0.000000000000000000e+00 0.000000000000000000e+00 0.000000000000000000e+00 4.213836477987421558e-01
9.161490683229813747e-01 7.985074626865671377e-01 1.000000000000000000e+00 8.879668049792530660e-01 9.372093023255814170e-01
7.604166666666666297e-01 8.275862068965517127e-01 4.485981308411214896e-01 5.818181818181817899e-01 6.966747560282955387e-01
7.229729729729730270e-01 7.049180327868852514e-01 4.018691588785046620e-01 5.119047619047618625e-01 6.533155318202046313e-01
5.676567656765676428e-01 0.000000000000000000e+00 0.000000000000000000e+00 0.000000000000000000e+00 4.387755102040816202e-01
9.161490683229813747e-01 7.985074626865671377e-01 1.000000000000000000e+00 8.879668049792530660e-01 9.372093023255814170e-01
9.161490683229813747e-01 7.985074626865671377e-01 1.000000000000000000e+00 8.879668049792530660e-01 9.372093023255814170e-01
9.218750000000000000e-01 8.106060606060605522e-01 1.000000000000000000e+00 8.953974895397489586e-01 9.413145539906102588e-01
9.161490683229813747e-01 7.985074626865671377e-01 1.000000000000000000e+00 8.879668049792530660e-01 9.372093023255814170e-01
