5.092250922509224953e-01 0.000000000000000000e+00 0.000000000000000000e+00 0.000000000000000000e+00 4.207317073170731558e-01
8.878205128205127750e-01 8.333333333333333703e-01 8.411214953271027861e-01 8.372093023255813282e-01 8.766583086391611657e-01
5.309090909090908861e-01 0.000000000000000000e+00 0.000000000000000000e+00 0.000000000000000000e+00 4.345238095238095344e-01
5.660377358490565891e-01 1.666666666666666574e-01 1.869158878504672758e-02 3.361344537815125905e-02 4.777002247722701989e-01
5.399239543726235269e-01 1.818181818181818232e-01 3.738317757009345516e-02 6.201550387596898445e-02 4.609992810927390217e-01
5.018587360594795044e-01 0.000000000000000000e+00 0.000000000000000000e+00 0.000000000000000000e+00 4.166666666666666852e-01
5.280898876404493958e-01 0.000000000000000000e+00 0.000000000000000000e+00 0.000000000000000000e+00 4.406249999999999889e-01
4.780876494023904577e-01 0.000000000000000000e+00 0.000000000000000000e+00 0.000000000000000000e+00 4.166666666666666852e-01
5.620437956204379359e-01 0.000000000000000000e+00 0.000000000000000000e+00 0.000000000000000000e+00 4.610778443113772163e-01
6.233333333333332948e-01 4.062500000000000000e-01 1.214953271028037379e-01 1.870503597122302186e-01 5.115248656239407277e-01
5.037037037037036535e-01 0.000000000000000000e+00 0.000000000000000000e+00 0.000000000000000000e+00 4.171779141104294819e-01
6.131386861313868897e-01 5.217391304347825942e-01 1.121495327102803724e-01 1.846153846153845979e-01 5.231406346186132650e-01
9.381107491856677250e-01 8.492063492063491870e-01 1.000000000000000000e+00 9.184549356223175032e-01 9.525000000000000133e-01
5.570469798657717853e-01 0.000000000000000000e+00 0.000000000000000000e+00 0.000000000000000000e+00 4.345549738219895430e-01
9.161490683229813747e-01 7.985074626865671377e-01 1.000000000000000000e+00 8.879668049792530660e-01 9.372093023255814170e-01
5.769230769230768718e-01 2.941176470588235392e-01 9.345794392523364136e-02 1.418439716312056564e-01 4.796898658173654462e-01
5.403225806451612545e-01 2.307692307692307820e-01 2.803738317757009310e-02 4.999999999999999584e-02 4.785576986809835787e-01
4.340425531914893775e-01 0.000000000000000000e+00 0.000000000000000000e+00 0.000000000000000000e+00 3.984375000000000000e-01
4.943396226415094352e-01 0.000000000000000000e+00 0.000000000000000000e+00 0.000000000000000000e+00 4.145569620253164445e-01
5.739436619718309984e-01 2.500000000000000000e-01 6.542056074766354479e-02 1.037037037037036868e-01 4.733882464755266306e-01
6.184210526315789824e-01 3.902439024390244038e-01 1.495327102803738206e-01 2.162162162162161727e-01 5.113145784904407076e-01
4.724409448818897572e-01 0.000000000000000000e+00 0.000000000000000000e+00 0.000000000000000000e+00 4.081632653061224580e-01
4.843750000000000000e-01 0.000000000000000000e+00 0.000000000000000000e+00 0.000000000000000000e+00 4.161073825503355805e-01
9.247648902821317130e-01 8.167938931297710203e-01 1.000000000000000000e+00 8.991596638655461327e-01 9.433962264150943522e-01
5.570469798657717853e-01 0.000000000000000000e+00 0.000000000000000000e+00 0.000000000000000000e+00 4.345549738219895430e-01
9.161490683229813747e-01 7.985074626865671377e-01 1.000000000000000000e+00 8.879668049792530660e-01 9.372093023255814170e-01
5.606060606060605522e-01 0.000000000000000000e+00 0.000000000000000000e+00 0.000000000000000000e+00 4.713375796178344013e-01
3.809523809523809312e-01 0.000000000000000000e+00 0.000000000000000000e+00 0.000000000000000000e+00 3.883495145631067902e-01
4.435146443514644266e-01 0.000000000000000000e+00 0.000000000000000000e+00 0.000000000000000000e+00 4.015151515151514916e-01
4.962121212121212155e-01 0.000000000000000000e+00 0.000000000000000000e+00 0.000000000000000000e+00 4.171974522292993814e-01
4.522821576763485507e-01 0.000000000000000000e+00 0.000000000000000000e+00 0.000000000000000000e+00 4.067164179104477695e-01
4.723404255319149092e-01 0.000000000000000000e+00 0.000000000000000000e+00 0.000000000000000000e+00 4.335937500000000000e-01
5.306859205776173205e-01 0.000000000000000000e+00 0.000000000000000000e+00 0.000000000000000000e+00 4.323529411764706065e-01
9.483870967741935276e-01 8.699186991869918284e-01 1.000000000000000000e+00 9.304347826086956097e-01 9.605911330049260455e-01
9.161490683229813747e-01 7.985074626865671377e-01 1.000000000000000000e+00 8.879668049792530660e-01 9.372093023255814170e-01
5.432525951557093391e-01 0.000000000000000000e+00 0.000000000000000000e+00 0.000000000000000000e+00 4.313186813186813406e-01
9.247648902821317130e-01 8.167938931297710203e-01 1.000000000000000000e+00 8.991596638655461327e-01 9.433962264150943522e-01
