5.018867924528301883e-01 0.000000000000000000e+00 0.000000000000000000e+00 0.000000000000000000e+00 4.208860759493671111e-01
9.218750000000000000e-01 8.106060606060605522e-01 1.000000000000000000e+00 8.953974895397489586e-01 9.413145539906102588e-01
6.807017543859649189e-01 6.904761904761904656e-01 2.710280373831775447e-01 3.892617449664429463e-01 5.989971647590045523e-01
9.190031152647974988e-01 8.045112781954887327e-01 1.000000000000000000e+00 8.916666666666667185e-01 9.392523364485980686e-01
5.259259259259259078e-01 0.000000000000000000e+00 0.000000000000000000e+00 0.000000000000000000e+00 4.355828220858895539e-01
9.354838709677418818e-01 8.425196850393700254e-01 1.000000000000000000e+00 9.145299145299145005e-01 9.507389162561576956e-01
5.111940298507462455e-01 0.000000000000000000e+00 0.000000000000000000e+00 0.000000000000000000e+00 4.254658385093167405e-01
9.206349206349205838e-01 8.106060606060605522e-01 1.000000000000000000e+00 8.953974895397489586e-01 9.399038461538461453e-01
5.571428571428571619e-01 2.424242424242424310e-01 7.476635514018691031e-02 1.142857142857142683e-01 4.651288423099778635e-01
9.543973941368077973e-01 8.842975206611570771e-01 1.000000000000000000e+00 9.385964912280702066e-01 9.649999999999999689e-01
4.640000000000000235e-01 0.000000000000000000e+00 0.000000000000000000e+00 0.000000000000000000e+00 4.055944055944056270e-01
8.013029315960912280e-01 7.738095238095238360e-01 6.074766355140186480e-01 6.806282722513088412e-01 7.562383177570093373e-01
7.876712328767123683e-01 7.710843373493976305e-01 5.981308411214952825e-01 6.736842105263157743e-01 7.477140692093962038e-01
5.803278688524590168e-01 0.000000000000000000e+00 0.000000000000000000e+00 0.000000000000000000e+00 4.469696969696969613e-01
9.453376205787781261e-01 8.629032258064516236e-01 1.000000000000000000e+00 9.264069264069264564e-01 9.583333333333332593e-01
5.092250922509224953e-01 0.000000000000000000e+00 0.000000000000000000e+00 0.000000000000000000e+00 4.207317073170731558e-01
9.190031152647974988e-01 8.045112781954887327e-01 1.000000000000000000e+00 8.916666666666667185e-01 9.392523364485980686e-01
9.247648902821317130e-01 8.167938931297710203e-01 1.000000000000000000e+00 8.991596638655461327e-01 9.433962264150943522e-01
5.868055555555555802e-01 2.857142857142856984e-01 7.476635514018691031e-02 1.185185185185184953e-01 4.821345587855631054e-01
7.823129251700680076e-01 7.471264367816091712e-01 6.074766355140186480e-01 6.701030927835052164e-01 7.449147883452446051e-01
5.340501792114695778e-01 7.407407407407406996e-02 1.869158878504672758e-02 2.985074626865671585e-02 4.366713757878721847e-01
5.876288659793814650e-01 2.592592592592592449e-01 6.542056074766354479e-02 1.044776119402985037e-01 4.783624542868751828e-01
5.037037037037036535e-01 0.000000000000000000e+00 0.000000000000000000e+00 0.000000000000000000e+00 4.171779141104294819e-01
5.737704918032786594e-01 0.000000000000000000e+00 0.000000000000000000e+00 0.000000000000000000e+00 4.419191919191919338e-01
5.803278688524590168e-01 0.000000000000000000e+00 0.000000000000000000e+00 0.000000000000000000e+00 4.469696969696969613e-01
9.453376205787781261e-01 8.629032258064516236e-01 1.000000000000000000e+00 9.264069264069264564e-01 9.583333333333332593e-01
5.813953488372093359e-01 2.121212121212121271e-01 6.542056074766354479e-02 9.999999999999999167e-02 4.656999710954812244e-01
4.101382488479262678e-01 0.000000000000000000e+00 0.000000000000000000e+00 0.000000000000000000e+00 4.045454545454545414e-01
5.460750853242321012e-01 0.000000000000000000e+00 0.000000000000000000e+00 0.000000000000000000e+00 4.301075268817204367e-01
8.750000000000000000e-01 8.181818181818182323e-01 8.411214953271027861e-01 8.294930875576037588e-01 8.676506947534985414e-01
6.163934426229508157e-01 3.809523809523809312e-01 1.495327102803738206e-01 2.147651006711409072e-01 5.091097894836212889e-01
6.756756756756756577e-01 6.486486486486486847e-01 2.242990654205607448e-01 3.333333333333333148e-01 5.777579983187459689e-01
4.382978723404255539e-01 0.000000000000000000e+00 0.000000000000000000e+00 0.000000000000000000e+00 4.023437500000000000e-01
5.985915492957746276e-01 3.478260869565217295e-01 7.476635514018691031e-02 1.230769230769230560e-01 4.950102962141612606e-01
9.161490683229813747e-01 7.985074626865671377e-01 1.000000000000000000e+00 8.879668049792530660e-01 9.372093023255814170e-01
9.161490683229813747e-01 7.985074626865671377e-01 1.000000000000000000e+00 8.879668049792530660e-01 9.372093023255814170e-01
6.542372881355932313e-01 5.490196078431373028e-01 2.616822429906541791e-01 3.544303797468354444e-01 5.696709087293695406e-01
