5.177993527508090166e-01 2.272727272727272790e-02 9.345794392523363789e-03 1.324503311258277971e-02 3.982372536319052636e-01
8.498402555910543610e-01 6.948051948051947591e-01 1.000000000000000000e+00 8.199233716475095024e-01 8.859223300970873183e-01
6.634304207119741115e-01 5.168539325842697041e-01 4.299065420560747586e-01 4.693877551020408379e-01 6.085176274636809879e-01
5.510204081632652517e-01 9.677419354838709409e-02 2.803738317757009310e-02 4.347826086956521618e-02 4.391523814283572191e-01
5.063694267515923553e-01 0.000000000000000000e+00 0.000000000000000000e+00 0.000000000000000000e+00 3.840579710144927383e-01
7.557755775577558177e-01 6.542056074766354756e-01 6.542056074766354756e-01 6.542056074766354756e-01 7.327150486362769000e-01
8.580645161290322287e-01 7.086092715231787631e-01 1.000000000000000000e+00 8.294573643410853014e-01 8.916256157635468194e-01
5.063694267515923553e-01 0.000000000000000000e+00 0.000000000000000000e+00 0.000000000000000000e+00 3.840579710144927383e-01
8.896321070234113337e-01 7.642857142857142350e-01 1.000000000000000000e+00 8.663967611336031993e-01 9.140625000000000000e-01
7.581699346405228468e-01 6.460176991150442527e-01 6.822429906542055722e-01 6.636363636363635798e-01 7.406189827642887247e-01
8.608414239482200525e-01 7.133333333333333748e-01 1.000000000000000000e+00 8.326848249027237747e-01 8.935643564356435808e-01
8.553054662379421247e-01 7.039473684210526550e-01 1.000000000000000000e+00 8.262548262548262690e-01 8.897058823529411242e-01
5.095541401273885329e-01 2.040816326530612082e-02 9.345794392523363789e-03 1.282051282051282180e-02 3.887308682107543656e-01
5.063694267515923553e-01 0.000000000000000000e+00 0.000000000000000000e+00 0.000000000000000000e+00 3.840579710144927383e-01
8.312500000000000444e-01 6.645962732919254989e-01 1.000000000000000000e+00 7.985074626865671377e-01 8.732394366197182567e-01
6.534653465346534906e-01 5.131578947368421462e-01 3.644859813084111999e-01 4.262295081967212851e-01 5.878552355521647899e-01
5.063694267515923553e-01 0.000000000000000000e+00 0.000000000000000000e+00 0.000000000000000000e+00 3.840579710144927383e-01
8.498402555910543610e-01 6.948051948051947591e-01 1.000000000000000000e+00 8.199233716475095024e-01 8.859223300970873183e-01
5.063694267515923553e-01 0.000000000000000000e+00 0.000000000000000000e+00 0.000000000000000000e+00 3.840579710144927383e-01
9.078498293515357975e-01 7.985074626865671377e-01 1.000000000000000000e+00 8.879668049792530660e-01 9.274193548387097419e-01
7.692307692307692735e-01 6.826923076923077094e-01 6.635514018691588412e-01 6.729857819905212812e-01 7.458382009345794206e-01
5.063694267515923553e-01 0.000000000000000000e+00 0.000000000000000000e+00 0.000000000000000000e+00 3.840579710144927383e-01
5.063694267515923553e-01 0.000000000000000000e+00 0.000000000000000000e+00 0.000000000000000000e+00 3.840579710144927383e-01
8.391167192429022093e-01 6.772151898734176667e-01 1.000000000000000000e+00 8.075471698113206864e-01 8.785714285714285587e-01
5.063694267515923553e-01 0.000000000000000000e+00 0.000000000000000000e+00 0.000000000000000000e+00 3.840579710144927383e-01
8.312500000000000444e-01 6.645962732919254989e-01 1.000000000000000000e+00 7.985074626865671377e-01 8.732394366197182567e-01
5.063694267515923553e-01 0.000000000000000000e+00 0.000000000000000000e+00 0.000000000000000000e+00 3.840579710144927383e-01
5.063694267515923553e-01 0.000000000000000000e+00 0.000000000000000000e+00 0.000000000000000000e+00 3.840579710144927383e-01
5.063694267515923553e-01 0.000000000000000000e+00 0.000000000000000000e+00 0.000000000000000000e+00 3.840579710144927383e-01
5.063694267515923553e-01 0.000000000000000000e+00 0.000000000000000000e+00 0.000000000000000000e+00 3.840579710144927383e-01
5.063694267515923553e-01 0.000000000000000000e+00 0.000000000000000000e+00 0.000000000000000000e+00 3.840579710144927383e-01
5.511551155115511635e-01 1.777777777777777846e-01 7.476635514018691031e-02 1.052631578947368501e-01 4.429954224680526798e-01
8.636363636363636465e-01 7.181208053691274795e-01 1.000000000000000000e+00 8.359375000000000000e-01 8.955223880597015240e-01
8.498402555910543610e-01 6.948051948051947591e-01 1.000000000000000000e+00 8.199233716475095024e-01 8.859223300970873183e-01
6.930693069306930187e-01 5.795454545454545858e-01 4.766355140186915862e-01 5.230769230769231060e-01 6.439300019073050940e-01
5.280528052805280037e-01 2.631578947368420907e-02 9.345794392523363789e-03 1.379310344827586188e-02 4.102851420942208449e-01
5.063694267515923553e-01 0.000000000000000000e+00 0.000000000000000000e+00 0.000000000000000000e+00 3.840579710144927383e-01
