8.692810457516340072e-01 7.278911564625850650e-01 1.000000000000000000e+00 8.425196850393700254e-01 8.994974874371859386e-01
5.629370629370629153e-01 9.090909090909091161e-02 1.869158878504672758e-02 3.100775193798449222e-02 4.534798726048138717e-01
8.498402555910543610e-01 6.948051948051947591e-01 1.000000000000000000e+00 8.199233716475095024e-01 8.859223300970873183e-01
5.063694267515923553e-01 0.000000000000000000e+00 0.000000000000000000e+00 0.000000000000000000e+00 3.840579710144927383e-01
5.095541401273885329e-01 2.040816326530612082e-02 9.345794392523363789e-03 1.282051282051282180e-02 3.887308682107543656e-01
8.317460317460317887e-01 6.776315789473684736e-01 9.626168224299065379e-01 7.953667953667953316e-01 8.635199496764917049e-01
6.930693069306930187e-01 5.795454545454545858e-01 4.766355140186915862e-01 5.230769230769231060e-01 6.439300019073050940e-01
5.280528052805280037e-01 2.631578947368420907e-02 9.345794392523363789e-03 1.379310344827586188e-02 4.102851420942208449e-01
5.280528052805280037e-01 2.631578947368420907e-02 9.345794392523363789e-03 1.379310344827586188e-02 4.102851420942208449e-01
5.063694267515923553e-01 0.000000000000000000e+00 0.000000000000000000e+00 0.000000000000000000e+00 3.840579710144927383e-01
5.063694267515923553e-01 0.000000000000000000e+00 0.000000000000000000e+00 0.000000000000000000e+00 3.840579710144927383e-01
5.063694267515923553e-01 0.000000000000000000e+00 0.000000000000000000e+00 0.000000000000000000e+00 3.840579710144927383e-01
8.553054662379421247e-01 7.039473684210526550e-01 1.000000000000000000e+00 8.262548262548262690e-01 8.897058823529411242e-01
8.721311475409836422e-01 7.328767123287671659e-01 1.000000000000000000e+00 8.458498023715415037e-01 9.015151515151514916e-01
5.063694267515923553e-01 0.000000000000000000e+00 0.000000000000000000e+00 0.000000000000000000e+00 3.840579710144927383e-01
8.286604361370716321e-01 6.604938271604938738e-01 1.000000000000000000e+00 7.955390334572490785e-01 8.714953271028037518e-01
8.471337579617834734e-01 6.903225806451612767e-01 1.000000000000000000e+00 8.167938931297709093e-01 8.840579710144926828e-01
5.063694267515923553e-01 0.000000000000000000e+00 0.000000000000000000e+00 0.000000000000000000e+00 3.840579710144927383e-01
7.887788778877887763e-01 6.837606837606837740e-01 7.476635514018691309e-01 7.142857142857143016e-01 7.794440205988938386e-01
5.315614617940199738e-01 2.777777777777777624e-02 9.345794392523363789e-03 1.398601398601398600e-02 4.144667116292513054e-01
8.580645161290322287e-01 7.086092715231787631e-01 1.000000000000000000e+00 8.294573643410853014e-01 8.916256157635468194e-01
5.278688524590163800e-01 4.878048780487805047e-02 1.869158878504672758e-02 2.702702702702702159e-02 4.108609459076748571e-01
5.228758169934640820e-01 2.439024390243902524e-02 9.345794392523363789e-03 1.351351351351351079e-02 4.041703846334476213e-01
5.063694267515923553e-01 0.000000000000000000e+00 0.000000000000000000e+00 0.000000000000000000e+00 3.840579710144927383e-01
8.721311475409836422e-01 7.328767123287671659e-01 1.000000000000000000e+00 8.458498023715415037e-01 9.015151515151514916e-01
5.063694267515923553e-01 0.000000000000000000e+00 0.000000000000000000e+00 0.000000000000000000e+00 3.840579710144927383e-01
5.063694267515923553e-01 0.000000000000000000e+00 0.000000000000000000e+00 0.000000000000000000e+00 3.840579710144927383e-01
5.063694267515923553e-01 0.000000000000000000e+00 0.000000000000000000e+00 0.000000000000000000e+00 3.840579710144927383e-01
5.063694267515923553e-01 0.000000000000000000e+00 0.000000000000000000e+00 0.000000000000000000e+00 3.840579710144927383e-01
8.312500000000000444e-01 6.645962732919254989e-01 1.000000000000000000e+00 7.985074626865671377e-01 8.732394366197182567e-01
5.063694267515923553e-01 0.000000000000000000e+00 0.000000000000000000e+00 0.000000000000000000e+00 3.840579710144927383e-01
5.063694267515923553e-01 0.000000000000000000e+00 0.000000000000000000e+00 0.000000000000000000e+00 3.840579710144927383e-01
5.063694267515923553e-01 0.000000000000000000e+00 0.000000000000000000e+00 0.000000000000000000e+00 3.840579710144927383e-01
8.553054662379421247e-01 7.039473684210526550e-01 1.000000000000000000e+00 8.262548262548262690e-01 8.897058823529411242e-01
8.525641025641025328e-01 6.993464052287581278e-01 1.000000000000000000e+00 8.230769230769230393e-01 8.878048780487804992e-01
8.417721518987342222e-01 6.815286624203821253e-01 1.000000000000000000e+00 8.106060606060605522e-01 8.803827751196171558e-01
8.338557993730407736e-01 6.687499999999999556e-01 1.000000000000000000e+00 8.014981273408239293e-01 8.750000000000000000e-01
