5.063694267515923553e-01 0.000000000000000000e+00 0.000000000000000000e+00 0.000000000000000000e+00 3.840579710144927383e-01
5.063694267515923553e-01 0.000000000000000000e+00 0.000000000000000000e+00 0.000000000000000000e+00 3.840579710144927383e-01
5.063694267515923553e-01 0.000000000000000000e+00 0.000000000000000000e+00 0.000000000000000000e+00 3.840579710144927383e-01
8.636363636363636465e-01 7.181208053691274795e-01 1.000000000000000000e+00 8.359375000000000000e-01 8.955223880597015240e-01
8.410596026490065880e-01 7.251908396946564750e-01 8.878504672897196137e-01 7.983193277310924874e-01 8.516175413371674940e-01
8.580645161290322287e-01 7.086092715231787631e-01 1.000000000000000000e+00 8.294573643410853014e-01 8.916256157635468194e-01
8.692810457516340072e-01 7.278911564625850650e-01 1.000000000000000000e+00 8.425196850393700254e-01 8.994974874371859386e-01
6.918032786885245367e-01 5.714285714285713969e-01 4.859813084112149517e-01 5.252525252525251931e-01 6.445058057207589952e-01
5.063694267515923553e-01 0.000000000000000000e+00 0.000000000000000000e+00 0.000000000000000000e+00 3.840579710144927383e-01
8.636363636363636465e-01 7.181208053691274795e-01 1.000000000000000000e+00 8.359375000000000000e-01 8.955223880597015240e-01
5.063694267515923553e-01 0.000000000000000000e+00 0.000000000000000000e+00 0.000000000000000000e+00 3.840579710144927383e-01
6.337579617834394607e-01 4.545454545454545303e-01 3.738317757009345654e-01 4.102564102564102422e-01 5.709738588649601043e-01
5.063694267515923553e-01 0.000000000000000000e+00 0.000000000000000000e+00 0.000000000000000000e+00 3.840579710144927383e-01
7.197452229299362569e-01 5.826086956521738802e-01 6.261682242990653791e-01 6.036036036036035446e-01 6.971420831640254834e-01
8.312500000000000444e-01 6.645962732919254989e-01 1.000000000000000000e+00 7.985074626865671377e-01 8.732394366197182567e-01
5.063694267515923553e-01 0.000000000000000000e+00 0.000000000000000000e+00 0.000000000000000000e+00 3.840579710144927383e-01
8.471337579617834734e-01 6.903225806451612767e-01 1.000000000000000000e+00 8.167938931297709093e-01 8.840579710144926828e-01
8.608414239482200525e-01 7.133333333333333748e-01 1.000000000000000000e+00 8.326848249027237747e-01 8.935643564356435808e-01
5.063694267515923553e-01 0.000000000000000000e+00 0.000000000000000000e+00 0.000000000000000000e+00 3.840579710144927383e-01
5.063694267515923553e-01 0.000000000000000000e+00 0.000000000000000000e+00 0.000000000000000000e+00 3.840579710144927383e-01
5.366666666666666252e-01 5.555555555555555247e-02 1.869158878504672758e-02 2.797202797202797200e-02 4.212628928381192406e-01
8.498402555910543610e-01 6.948051948051947591e-01 1.000000000000000000e+00 8.199233716475095024e-01 8.859223300970873183e-01
5.063694267515923553e-01 0.000000000000000000e+00 0.000000000000000000e+00 0.000000000000000000e+00 3.840579710144927383e-01
5.095541401273885329e-01 2.040816326530612082e-02 9.345794392523363789e-03 1.282051282051282180e-02 3.887308682107543656e-01
7.197452229299362569e-01 5.826086956521738802e-01 6.261682242990653791e-01 6.036036036036035446e-01 6.971420831640254834e-01
8.312500000000000444e-01 6.645962732919254989e-01 1.000000000000000000e+00 7.985074626865671377e-01 8.732394366197182567e-01
7.128712871287128383e-01 6.063829787234042978e-01 5.327102803738317238e-01 5.671641791044775838e-01 6.719673850848750796e-01
5.177993527508090166e-01 2.272727272727272790e-02 9.345794392523363789e-03 1.324503311258277971e-02 3.982372536319052636e-01
5.469798657718121238e-01 1.111111111111111049e-01 3.738317757009345516e-02 5.594405594405594401e-02 4.349219552771933506e-01
6.039603960396039417e-01 3.934426229508196649e-01 2.242990654205607448e-01 2.857142857142856984e-01 5.177617776082396039e-01
5.328947368421053099e-01 7.317073170731706877e-02 2.803738317757009310e-02 4.054054054054054279e-02 4.175719910811707680e-01
8.444444444444444420e-01 6.858974358974359031e-01 1.000000000000000000e+00 8.136882129277566156e-01 8.822115384615384359e-01
5.063694267515923553e-01 0.000000000000000000e+00 0.000000000000000000e+00 0.000000000000000000e+00 3.840579710144927383e-01
8.608414239482200525e-01 7.133333333333333748e-01 1.000000000000000000e+00 8.326848249027237747e-01 8.935643564356435808e-01
8.312500000000000444e-01 6.645962732919254989e-01 1.000000000000000000e+00 7.985074626865671377e-01 8.732394366197182567e-01
8.286604361370716321e-01 6.604938271604938738e-01 1.000000000000000000e+00 7.955390334572490785e-01 8.714953271028037518e-01
5.063694267515923553e-01 0.000000000000000000e+00 0.000000000000000000e+00 0.000000000000000000e+00 3.840579710144927383e-01
