5.311475409836065031e-01 2.631578947368420907e-02 9.345794392523363789e-03 1.379310344827586188e-02 4.112385537619182019e-01
8.701298701298700866e-01 7.278911564625850650e-01 1.000000000000000000e+00 8.425196850393700254e-01 9.004975124378109541e-01
6.993243243243243423e-01 6.216216216216216006e-01 4.299065420560747586e-01 5.082872928176795924e-01 6.408791969539633371e-01
7.247386759581881943e-01 7.121212121212121549e-01 4.392523364485981241e-01 5.433526011560694258e-01 6.668483904465212220e-01
5.159235668789808882e-01 2.127659574468085055e-02 9.345794392523363789e-03 1.298701298701298787e-02 3.935617860851505778e-01
5.728813559322033511e-01 2.285714285714285643e-01 7.476635514018691031e-02 1.126760563380281577e-01 4.655746669317956110e-01
6.506410256410256610e-01 4.883720930232557933e-01 3.925233644859812965e-01 4.352331606217615945e-01 5.889446090722589844e-01
5.311475409836065031e-01 2.631578947368420907e-02 9.345794392523363789e-03 1.379310344827586188e-02 4.112385537619182019e-01
8.729641693811075465e-01 7.328767123287671659e-01 1.000000000000000000e+00 8.458498023715415037e-01 9.024999999999999689e-01
8.026315789473684736e-01 6.974789915966386200e-01 7.757009345794392274e-01 7.345132743362831063e-01 7.964799089140850441e-01
6.426229508196721341e-01 4.861111111111111049e-01 3.271028037383177378e-01 3.910614525139664566e-01 5.701170584348154158e-01
9.204152249134948116e-01 8.333333333333333703e-01 9.813084112149532690e-01 9.012875536480687844e-01 9.329618979151689251e-01
5.191082802547770658e-01 4.166666666666666435e-02 1.869158878504672758e-02 2.580645161290322578e-02 3.982346832814122606e-01
5.294117647058823595e-01 2.564102564102564014e-02 9.345794392523363789e-03 1.369863013698630061e-02 4.091955102615882911e-01
8.375000000000000222e-01 6.729559748427672572e-01 1.000000000000000000e+00 8.045112781954886216e-01 8.779342723004694982e-01
5.512820512820513219e-01 2.000000000000000111e-01 1.028037383177570069e-01 1.358024691358024616e-01 4.440847959881467633e-01
5.111111111111110716e-01 0.000000000000000000e+00 0.000000000000000000e+00 0.000000000000000000e+00 3.870192307692307820e-01
8.535031847133758287e-01 6.993464052287581278e-01 1.000000000000000000e+00 8.230769230769230393e-01 8.888888888888888395e-01
5.111111111111110716e-01 0.000000000000000000e+00 0.000000000000000000e+00 0.000000000000000000e+00 3.870192307692307820e-01
8.729641693811075465e-01 7.328767123287671659e-01 1.000000000000000000e+00 8.458498023715415037e-01 9.024999999999999689e-01
8.178807947019867131e-01 7.166666666666666741e-01 8.037383177570093240e-01 7.577092511013215903e-01 8.146896716990174037e-01
5.111111111111110716e-01 0.000000000000000000e+00 0.000000000000000000e+00 0.000000000000000000e+00 3.870192307692307820e-01
5.111111111111110716e-01 0.000000000000000000e+00 0.000000000000000000e+00 0.000000000000000000e+00 3.870192307692307820e-01
8.401253918495298345e-01 6.772151898734176667e-01 1.000000000000000000e+00 8.075471698113206864e-01 8.797169811320755262e-01
5.294117647058823595e-01 2.564102564102564014e-02 9.345794392523363789e-03 1.369863013698630061e-02 4.091955102615882911e-01
8.375000000000000222e-01 6.729559748427672572e-01 1.000000000000000000e+00 8.045112781954886216e-01 8.779342723004694982e-01
5.175718849840255098e-01 2.173913043478260809e-02 9.345794392523363789e-03 1.307189542483659823e-02 3.954495962253878338e-01
5.111111111111110716e-01 0.000000000000000000e+00 0.000000000000000000e+00 0.000000000000000000e+00 3.870192307692307820e-01
5.111111111111110716e-01 0.000000000000000000e+00 0.000000000000000000e+00 0.000000000000000000e+00 3.870192307692307820e-01
5.510204081632652517e-01 3.703703703703703498e-02 9.345794392523363789e-03 1.492537313432835792e-02 4.351541806187215200e-01
5.311475409836065031e-01 2.631578947368420907e-02 9.345794392523363789e-03 1.379310344827586188e-02 4.112385537619182019e-01
5.311475409836065031e-01 2.631578947368420907e-02 9.345794392523363789e-03 1.379310344827586188e-02 4.112385537619182019e-01
8.535031847133758287e-01 6.993464052287581278e-01 1.000000000000000000e+00 8.230769230769230393e-01 8.888888888888888395e-01
8.535031847133758287e-01 6.993464052287581278e-01 1.000000000000000000e+00 8.230769230769230393e-01 8.888888888888888395e-01
5.516129032258064724e-01 1.923076923076923184e-01 9.345794392523364136e-02 1.257861635220125784e-01 4.432806961005478774e-01
5.111111111111110716e-01 0.000000000000000000e+00 0.000000000000000000e+00 0.000000000000000000e+00 3.870192307692307820e-01
5.346534653465346842e-01 2.777777777777777624e-02 9.345794392523363789e-03 1.398601398601398600e-02 4.153871829105473257e-01
