8.562300319488818090e-01 7.039473684210526550e-01 1.000000000000000000e+00 8.262548262548262690e-01 8.907766990291261511e-01
5.780141843971631221e-01 1.250000000000000000e-01 1.869158878504672758e-02 3.252032520325202902e-02 4.693457943925233855e-01
8.535031847133758287e-01 6.993464052287581278e-01 1.000000000000000000e+00 8.230769230769230393e-01 8.888888888888888395e-01
5.111111111111110716e-01 0.000000000000000000e+00 0.000000000000000000e+00 0.000000000000000000e+00 3.870192307692307820e-01
5.529010238907849928e-01 3.846153846153846367e-02 9.345794392523363789e-03 1.503759398496240518e-02 4.374685961209928142e-01
5.684210526315789380e-01 5.555555555555555247e-02 9.345794392523363789e-03 1.600000000000000033e-02 4.569200882074975767e-01
5.512820512820513219e-01 2.000000000000000111e-01 1.028037383177570069e-01 1.358024691358024616e-01 4.440847959881467633e-01
5.259740259740259827e-01 2.439024390243902524e-02 9.345794392523363789e-03 1.351351351351351079e-02 4.051704096340725814e-01
5.659722222222222099e-01 9.090909090909091161e-02 1.869158878504672758e-02 3.100775193798449222e-02 4.540971756079930088e-01
5.294117647058823595e-01 2.564102564102564014e-02 9.345794392523363789e-03 1.369863013698630061e-02 4.091955102615882911e-01
5.111111111111110716e-01 0.000000000000000000e+00 0.000000000000000000e+00 0.000000000000000000e+00 3.870192307692307820e-01
5.111111111111110716e-01 0.000000000000000000e+00 0.000000000000000000e+00 0.000000000000000000e+00 3.870192307692307820e-01
8.507936507936507686e-01 6.948051948051947591e-01 1.000000000000000000e+00 8.199233716475095024e-01 8.870192307692308376e-01
8.815789473684210176e-01 7.482517482517482277e-01 1.000000000000000000e+00 8.559999999999999831e-01 9.086294416243654304e-01
5.111111111111110716e-01 0.000000000000000000e+00 0.000000000000000000e+00 0.000000000000000000e+00 3.870192307692307820e-01
8.562300319488818090e-01 7.039473684210526550e-01 1.000000000000000000e+00 8.262548262548262690e-01 8.907766990291261511e-01
8.758169934640522847e-01 7.379310344827586521e-01 1.000000000000000000e+00 8.492063492063492980e-01 9.045226130653266639e-01
5.111111111111110716e-01 0.000000000000000000e+00 0.000000000000000000e+00 0.000000000000000000e+00 3.870192307692307820e-01
8.190789473684210176e-01 7.096774193548387455e-01 8.224299065420560551e-01 7.619047619047619735e-01 8.198443948953935134e-01
6.824324324324324564e-01 5.942028985507246119e-01 3.831775700934579310e-01 4.659090909090909394e-01 6.175147109726548678e-01
8.454258675078863972e-01 6.858974358974359031e-01 1.000000000000000000e+00 8.136882129277566156e-01 8.833333333333333037e-01
5.439739413680781954e-01 1.333333333333333315e-01 5.607476635514018620e-02 7.894736842105262720e-02 4.305373831775700655e-01
5.311475409836065031e-01 2.631578947368420907e-02 9.345794392523363789e-03 1.379310344827586188e-02 4.112385537619182019e-01
5.394736842105263275e-01 7.692307692307692735e-02 2.803738317757009310e-02 4.109589041095890877e-02 4.226481332131505342e-01
8.815789473684210176e-01 7.482517482517482277e-01 1.000000000000000000e+00 8.559999999999999831e-01 9.086294416243654304e-01
5.111111111111110716e-01 0.000000000000000000e+00 0.000000000000000000e+00 0.000000000000000000e+00 3.870192307692307820e-01
5.111111111111110716e-01 0.000000000000000000e+00 0.000000000000000000e+00 0.000000000000000000e+00 3.870192307692307820e-01
5.111111111111110716e-01 0.000000000000000000e+00 0.000000000000000000e+00 0.000000000000000000e+00 3.870192307692307820e-01
5.111111111111110716e-01 0.000000000000000000e+00 0.000000000000000000e+00 0.000000000000000000e+00 3.870192307692307820e-01
8.427672955974843116e-01 6.815286624203821253e-01 1.000000000000000000e+00 8.106060606060605522e-01 8.815165876777251164e-01
5.111111111111110716e-01 0.000000000000000000e+00 0.000000000000000000e+00 0.000000000000000000e+00 3.870192307692307820e-01
5.346534653465346842e-01 2.777777777777777624e-02 9.345794392523363789e-03 1.398601398601398600e-02 4.153871829105473257e-01
5.364238410596026130e-01 2.857142857142857054e-02 9.345794392523363789e-03 1.408450704225351971e-02 4.174934100167744244e-01
8.454258675078863972e-01 6.858974358974359031e-01 1.000000000000000000e+00 8.136882129277566156e-01 8.833333333333333037e-01
8.427672955974843116e-01 6.815286624203821253e-01 1.000000000000000000e+00 8.106060606060605522e-01 8.815165876777251164e-01
8.454258675078863972e-01 6.858974358974359031e-01 1.000000000000000000e+00 8.136882129277566156e-01 8.833333333333333037e-01
8.815789473684210176e-01 7.482517482517482277e-01 1.000000000000000000e+00 8.559999999999999831e-01 9.086294416243654304e-01
