5.111111111111110716e-01 0.000000000000000000e+00 0.000000000000000000e+00 0.000000000000000000e+00 3.870192307692307820e-01
5.346534653465346842e-01 2.777777777777777624e-02 9.345794392523363789e-03 1.398601398601398600e-02 4.153871829105473257e-01
5.586206896551724199e-01 4.347826086956521618e-02 9.345794392523363789e-03 1.538461538461538200e-02 4.445636075787752772e-01
8.535031847133758287e-01 6.993464052287581278e-01 1.000000000000000000e+00 8.230769230769230393e-01 8.888888888888888395e-01
8.993288590604027188e-01 7.810218978102190235e-01 1.000000000000000000e+00 8.770491803278688270e-01 9.214659685863874072e-01
8.758169934640522847e-01 7.379310344827586521e-01 1.000000000000000000e+00 8.492063492063492980e-01 9.045226130653266639e-01
8.815789473684210176e-01 7.482517482517482277e-01 1.000000000000000000e+00 8.559999999999999831e-01 9.086294416243654304e-01
6.286644951140064608e-01 4.507042253521126862e-01 2.990654205607476412e-01 3.595505617977527990e-01 5.520327102803738173e-01
5.111111111111110716e-01 0.000000000000000000e+00 0.000000000000000000e+00 0.000000000000000000e+00 3.870192307692307820e-01
6.677524429967426345e-01 5.301204819277108848e-01 4.112149532710280275e-01 4.631578947368421573e-01 6.081074766355140104e-01
5.111111111111110716e-01 0.000000000000000000e+00 0.000000000000000000e+00 0.000000000000000000e+00 3.870192307692307820e-01
6.535947712418300748e-01 5.064935064935064402e-01 3.644859813084111999e-01 4.239130434782608092e-01 5.867656037195322360e-01
5.111111111111110716e-01 0.000000000000000000e+00 0.000000000000000000e+00 0.000000000000000000e+00 3.870192307692307820e-01
7.823129251700680076e-01 7.263157894736842479e-01 6.448598130841121101e-01 6.831683168316832200e-01 7.529111899645160033e-01
8.375000000000000222e-01 6.729559748427672572e-01 1.000000000000000000e+00 8.045112781954886216e-01 8.779342723004694982e-01
5.382059800664451554e-01 2.941176470588235253e-02 9.345794392523363789e-03 1.418439716312056530e-02 4.196213508045090190e-01
8.401253918495298345e-01 6.772151898734176667e-01 1.000000000000000000e+00 8.075471698113206864e-01 8.797169811320755262e-01
8.589743589743589203e-01 7.086092715231787631e-01 1.000000000000000000e+00 8.294573643410853014e-01 8.926829268292683084e-01
5.346534653465346842e-01 2.777777777777777624e-02 9.345794392523363789e-03 1.398601398601398600e-02 4.153871829105473257e-01
5.111111111111110716e-01 0.000000000000000000e+00 0.000000000000000000e+00 0.000000000000000000e+00 3.870192307692307820e-01
5.951557093425605682e-01 3.437500000000000000e-01 1.028037383177570069e-01 1.582733812949640162e-01 4.937095614665707455e-01
8.327974276527331243e-01 6.950354609929078054e-01 9.158878504672897103e-01 7.903225806451613655e-01 8.525517683708997430e-01
5.111111111111110716e-01 0.000000000000000000e+00 0.000000000000000000e+00 0.000000000000000000e+00 3.870192307692307820e-01
5.192307692307692735e-01 2.222222222222222307e-02 9.345794392523363789e-03 1.315789473684210627e-02 3.973558240255299356e-01
7.823129251700680076e-01 7.263157894736842479e-01 6.448598130841121101e-01 6.831683168316832200e-01 7.529111899645160033e-01
8.375000000000000222e-01 6.729559748427672572e-01 1.000000000000000000e+00 8.045112781954886216e-01 8.779342723004694982e-01
6.070287539936102261e-01 3.918918918918918859e-01 2.710280373831775447e-01 3.204419889502762575e-01 5.262907177207148957e-01
5.361842105263158187e-01 5.263157894736841813e-02 1.869158878504672758e-02 2.758620689655172376e-02 4.179752360168888514e-01
5.239616613418530688e-01 6.250000000000000000e-02 2.803738317757009310e-02 3.870967741935483347e-02 4.047953906179112549e-01
5.111111111111110716e-01 0.000000000000000000e+00 0.000000000000000000e+00 0.000000000000000000e+00 3.870192307692307820e-01
5.192307692307692735e-01 2.222222222222222307e-02 9.345794392523363789e-03 1.315789473684210627e-02 3.973558240255299356e-01
8.701298701298700866e-01 7.278911564625850650e-01 1.000000000000000000e+00 8.425196850393700254e-01 9.004975124378109541e-01
5.225806451612903247e-01 2.325581395348837177e-02 9.345794392523363789e-03 1.333333333333333245e-02 4.012246213341926770e-01
8.729641693811075465e-01 7.328767123287671659e-01 1.000000000000000000e+00 8.458498023715415037e-01 9.024999999999999689e-01
8.348909657320872091e-01 6.687499999999999556e-01 1.000000000000000000e+00 8.014981273408239293e-01 8.761682242990654901e-01
8.348909657320872091e-01 6.687499999999999556e-01 1.000000000000000000e+00 8.014981273408239293e-01 8.761682242990654901e-01
5.225806451612903247e-01 2.325581395348837177e-02 9.345794392523363789e-03 1.333333333333333245e-02 4.012246213341926770e-01
