4.961538461538461675e-01 0.000000000000000000e+00 0.000000000000000000e+00 0.000000000000000000e+00 4.215686274509803932e-01
9.093750000000000444e-01 7.867647058823529216e-01 1.000000000000000000e+00 8.806584362139917577e-01 9.319248826291079979e-01
5.228070175438596090e-01 0.000000000000000000e+00 0.000000000000000000e+00 0.000000000000000000e+00 4.185393258426965968e-01
9.037267080745341463e-01 7.753623188405797118e-01 1.000000000000000000e+00 8.734693877551020780e-01 9.279069767441860961e-01
8.000000000000000444e-01 7.281553398058252524e-01 7.009345794392523032e-01 7.142857142857141906e-01 7.779284296159992840e-01
9.090909090909090606e-01 7.867647058823529216e-01 1.000000000000000000e+00 8.806584362139917577e-01 9.316037735849056478e-01
6.898954703832752555e-01 6.125000000000000444e-01 4.579439252336448551e-01 5.240641711229946376e-01 6.428608515057112616e-01
9.238095238095238582e-01 8.167938931297710203e-01 1.000000000000000000e+00 8.991596638655461327e-01 9.423076923076922906e-01
5.709342560553632984e-01 2.424242424242424310e-01 7.476635514018691031e-02 1.142857142857142683e-01 4.687018588887748027e-01
9.082278481012657778e-01 7.867647058823529216e-01 1.000000000000000000e+00 8.806584362139917577e-01 9.306220095693780170e-01
4.609375000000000000e-01 0.000000000000000000e+00 0.000000000000000000e+00 0.000000000000000000e+00 3.959731543624160910e-01
7.817589576547231411e-01 7.439024390243902385e-01 5.700934579439251859e-01 6.455026455026454668e-01 7.325467289719626018e-01
7.128712871287128383e-01 6.428571428571429047e-01 4.205607476635513930e-01 5.084745762711864181e-01 6.465048636276941041e-01
5.675675675675675436e-01 1.612903225806451568e-01 4.672897196261682068e-02 7.246376811594201772e-02 4.545814171982395790e-01
9.093750000000000444e-01 7.867647058823529216e-01 1.000000000000000000e+00 8.806584362139917577e-01 9.319248826291079979e-01
5.054151624548736121e-01 0.000000000000000000e+00 0.000000000000000000e+00 0.000000000000000000e+00 4.117647058823529216e-01
9.037267080745341463e-01 7.753623188405797118e-01 1.000000000000000000e+00 8.734693877551020780e-01 9.279069767441860961e-01
9.037267080745341463e-01 7.753623188405797118e-01 1.000000000000000000e+00 8.734693877551020780e-01 9.279069767441860961e-01
5.842293906810035464e-01 3.333333333333333148e-01 8.411214953271027583e-02 1.343283582089551953e-01 4.897304933710062702e-01
8.295081967213114860e-01 7.570093457943924964e-01 7.570093457943924964e-01 7.570093457943924964e-01 8.128481072406306129e-01
5.316901408450703803e-01 0.000000000000000000e+00 0.000000000000000000e+00 0.000000000000000000e+00 4.265536723163841915e-01
5.862068965517240882e-01 2.903225806451613100e-01 8.411214953271027583e-02 1.304347826086956486e-01 4.819467851488687393e-01
4.944649446494465139e-01 0.000000000000000000e+00 0.000000000000000000e+00 0.000000000000000000e+00 4.085365853658536883e-01
5.588235294117647189e-01 0.000000000000000000e+00 0.000000000000000000e+00 0.000000000000000000e+00 4.296482412060301792e-01
5.675675675675675436e-01 1.612903225806451568e-01 4.672897196261682068e-02 7.246376811594201772e-02 4.545814171982395790e-01
9.093750000000000444e-01 7.867647058823529216e-01 1.000000000000000000e+00 8.806584362139917577e-01 9.319248826291079979e-01
5.719178082191780366e-01 1.538461538461538547e-01 3.738317757009345516e-02 6.015037593984962072e-02 4.592321293255872683e-01
4.678111587982832775e-01 0.000000000000000000e+00 0.000000000000000000e+00 0.000000000000000000e+00 4.325396825396825573e-01
5.177304964539006793e-01 0.000000000000000000e+00 0.000000000000000000e+00 0.000000000000000000e+00 4.171428571428571486e-01
9.113924050632911111e-01 7.925925925925926263e-01 1.000000000000000000e+00 8.842975206611569661e-01 9.330143540669856295e-01
6.040268456375839090e-01 3.777777777777777679e-01 1.588785046728971861e-01 2.236842105263157632e-01 5.061408230170768574e-01
6.440129449838187803e-01 4.727272727272727182e-01 2.429906542056074759e-01 3.209876543209876365e-01 5.497131488849820169e-01
5.214285714285714635e-01 6.451612903225806273e-02 1.869158878504672758e-02 2.898550724637680501e-02 4.255307654907892756e-01
5.559566787003610289e-01 2.142857142857142738e-01 5.607476635514018620e-02 8.888888888888889228e-02 4.633315008246289279e-01
9.037267080745341463e-01 7.753623188405797118e-01 1.000000000000000000e+00 8.734693877551020780e-01 9.279069767441860961e-01
9.037267080745341463e-01 7.753623188405797118e-01 1.000000000000000000e+00 8.734693877551020780e-01 9.279069767441860961e-01
6.775244299674266779e-01 5.645161290322581182e-01 3.271028037383177378e-01 4.142011834319526131e-01 5.960514018691588367e-01
