5.270758122743682828e-01 0.000000000000000000e+00 0.000000000000000000e+00 0.000000000000000000e+00 4.294117647058823817e-01
5.075187969924812581e-01 7.142857142857142461e-02 1.869158878504672758e-02 2.962962962962962382e-02 4.275847881032152076e-01
9.037267080745341463e-01 7.753623188405797118e-01 1.000000000000000000e+00 8.734693877551020780e-01 9.279069767441860961e-01
5.508196721311475752e-01 0.000000000000000000e+00 0.000000000000000000e+00 0.000000000000000000e+00 4.242424242424242542e-01
5.563139931740613831e-01 0.000000000000000000e+00 0.000000000000000000e+00 0.000000000000000000e+00 4.381720430107526876e-01
9.065420560747663448e-01 7.810218978102190235e-01 1.000000000000000000e+00 8.770491803278688270e-01 9.299065420560747031e-01
5.306122448979592177e-01 0.000000000000000000e+00 0.000000000000000000e+00 0.000000000000000000e+00 4.171122994652406435e-01
5.653710247349823526e-01 0.000000000000000000e+00 0.000000000000000000e+00 0.000000000000000000e+00 4.545454545454545303e-01
7.205387205387205896e-01 6.999999999999999556e-01 3.925233644859812965e-01 5.029940119760478723e-01 6.488932611903590608e-01
5.058823529411764497e-01 0.000000000000000000e+00 0.000000000000000000e+00 0.000000000000000000e+00 4.358108108108108003e-01
8.021582733812949728e-01 8.023255813953488191e-01 6.448598130841121101e-01 7.150259067357512821e-01 7.727223042028749100e-01
5.535714285714286031e-01 0.000000000000000000e+00 0.000000000000000000e+00 0.000000000000000000e+00 4.479768786127167335e-01
9.065420560747663448e-01 7.810218978102190235e-01 1.000000000000000000e+00 8.770491803278688270e-01 9.299065420560747031e-01
9.037267080745341463e-01 7.753623188405797118e-01 1.000000000000000000e+00 8.734693877551020780e-01 9.279069767441860961e-01
6.218181818181818254e-01 5.600000000000000533e-01 1.308411214953270896e-01 2.121212121212120993e-01 5.326824655095683259e-01
9.179810725552050021e-01 8.045112781954887327e-01 1.000000000000000000e+00 8.916666666666667185e-01 9.380952380952380931e-01
9.037267080745341463e-01 7.753623188405797118e-01 1.000000000000000000e+00 8.734693877551020780e-01 9.279069767441860961e-01
9.028213166144201107e-01 7.753623188405797118e-01 1.000000000000000000e+00 8.734693877551020780e-01 9.268867924528301216e-01
9.037267080745341463e-01 7.753623188405797118e-01 1.000000000000000000e+00 8.734693877551020780e-01 9.279069767441860961e-01
9.037267080745341463e-01 7.753623188405797118e-01 1.000000000000000000e+00 8.734693877551020780e-01 9.279069767441860961e-01
8.673139158576051999e-01 8.000000000000000444e-01 8.224299065420560551e-01 8.110599078341014234e-01 8.567595077264736902e-01
9.093750000000000444e-01 7.867647058823529216e-01 1.000000000000000000e+00 8.806584362139917577e-01 9.319248826291079979e-01
5.855263157894736725e-01 2.790697674418604612e-01 1.121495327102803724e-01 1.600000000000000033e-01 4.773945633094549001e-01
9.093750000000000444e-01 7.867647058823529216e-01 1.000000000000000000e+00 8.806584362139917577e-01 9.319248826291079979e-01
9.037267080745341463e-01 7.753623188405797118e-01 1.000000000000000000e+00 8.734693877551020780e-01 9.279069767441860961e-01
6.218181818181818254e-01 5.600000000000000533e-01 1.308411214953270896e-01 2.121212121212120993e-01 5.326824655095683259e-01
6.677740863787375858e-01 5.686274509803921351e-01 2.710280373831775447e-01 3.670886075949367222e-01 5.788129877637536724e-01
4.961240310077519311e-01 0.000000000000000000e+00 0.000000000000000000e+00 0.000000000000000000e+00 4.238410596026490063e-01
5.225563909774436633e-01 0.000000000000000000e+00 0.000000000000000000e+00 0.000000000000000000e+00 4.371069182389937247e-01
9.037267080745341463e-01 7.753623188405797118e-01 1.000000000000000000e+00 8.734693877551020780e-01 9.279069767441860961e-01
9.022801302931595657e-01 8.080000000000000515e-01 9.439252336448598069e-01 8.706896551724138122e-01 9.119626168224299612e-01
6.490066225165562752e-01 5.090909090909090384e-01 2.616822429906541791e-01 3.456790123456789376e-01 5.616103522645579105e-01
5.563380281690141205e-01 0.000000000000000000e+00 0.000000000000000000e+00 0.000000000000000000e+00 4.463276836158192040e-01
9.037267080745341463e-01 7.753623188405797118e-01 1.000000000000000000e+00 8.734693877551020780e-01 9.279069767441860961e-01
9.037267080745341463e-01 7.753623188405797118e-01 1.000000000000000000e+00 8.734693877551020780e-01 9.279069767441860961e-01
9.037267080745341463e-01 7.753623188405797118e-01 1.000000000000000000e+00 8.734693877551020780e-01 9.279069767441860961e-01
9.037267080745341463e-01 7.753623188405797118e-01 1.000000000000000000e+00 8.734693877551020780e-01 9.279069767441860961e-01
