4.471544715447154372e-01 0.000000000000000000e+00 0.000000000000000000e+00 0.000000000000000000e+00 3.956834532374100544e-01
9.037267080745341463e-01 7.753623188405797118e-01 1.000000000000000000e+00 8.734693877551020780e-01 9.279069767441860961e-01
5.678571428571428381e-01 0.000000000000000000e+00 0.000000000000000000e+00 0.000000000000000000e+00 4.595375722543352803e-01
8.033333333333333437e-01 7.307692307692307265e-01 7.102803738317756688e-01 7.203791469194312791e-01 7.826013268122610222e-01
4.822134387351778573e-01 7.142857142857142461e-02 1.869158878504672758e-02 2.962962962962962382e-02 4.203046985021123838e-01
5.349650349650350023e-01 0.000000000000000000e+00 0.000000000000000000e+00 0.000000000000000000e+00 4.273743016759776747e-01
4.834710743801652888e-01 1.785714285714285754e-01 4.672897196261682068e-02 7.407407407407406996e-02 4.381793007961231612e-01
5.310344827586206407e-01 0.000000000000000000e+00 0.000000000000000000e+00 0.000000000000000000e+00 4.207650273224043946e-01
5.393258426966291985e-01 0.000000000000000000e+00 0.000000000000000000e+00 0.000000000000000000e+00 4.500000000000000111e-01
5.938566552901023421e-01 3.499999999999999778e-01 1.308411214953270896e-01 1.904761904761904656e-01 4.955280876293839953e-01
5.306122448979592177e-01 0.000000000000000000e+00 0.000000000000000000e+00 0.000000000000000000e+00 4.171122994652406435e-01
6.736111111111111605e-01 5.890410958904109817e-01 4.018691588785046620e-01 4.777777777777778012e-01 6.180616512624566017e-01
5.912162162162162282e-01 2.666666666666666630e-01 7.476635514018691031e-02 1.167883211678831940e-01 4.791821193690352643e-01
5.368421052631578982e-01 0.000000000000000000e+00 0.000000000000000000e+00 0.000000000000000000e+00 4.297752808988763995e-01
9.037267080745341463e-01 7.753623188405797118e-01 1.000000000000000000e+00 8.734693877551020780e-01 9.279069767441860961e-01
5.937500000000000000e-01 3.611111111111111049e-01 1.214953271028037379e-01 1.818181818181818232e-01 4.972117519491918713e-01
5.424354243542435228e-01 2.424242424242424310e-01 7.476635514018691031e-02 1.142857142857142683e-01 4.611636653749714987e-01
4.703557312252964473e-01 0.000000000000000000e+00 0.000000000000000000e+00 0.000000000000000000e+00 4.075342465753424848e-01
4.772727272727272929e-01 0.000000000000000000e+00 0.000000000000000000e+00 0.000000000000000000e+00 4.012738853503184933e-01
5.836065573770491399e-01 2.222222222222222099e-01 7.476635514018691031e-02 1.118881118881118880e-01 4.666761068630227438e-01
9.235668789808917367e-01 8.167938931297710203e-01 1.000000000000000000e+00 8.991596638655461327e-01 9.420289855072464524e-01
4.523809523809523836e-01 0.000000000000000000e+00 0.000000000000000000e+00 0.000000000000000000e+00 3.931034482758620774e-01
7.170418006430868685e-01 6.233766233766233622e-01 4.485981308411214896e-01 5.217391304347825942e-01 6.532206340480117834e-01
9.037267080745341463e-01 7.753623188405797118e-01 1.000000000000000000e+00 8.734693877551020780e-01 9.279069767441860961e-01
5.368421052631578982e-01 0.000000000000000000e+00 0.000000000000000000e+00 0.000000000000000000e+00 4.297752808988763995e-01
9.037267080745341463e-01 7.753623188405797118e-01 1.000000000000000000e+00 8.734693877551020780e-01 9.279069767441860961e-01
5.167286245353159835e-01 7.407407407407406996e-02 1.869158878504672758e-02 2.985074626865671585e-02 4.321853005653628621e-01
4.480000000000000093e-01 0.000000000000000000e+00 0.000000000000000000e+00 0.000000000000000000e+00 3.916083916083916150e-01
4.609375000000000000e-01 0.000000000000000000e+00 0.000000000000000000e+00 0.000000000000000000e+00 3.959731543624160910e-01
4.866920152091254725e-01 0.000000000000000000e+00 0.000000000000000000e+00 0.000000000000000000e+00 4.102564102564102422e-01
4.588235294117646856e-01 0.000000000000000000e+00 0.000000000000000000e+00 0.000000000000000000e+00 3.952702702702702853e-01
4.595744680851063801e-01 0.000000000000000000e+00 0.000000000000000000e+00 0.000000000000000000e+00 4.218750000000000000e-01
9.037267080745341463e-01 7.753623188405797118e-01 1.000000000000000000e+00 8.734693877551020780e-01 9.279069767441860961e-01
9.037267080745341463e-01 7.753623188405797118e-01 1.000000000000000000e+00 8.734693877551020780e-01 9.279069767441860961e-01
9.037267080745341463e-01 7.753623188405797118e-01 1.000000000000000000e+00 8.734693877551020780e-01 9.279069767441860961e-01
5.298245614035087536e-01 0.000000000000000000e+00 0.000000000000000000e+00 0.000000000000000000e+00 4.241573033707864981e-01
9.179810725552050021e-01 8.045112781954887327e-01 1.000000000000000000e+00 8.916666666666667185e-01 9.380952380952380931e-01
