8.580441640378548840e-01 7.039473684210526550e-01 1.000000000000000000e+00 8.262548262548262690e-01 8.928571428571427937e-01
6.028880866425992968e-01 2.857142857142856984e-01 1.869158878504672758e-02 3.508771929824561209e-02 4.946399120395821858e-01
8.859934853420194933e-01 7.535211267605633756e-01 1.000000000000000000e+00 8.594377510040159818e-01 9.124999999999999778e-01
5.354838709677419706e-01 2.564102564102564014e-02 9.345794392523363789e-03 1.369863013698630061e-02 4.110768380829611379e-01
5.478547854785478233e-01 3.125000000000000000e-02 9.345794392523363789e-03 1.438848920863309254e-02 4.255912645432003982e-01
5.269841269841269993e-01 2.272727272727272790e-02 9.345794392523363789e-03 1.324503311258277971e-02 4.013075125808770460e-01
5.986159169550172576e-01 3.200000000000000067e-01 7.476635514018691031e-02 1.212121212121212016e-01 4.906798808667967582e-01
5.646258503401360151e-01 4.347826086956521618e-02 9.345794392523363789e-03 1.538461538461538200e-02 4.458493677844969083e-01
5.743944636678200988e-01 5.555555555555555247e-02 9.345794392523363789e-03 1.600000000000000033e-02 4.579696004929649233e-01
5.944055944055943730e-01 2.631578947368420907e-01 4.672897196261682068e-02 7.936507936507936067e-02 4.842583407299116960e-01
5.238095238095238360e-01 0.000000000000000000e+00 0.000000000000000000e+00 0.000000000000000000e+00 3.966346153846154188e-01
5.269841269841269993e-01 2.272727272727272790e-02 9.345794392523363789e-03 1.324503311258277971e-02 4.013075125808770460e-01
8.607594936708861111e-01 7.086092715231787631e-01 1.000000000000000000e+00 8.294573643410853014e-01 8.947368421052631637e-01
9.036544850498339221e-01 7.867647058823529216e-01 1.000000000000000000e+00 8.806584362139917577e-01 9.252577319587628191e-01
5.238095238095238360e-01 0.000000000000000000e+00 0.000000000000000000e+00 0.000000000000000000e+00 3.966346153846154188e-01
8.802588996763753837e-01 7.430555555555555802e-01 1.000000000000000000e+00 8.525896414342629681e-01 9.084158415841584455e-01
8.859934853420194933e-01 7.535211267605633756e-01 1.000000000000000000e+00 8.594377510040159818e-01 9.124999999999999778e-01
5.238095238095238360e-01 0.000000000000000000e+00 0.000000000000000000e+00 0.000000000000000000e+00 3.966346153846154188e-01
6.109215017064846265e-01 4.000000000000000222e-01 1.308411214953270896e-01 1.971830985915492551e-01 5.089689478444378024e-01
5.665529010238907759e-01 4.545454545454545581e-02 9.345794392523363789e-03 1.550387596899224611e-02 4.482212842930358154e-01
8.717948717948718063e-01 7.278911564625850650e-01 1.000000000000000000e+00 8.425196850393700254e-01 9.024390243902439268e-01
5.738831615120274510e-01 9.523809523809523281e-02 1.869158878504672758e-02 3.124999999999999653e-02 4.577153596099146626e-01
5.514950166112956298e-01 3.333333333333333287e-02 9.345794392523363789e-03 1.459854014598539924e-02 4.299306291550245018e-01
6.203389830508474478e-01 4.390243902439024404e-01 1.682242990654205517e-01 2.432432432432432567e-01 5.229419367667528240e-01
9.036544850498339221e-01 7.867647058823529216e-01 1.000000000000000000e+00 8.806584362139917577e-01 9.252577319587628191e-01
5.238095238095238360e-01 0.000000000000000000e+00 0.000000000000000000e+00 0.000000000000000000e+00 3.966346153846154188e-01
5.761589403973509382e-01 2.307692307692307820e-01 8.411214953271027583e-02 1.232876712328766916e-01 4.651329978432781620e-01
5.238095238095238360e-01 0.000000000000000000e+00 0.000000000000000000e+00 0.000000000000000000e+00 3.966346153846154188e-01
5.238095238095238360e-01 0.000000000000000000e+00 0.000000000000000000e+00 0.000000000000000000e+00 3.966346153846154188e-01
8.690095846645367050e-01 7.229729729729730270e-01 1.000000000000000000e+00 8.392156862745098200e-01 9.004854368932038167e-01
5.533333333333333437e-01 3.448275862068965469e-02 9.345794392523363789e-03 1.470588235294117453e-02 4.321340370926347041e-01
5.570469798657717853e-01 3.703703703703703498e-02 9.345794392523363789e-03 1.492537313432835792e-02 4.366100699711307209e-01
5.460526315789473450e-01 3.030303030303030387e-02 9.345794392523363789e-03 1.428571428571428353e-02 4.234546230845864789e-01
8.918032786885246033e-01 7.642857142857142350e-01 1.000000000000000000e+00 8.663967611336031993e-01 9.166666666666667407e-01
8.717948717948718063e-01 7.278911564625850650e-01 1.000000000000000000e+00 8.425196850393700254e-01 9.024390243902439268e-01
8.526645768025078453e-01 6.948051948051947591e-01 1.000000000000000000e+00 8.199233716475095024e-01 8.891509433962263564e-01
8.918032786885246033e-01 7.642857142857142350e-01 1.000000000000000000e+00 8.663967611336031993e-01 9.166666666666667407e-01
