5.514950166112956298e-01 3.333333333333333287e-02 9.345794392523363789e-03 1.459854014598539924e-02 4.299306291550245018e-01
8.662420382165605393e-01 7.181208053691274795e-01 1.000000000000000000e+00 8.359375000000000000e-01 8.985507246376811530e-01
5.684931506849315586e-01 4.761904761904761640e-02 9.345794392523363789e-03 1.562499999999999827e-02 4.506188431422075702e-01
8.006756756756756577e-01 7.500000000000000000e-01 6.728971962616822067e-01 7.093596059113299601e-01 7.729565346387776703e-01
5.238095238095238360e-01 0.000000000000000000e+00 0.000000000000000000e+00 0.000000000000000000e+00 3.966346153846154188e-01
6.498194945848375648e-01 7.500000000000000000e-01 1.401869158878504551e-01 2.362204724409448509e-01 5.553875755909840617e-01
8.634920634920635329e-01 7.133333333333333748e-01 1.000000000000000000e+00 8.326848249027237747e-01 8.966346153846154188e-01
5.684931506849315586e-01 4.761904761904761640e-02 9.345794392523363789e-03 1.562499999999999827e-02 4.506188431422075702e-01
8.580441640378548840e-01 7.039473684210526550e-01 1.000000000000000000e+00 8.262548262548262690e-01 8.928571428571427937e-01
6.046511627906976383e-01 3.695652173913043237e-01 1.588785046728971861e-01 2.222222222222221821e-01 5.046969842952113705e-01
8.682432432432432012e-01 7.931034482758620996e-01 8.598130841121495171e-01 8.251121076233183249e-01 8.664144785640113255e-01
8.690095846645367050e-01 7.229729729729730270e-01 1.000000000000000000e+00 8.392156862745098200e-01 9.004854368932038167e-01
5.238095238095238360e-01 0.000000000000000000e+00 0.000000000000000000e+00 0.000000000000000000e+00 3.966346153846154188e-01
6.822742474916387856e-01 5.909090909090909394e-01 3.644859813084111999e-01 4.508670520231213841e-01 6.119304906542055722e-01
8.662420382165605393e-01 7.181208053691274795e-01 1.000000000000000000e+00 8.359375000000000000e-01 8.985507246376811530e-01
5.460526315789473450e-01 3.030303030303030387e-02 9.345794392523363789e-03 1.428571428571428353e-02 4.234546230845864789e-01
5.490196078431373028e-01 8.108108108108108558e-02 2.803738317757009310e-02 4.166666666666666435e-02 4.285915559103931072e-01
5.407166123778501809e-01 2.777777777777777624e-02 9.345794392523363789e-03 1.398601398601398600e-02 4.171728971962616050e-01
5.460526315789473450e-01 3.030303030303030387e-02 9.345794392523363789e-03 1.428571428571428353e-02 4.234546230845864789e-01
8.745980707395498710e-01 7.328767123287671659e-01 1.000000000000000000e+00 8.458498023715415037e-01 9.044117647058823595e-01
6.609589041095890183e-01 5.833333333333333703e-01 2.616822429906541791e-01 3.612903225806451402e-01 5.767870674412730603e-01
5.866666666666666696e-01 2.820512820512820484e-01 1.028037383177570069e-01 1.506849315068493067e-01 4.788630090552515872e-01
5.704467353951889752e-01 5.000000000000000278e-02 9.345794392523363789e-03 1.574803149606298844e-02 4.530424624136529244e-01
8.888888888888888395e-01 7.588652482269503396e-01 1.000000000000000000e+00 8.629032258064516236e-01 9.145728643216081144e-01
6.822742474916387856e-01 5.909090909090909394e-01 3.644859813084111999e-01 4.508670520231213841e-01 6.119304906542055722e-01
8.662420382165605393e-01 7.181208053691274795e-01 1.000000000000000000e+00 8.359375000000000000e-01 8.985507246376811530e-01
5.286624203821655987e-01 2.325581395348837177e-02 9.345794392523363789e-03 1.333333333333333245e-02 4.032236218339427802e-01
5.478547854785478233e-01 3.125000000000000000e-02 9.345794392523363789e-03 1.438848920863309254e-02 4.255912645432003982e-01
5.439739413680781954e-01 5.405405405405405705e-02 1.869158878504672758e-02 2.777777777777777277e-02 4.218457943925233433e-01
5.424836601307189143e-01 2.857142857142857054e-02 9.345794392523363789e-03 1.408450704225351971e-02 4.192457615178696861e-01
5.442622950819672178e-01 2.941176470588235253e-02 9.345794392523363789e-03 1.418439716312056530e-02 4.213395638629283124e-01
5.865724381625441186e-01 8.333333333333332871e-02 9.345794392523363789e-03 1.680672268907562952e-02 4.734228971962616273e-01
8.888888888888888395e-01 7.588652482269503396e-01 1.000000000000000000e+00 8.629032258064516236e-01 9.145728643216081144e-01
5.783972125435540290e-01 6.250000000000000000e-02 9.345794392523363789e-03 1.626016260162601451e-02 4.630062305295949421e-01
5.884353741496598511e-01 2.666666666666666630e-01 7.476635514018691031e-02 1.167883211678831940e-01 4.785596481583287432e-01
5.600000000000000533e-01 9.677419354838709409e-02 2.803738317757009310e-02 4.347826086956521618e-02 4.414798314851580696e-01
5.585284280936454460e-01 6.896551724137930939e-02 1.869158878504672758e-02 2.941176470588234906e-02 4.390332943925233655e-01
