5.514950166112956298e-01 3.333333333333333287e-02 9.345794392523363789e-03 1.459854014598539924e-02 4.299306291550245018e-01
5.238095238095238360e-01 0.000000000000000000e+00 0.000000000000000000e+00 0.000000000000000000e+00 3.966346153846154188e-01
5.907473309608540779e-01 1.000000000000000056e-01 9.345794392523363789e-03 1.709401709401709227e-02 4.788108282307443897e-01
8.859934853420194933e-01 7.535211267605633756e-01 1.000000000000000000e+00 8.594377510040159818e-01 9.124999999999999778e-01
8.802588996763753837e-01 7.430555555555555802e-01 1.000000000000000000e+00 8.525896414342629681e-01 9.084158415841584455e-01
6.195286195286194841e-01 4.318181818181818232e-01 1.775700934579439172e-01 2.516556291390728561e-01 5.229955730447614082e-01
8.745980707395498710e-01 7.328767123287671659e-01 1.000000000000000000e+00 8.458498023715415037e-01 9.044117647058823595e-01
5.866666666666666696e-01 2.820512820512820484e-01 1.028037383177570069e-01 1.506849315068493067e-01 4.788630090552515872e-01
5.728155339805824919e-01 2.448979591836734637e-01 1.121495327102803724e-01 1.538461538461538547e-01 4.644906079392986387e-01
9.096989966555183438e-01 7.985074626865671377e-01 1.000000000000000000e+00 8.879668049792530660e-01 9.296875000000000000e-01
5.460526315789473450e-01 3.030303030303030387e-02 9.345794392523363789e-03 1.428571428571428353e-02 4.234546230845864789e-01
6.148648648648649129e-01 4.146341463414633943e-01 1.588785046728971861e-01 2.297297297297297147e-01 5.159471888443850629e-01
5.320512820512820484e-01 2.439024390243902524e-02 9.345794392523363789e-03 1.351351351351351079e-02 4.071119215865056096e-01
8.900343642611683315e-01 8.318584070796459784e-01 8.785046728971962482e-01 8.545454545454546080e-01 8.876219016659893102e-01
8.662420382165605393e-01 7.181208053691274795e-01 1.000000000000000000e+00 8.359375000000000000e-01 8.985507246376811530e-01
5.743944636678200988e-01 5.555555555555555247e-02 9.345794392523363789e-03 1.600000000000000033e-02 4.579696004929649233e-01
8.526645768025078453e-01 6.948051948051947591e-01 1.000000000000000000e+00 8.199233716475095024e-01 8.891509433962263564e-01
8.888888888888888395e-01 7.588652482269503396e-01 1.000000000000000000e+00 8.629032258064516236e-01 9.145728643216081144e-01
5.533333333333333437e-01 3.448275862068965469e-02 9.345794392523363789e-03 1.470588235294117453e-02 4.321340370926347041e-01
5.604026845637584131e-01 7.142857142857142461e-02 1.869158878504672758e-02 2.962962962962962382e-02 4.412829671673924592e-01
5.985663082437275850e-01 2.222222222222222099e-01 1.869158878504672758e-02 3.448275862068965469e-02 4.889969571832210593e-01
8.859934853420194933e-01 7.535211267605633756e-01 1.000000000000000000e+00 8.594377510040159818e-01 9.124999999999999778e-01
5.238095238095238360e-01 0.000000000000000000e+00 0.000000000000000000e+00 0.000000000000000000e+00 3.966346153846154188e-01
5.354838709677419706e-01 2.564102564102564014e-02 9.345794392523363789e-03 1.369863013698630061e-02 4.110768380829611379e-01
8.900343642611683315e-01 8.318584070796459784e-01 8.785046728971962482e-01 8.545454545454546080e-01 8.876219016659893102e-01
8.662420382165605393e-01 7.181208053691274795e-01 1.000000000000000000e+00 8.359375000000000000e-01 8.985507246376811530e-01
7.524429967426710109e-01 6.534653465346534906e-01 6.168224299065420135e-01 6.346153846153845812e-01 7.209112149532709291e-01
6.523297491039427021e-01 7.083333333333333703e-01 1.588785046728971861e-01 2.595419847328244156e-01 5.590904151271463007e-01
5.827586206896552268e-01 1.818181818181818232e-01 3.738317757009345516e-02 6.201550387596898445e-02 4.695112609161942729e-01
5.238095238095238360e-01 0.000000000000000000e+00 0.000000000000000000e+00 0.000000000000000000e+00 3.966346153846154188e-01
5.924657534246575707e-01 2.857142857142856984e-01 7.476635514018691031e-02 1.185185185185184953e-01 4.833291235160394050e-01
8.634920634920635329e-01 7.133333333333333748e-01 1.000000000000000000e+00 8.326848249027237747e-01 8.966346153846154188e-01
5.238095238095238360e-01 0.000000000000000000e+00 0.000000000000000000e+00 0.000000000000000000e+00 3.966346153846154188e-01
8.918032786885246033e-01 7.642857142857142350e-01 1.000000000000000000e+00 8.663967611336031993e-01 9.166666666666667407e-01
8.634920634920635329e-01 7.133333333333333748e-01 1.000000000000000000e+00 8.326848249027237747e-01 8.966346153846154188e-01
8.607594936708861111e-01 7.086092715231787631e-01 1.000000000000000000e+00 8.294573643410853014e-01 8.947368421052631637e-01
5.724137931034483096e-01 5.263157894736841813e-02 9.345794392523363789e-03 1.587301587301587213e-02 4.554925693274091691e-01
