9.347826086956522174e-01 8.359375000000000000e-01 1.000000000000000000e+00 9.106382978723404076e-01 9.511627906976743985e-01
9.347826086956522174e-01 8.359375000000000000e-01 1.000000000000000000e+00 9.106382978723404076e-01 9.511627906976743985e-01
9.347826086956522174e-01 8.359375000000000000e-01 1.000000000000000000e+00 9.106382978723404076e-01 9.511627906976743985e-01
9.347826086956522174e-01 8.359375000000000000e-01 1.000000000000000000e+00 9.106382978723404076e-01 9.511627906976743985e-01
9.347826086956522174e-01 8.359375000000000000e-01 1.000000000000000000e+00 9.106382978723404076e-01 9.511627906976743985e-01
9.347826086956522174e-01 8.359375000000000000e-01 1.000000000000000000e+00 9.106382978723404076e-01 9.511627906976743985e-01
7.848101265822784445e-01 7.746478873239436291e-01 5.140186915887849928e-01 6.179775280898877066e-01 7.187318338326700307e-01
9.347826086956522174e-01 8.359375000000000000e-01 1.000000000000000000e+00 9.106382978723404076e-01 9.511627906976743985e-01
6.447368421052631637e-01 4.857142857142857095e-01 1.588785046728971861e-01 2.394366197183098732e-01 5.337539731486312666e-01
9.347826086956522174e-01 8.359375000000000000e-01 1.000000000000000000e+00 9.106382978723404076e-01 9.511627906976743985e-01
9.347826086956522174e-01 8.359375000000000000e-01 1.000000000000000000e+00 9.106382978723404076e-01 9.511627906976743985e-01
9.347826086956522174e-01 8.359375000000000000e-01 1.000000000000000000e+00 9.106382978723404076e-01 9.511627906976743985e-01
9.406250000000000444e-01 8.492063492063491870e-01 1.000000000000000000e+00 9.184549356223175032e-01 9.553990610328638722e-01
9.347826086956522174e-01 8.359375000000000000e-01 1.000000000000000000e+00 9.106382978723404076e-01 9.511627906976743985e-01
9.347826086956522174e-01 8.359375000000000000e-01 1.000000000000000000e+00 9.106382978723404076e-01 9.511627906976743985e-01
9.347826086956522174e-01 8.359375000000000000e-01 1.000000000000000000e+00 9.106382978723404076e-01 9.511627906976743985e-01
9.376947040498442298e-01 8.425196850393700254e-01 1.000000000000000000e+00 9.145299145299145005e-01 9.532710280373831724e-01
9.347826086956522174e-01 8.359375000000000000e-01 1.000000000000000000e+00 9.106382978723404076e-01 9.511627906976743985e-01
9.347826086956522174e-01 8.359375000000000000e-01 1.000000000000000000e+00 9.106382978723404076e-01 9.511627906976743985e-01
9.347826086956522174e-01 8.359375000000000000e-01 1.000000000000000000e+00 9.106382978723404076e-01 9.511627906976743985e-01
9.347826086956522174e-01 8.359375000000000000e-01 1.000000000000000000e+00 9.106382978723404076e-01 9.511627906976743985e-01
9.493670886075948889e-01 8.699186991869918284e-01 1.000000000000000000e+00 9.304347826086956097e-01 9.617224880382775343e-01
9.347826086956522174e-01 8.359375000000000000e-01 1.000000000000000000e+00 9.106382978723404076e-01 9.511627906976743985e-01
9.347826086956522174e-01 8.359375000000000000e-01 1.000000000000000000e+00 9.106382978723404076e-01 9.511627906976743985e-01
9.347826086956522174e-01 8.359375000000000000e-01 1.000000000000000000e+00 9.106382978723404076e-01 9.511627906976743985e-01
9.347826086956522174e-01 8.359375000000000000e-01 1.000000000000000000e+00 9.106382978723404076e-01 9.511627906976743985e-01
9.347826086956522174e-01 8.359375000000000000e-01 1.000000000000000000e+00 9.106382978723404076e-01 9.511627906976743985e-01
9.347826086956522174e-01 8.359375000000000000e-01 1.000000000000000000e+00 9.106382978723404076e-01 9.511627906976743985e-01
9.402515723270440384e-01 8.492063492063491870e-01 1.000000000000000000e+00 9.184549356223175032e-01 9.549763033175354687e-01
9.347826086956522174e-01 8.359375000000000000e-01 1.000000000000000000e+00 9.106382978723404076e-01 9.511627906976743985e-01
9.347826086956522174e-01 8.359375000000000000e-01 1.000000000000000000e+00 9.106382978723404076e-01 9.511627906976743985e-01
9.347826086956522174e-01 8.359375000000000000e-01 1.000000000000000000e+00 9.106382978723404076e-01 9.511627906976743985e-01
9.347826086956522174e-01 8.359375000000000000e-01 1.000000000000000000e+00 9.106382978723404076e-01 9.511627906976743985e-01
6.500000000000000222e-01 4.324324324324324564e-01 1.495327102803738206e-01 2.222222222222221821e-01 5.254705804922995549e-01
9.347826086956522174e-01 8.359375000000000000e-01 1.000000000000000000e+00 9.106382978723404076e-01 9.511627906976743985e-01
9.347826086956522174e-01 8.359375000000000000e-01 1.000000000000000000e+00 9.106382978723404076e-01 9.511627906976743985e-01
9.376947040498442298e-01 8.425196850393700254e-01 1.000000000000000000e+00 9.145299145299145005e-01 9.532710280373831724e-01
