7.028753993610223905e-01 6.296296296296296502e-01 3.177570093457943723e-01 4.223602484472049889e-01 6.103348153525088859e-01
9.406250000000000444e-01 8.492063492063491870e-01 1.000000000000000000e+00 9.184549356223175032e-01 9.553990610328638722e-01
9.347826086956522174e-01 8.359375000000000000e-01 1.000000000000000000e+00 9.106382978723404076e-01 9.511627906976743985e-01
9.406250000000000444e-01 8.492063492063491870e-01 1.000000000000000000e+00 9.184549356223175032e-01 9.553990610328638722e-01
9.326923076923077094e-01 8.524590163934425702e-01 9.719626168224299034e-01 9.082969432314410563e-01 9.420788693868248354e-01
7.264150943396225912e-01 6.785714285714286031e-01 3.551401869158878344e-01 4.662576687116564145e-01 6.349160650219249913e-01
9.404388714733542542e-01 8.492063492063491870e-01 1.000000000000000000e+00 9.184549356223175032e-01 9.551886792452829456e-01
9.347826086956522174e-01 8.359375000000000000e-01 1.000000000000000000e+00 9.106382978723404076e-01 9.511627906976743985e-01
7.166123778501628516e-01 6.999999999999999556e-01 3.271028037383177378e-01 4.458598726114649802e-01 6.260514018691588634e-01
9.347826086956522174e-01 8.359375000000000000e-01 1.000000000000000000e+00 9.106382978723404076e-01 9.511627906976743985e-01
6.527331189710611214e-01 4.864864864864865135e-01 1.682242990654205517e-01 2.500000000000000000e-01 5.375435220817299520e-01
9.347826086956522174e-01 8.359375000000000000e-01 1.000000000000000000e+00 9.106382978723404076e-01 9.511627906976743985e-01
6.990291262135922556e-01 6.521739130434782705e-01 2.803738317757009102e-01 3.921568627450979783e-01 6.005829554918109547e-01
9.347826086956522174e-01 8.359375000000000000e-01 1.000000000000000000e+00 9.106382978723404076e-01 9.511627906976743985e-01
9.375000000000000000e-01 8.425196850393700254e-01 1.000000000000000000e+00 9.145299145299145005e-01 9.530516431924882514e-01
9.068322981366460089e-01 8.235294117647058432e-01 9.158878504672897103e-01 8.672566371681414976e-01 9.091067159313191981e-01
9.347826086956522174e-01 8.359375000000000000e-01 1.000000000000000000e+00 9.106382978723404076e-01 9.511627906976743985e-01
9.347826086956522174e-01 8.359375000000000000e-01 1.000000000000000000e+00 9.106382978723404076e-01 9.511627906976743985e-01
9.347826086956522174e-01 8.359375000000000000e-01 1.000000000000000000e+00 9.106382978723404076e-01 9.511627906976743985e-01
5.609756097560976151e-01 0.000000000000000000e+00 0.000000000000000000e+00 0.000000000000000000e+00 4.472222222222222432e-01
9.347826086956522174e-01 8.359375000000000000e-01 1.000000000000000000e+00 9.106382978723404076e-01 9.511627906976743985e-01
6.753246753246753276e-01 5.999999999999999778e-01 1.962616822429906482e-01 2.957746478873239382e-01 5.633049704747290498e-01
9.404388714733542542e-01 8.492063492063491870e-01 1.000000000000000000e+00 9.184549356223175032e-01 9.551886792452829456e-01
9.347826086956522174e-01 8.359375000000000000e-01 1.000000000000000000e+00 9.106382978723404076e-01 9.511627906976743985e-01
9.347826086956522174e-01 8.359375000000000000e-01 1.000000000000000000e+00 9.106382978723404076e-01 9.511627906976743985e-01
9.375000000000000000e-01 8.425196850393700254e-01 1.000000000000000000e+00 9.145299145299145005e-01 9.530516431924882514e-01
9.347826086956522174e-01 8.359375000000000000e-01 1.000000000000000000e+00 9.106382978723404076e-01 9.511627906976743985e-01
9.068322981366460089e-01 8.235294117647058432e-01 9.158878504672897103e-01 8.672566371681414976e-01 9.091067159313191981e-01
6.580645161290322731e-01 5.142857142857142350e-01 1.682242990654205517e-01 2.535211267605633201e-01 5.422402283504442755e-01
8.738170347003154648e-01 8.316831683168316447e-01 7.850467289719625930e-01 8.076923076923075984e-01 8.520471740097909086e-01
9.347826086956522174e-01 8.359375000000000000e-01 1.000000000000000000e+00 9.106382978723404076e-01 9.511627906976743985e-01
6.315789473684210176e-01 3.684210526315789269e-01 6.542056074766354479e-02 1.111111111111110911e-01 5.022534275819535710e-01
9.347826086956522174e-01 8.359375000000000000e-01 1.000000000000000000e+00 9.106382978723404076e-01 9.511627906976743985e-01
6.999999999999999556e-01 6.122448979591836871e-01 2.803738317757009102e-01 3.846153846153845257e-01 5.955859769207143550e-01
9.347826086956522174e-01 8.359375000000000000e-01 1.000000000000000000e+00 9.106382978723404076e-01 9.511627906976743985e-01
9.347826086956522174e-01 8.359375000000000000e-01 1.000000000000000000e+00 9.106382978723404076e-01 9.511627906976743985e-01
9.347826086956522174e-01 8.359375000000000000e-01 1.000000000000000000e+00 9.106382978723404076e-01 9.511627906976743985e-01
