7.563291139240506666e-01 7.419354838709677491e-01 4.299065420560747586e-01 5.443786982248520756e-01 6.766757590663149413e-01
9.376947040498442298e-01 8.425196850393700254e-01 1.000000000000000000e+00 9.145299145299145005e-01 9.532710280373831724e-01
6.923076923076922906e-01 6.666666666666666297e-01 2.803738317757009102e-01 3.947368421052631082e-01 6.011244158878503718e-01
9.424920127795527458e-01 8.559999999999999831e-01 1.000000000000000000e+00 9.224137931034482873e-01 9.563106796116505048e-01
7.484472049689441242e-01 6.911764705882352811e-01 4.392523364485981241e-01 5.371428571428571441e-01 6.707889589219734328e-01
9.435736677115987847e-01 8.559999999999999831e-01 1.000000000000000000e+00 9.224137931034482873e-01 9.575471698113208197e-01
7.912772585669781700e-01 7.500000000000000000e-01 5.607476635514018204e-01 6.417112299465239644e-01 7.336448598130841381e-01
6.412698412698413231e-01 3.750000000000000000e-01 8.411214953271027583e-02 1.374045801526717347e-01 5.059983824586627987e-01
9.369085173501576769e-01 8.595041322314049825e-01 9.719626168224299034e-01 9.122807017543860253e-01 9.455051179350244528e-01
9.347826086956522174e-01 8.359375000000000000e-01 1.000000000000000000e+00 9.106382978723404076e-01 9.511627906976743985e-01
6.507936507936508130e-01 4.545454545454545303e-01 1.401869158878504551e-01 2.142857142857142738e-01 5.268242271746944594e-01
9.347826086956522174e-01 8.359375000000000000e-01 1.000000000000000000e+00 9.106382978723404076e-01 9.511627906976743985e-01
9.435736677115987847e-01 8.559999999999999831e-01 1.000000000000000000e+00 9.224137931034482873e-01 9.575471698113208197e-01
9.233226837060702907e-01 8.738738738738738299e-01 9.065420560747663448e-01 8.899082568807339388e-01 9.192904455131113428e-01
9.347826086956522174e-01 8.359375000000000000e-01 1.000000000000000000e+00 9.106382978723404076e-01 9.511627906976743985e-01
9.435736677115987847e-01 8.559999999999999831e-01 1.000000000000000000e+00 9.224137931034482873e-01 9.575471698113208197e-01
6.274509803921568540e-01 3.870967741935483764e-01 1.121495327102803724e-01 1.739130434782608647e-01 5.083360728878034696e-01
7.539432176656151174e-01 7.301587301587301182e-01 4.299065420560747586e-01 5.411764705882352589e-01 6.744770805518468526e-01
9.347826086956522174e-01 8.359375000000000000e-01 1.000000000000000000e+00 9.106382978723404076e-01 9.511627906976743985e-01
5.953177257525084087e-01 0.000000000000000000e+00 0.000000000000000000e+00 0.000000000000000000e+00 4.635416666666666852e-01
9.347826086956522174e-01 8.359375000000000000e-01 1.000000000000000000e+00 9.106382978723404076e-01 9.511627906976743985e-01
6.927899686520375688e-01 5.957446808510638014e-01 2.616822429906541791e-01 3.636363636363635909e-01 5.860298007406101739e-01
6.074766355140186480e-01 8.695652173913043237e-02 1.869158878504672758e-02 3.076923076923076400e-02 4.602803738317757243e-01
9.406250000000000444e-01 8.492063492063491870e-01 1.000000000000000000e+00 9.184549356223175032e-01 9.553990610328638722e-01
9.233226837060702907e-01 8.738738738738738299e-01 9.065420560747663448e-01 8.899082568807339388e-01 9.192904455131113428e-01
9.347826086956522174e-01 8.359375000000000000e-01 1.000000000000000000e+00 9.106382978723404076e-01 9.511627906976743985e-01
8.864353312302839516e-01 8.380952380952381153e-01 8.224299065420560551e-01 8.301886792452829456e-01 8.707387627948376396e-01
6.081081081081081141e-01 2.857142857142856984e-01 5.607476635514018620e-02 9.374999999999998612e-02 4.883548434950304440e-01
5.993377483443708131e-01 1.111111111111111049e-01 1.869158878504672758e-02 3.200000000000000067e-02 4.683201533668823191e-01
9.242902208201893011e-01 8.487394957983193100e-01 9.439252336448598069e-01 8.938053097345133313e-01 9.291054739652870875e-01
6.503267973856209361e-01 5.000000000000000000e-01 1.401869158878504551e-01 2.189781021897810043e-01 5.324050157328699129e-01
9.465408805031446660e-01 8.629032258064516236e-01 1.000000000000000000e+00 9.264069264069264564e-01 9.597156398104265129e-01
8.825396825396825129e-01 8.499999999999999778e-01 7.943925233644859585e-01 8.212560386473430896e-01 8.611385693745506886e-01
9.347826086956522174e-01 8.359375000000000000e-01 1.000000000000000000e+00 9.106382978723404076e-01 9.511627906976743985e-01
9.347826086956522174e-01 8.359375000000000000e-01 1.000000000000000000e+00 9.106382978723404076e-01 9.511627906976743985e-01
5.894039735099337873e-01 0.000000000000000000e+00 0.000000000000000000e+00 0.000000000000000000e+00 4.564102564102563986e-01
9.347826086956522174e-01 8.359375000000000000e-01 1.000000000000000000e+00 9.106382978723404076e-01 9.511627906976743985e-01
