5.224358974358974672e-01 0.000000000000000000e+00 0.000000000000000000e+00 0.000000000000000000e+00 3.975609756097561176e-01
8.416149068322981153e-01 6.772151898734176667e-01 1.000000000000000000e+00 8.075471698113206864e-01 8.813953488372092693e-01
6.013071895424836333e-01 3.684210526315789269e-01 1.962616822429906482e-01 2.560975609756097615e-01 5.076785798149626716e-01
7.941176470588234837e-01 6.896551724137931494e-01 7.476635514018691309e-01 7.174887892376681231e-01 7.833795143944018990e-01
5.196078431372549433e-01 2.380952380952380820e-02 9.345794392523363789e-03 1.342281879194630670e-02 4.016578218193772032e-01
5.517241379310344751e-01 4.000000000000000083e-02 9.345794392523363789e-03 1.515151515151515020e-02 4.390991267044583313e-01
5.259740259740259827e-01 0.000000000000000000e+00 0.000000000000000000e+00 0.000000000000000000e+00 4.029850746268656692e-01
5.174603174603175093e-01 0.000000000000000000e+00 0.000000000000000000e+00 0.000000000000000000e+00 3.918269230769230727e-01
8.827361563517914789e-01 7.482517482517482277e-01 1.000000000000000000e+00 8.559999999999999831e-01 9.100000000000000311e-01
7.435064935064935598e-01 6.346153846153845812e-01 6.168224299065420135e-01 6.255924170616113944e-01 7.138838517691913355e-01
8.770226537216828655e-01 7.379310344827586521e-01 1.000000000000000000e+00 8.492063492063492980e-01 9.059405940594059681e-01
8.603174603174603696e-01 7.086092715231787631e-01 1.000000000000000000e+00 8.294573643410853014e-01 8.942307692307691624e-01
5.263157894736841813e-01 0.000000000000000000e+00 0.000000000000000000e+00 0.000000000000000000e+00 4.060913705583756306e-01
5.174603174603175093e-01 0.000000000000000000e+00 0.000000000000000000e+00 0.000000000000000000e+00 3.918269230769230727e-01
8.442367601246105746e-01 6.815286624203821253e-01 1.000000000000000000e+00 8.106060606060605522e-01 8.831775700934578754e-01
5.078369905956112706e-01 0.000000000000000000e+00 0.000000000000000000e+00 0.000000000000000000e+00 3.820754716981131782e-01
5.143769968051118413e-01 0.000000000000000000e+00 0.000000000000000000e+00 0.000000000000000000e+00 3.907766990291262066e-01
8.575949367088607778e-01 7.039473684210526550e-01 1.000000000000000000e+00 8.262548262548262690e-01 8.923444976076555513e-01
6.412698412698413231e-01 4.651162790697674354e-01 3.738317757009345654e-01 4.145077720207254179e-01 5.763389647735442933e-01
8.888888888888888395e-01 7.936507936507936067e-01 9.345794392523364413e-01 8.583690987124462657e-01 8.988686669945893382e-01
8.442367601246105746e-01 6.815286624203821253e-01 1.000000000000000000e+00 8.106060606060605522e-01 8.831775700934578754e-01
5.093167701863353658e-01 0.000000000000000000e+00 0.000000000000000000e+00 0.000000000000000000e+00 3.813953488372092693e-01
5.143769968051118413e-01 0.000000000000000000e+00 0.000000000000000000e+00 0.000000000000000000e+00 3.907766990291262066e-01
8.585209003215433787e-01 7.202797202797203147e-01 9.626168224299065379e-01 8.239999999999999547e-01 8.832691955286788854e-01
5.174603174603175093e-01 0.000000000000000000e+00 0.000000000000000000e+00 0.000000000000000000e+00 3.918269230769230727e-01
8.442367601246105746e-01 6.815286624203821253e-01 1.000000000000000000e+00 8.106060606060605522e-01 8.831775700934578754e-01
5.093167701863353658e-01 0.000000000000000000e+00 0.000000000000000000e+00 0.000000000000000000e+00 3.813953488372092693e-01
5.126582278481012223e-01 0.000000000000000000e+00 0.000000000000000000e+00 0.000000000000000000e+00 3.875598086124402153e-01
5.143769968051118413e-01 0.000000000000000000e+00 0.000000000000000000e+00 0.000000000000000000e+00 3.907766990291262066e-01
5.205047318611987217e-01 2.127659574468085055e-02 9.345794392523363789e-03 1.298701298701298787e-02 3.951490876724521040e-01
5.093167701863353658e-01 0.000000000000000000e+00 0.000000000000000000e+00 0.000000000000000000e+00 3.813953488372092693e-01
5.093167701863353658e-01 0.000000000000000000e+00 0.000000000000000000e+00 0.000000000000000000e+00 3.813953488372092693e-01
8.442367601246105746e-01 6.815286624203821253e-01 1.000000000000000000e+00 8.106060606060605522e-01 8.831775700934578754e-01
8.630573248407643616e-01 7.133333333333333748e-01 1.000000000000000000e+00 8.326848249027237747e-01 8.961352657004830746e-01
5.126582278481012223e-01 0.000000000000000000e+00 0.000000000000000000e+00 0.000000000000000000e+00 3.875598086124402153e-01
5.400000000000000355e-01 3.030303030303030387e-02 9.345794392523363789e-03 1.428571428571428353e-02 4.217713427921165326e-01
5.188679245283018826e-01 2.083333333333333218e-02 9.345794392523363789e-03 1.290322580645161289e-02 3.932984896133232544e-01
