5.093167701863353658e-01 0.000000000000000000e+00 0.000000000000000000e+00 0.000000000000000000e+00 3.813953488372092693e-01
5.093167701863353658e-01 0.000000000000000000e+00 0.000000000000000000e+00 0.000000000000000000e+00 3.813953488372092693e-01
5.093167701863353658e-01 0.000000000000000000e+00 0.000000000000000000e+00 0.000000000000000000e+00 3.813953488372092693e-01
8.548895899053627900e-01 6.993464052287581278e-01 1.000000000000000000e+00 8.230769230769230393e-01 8.904761904761904212e-01
8.322368421052631637e-01 7.258064516129032473e-01 8.411214953271027861e-01 7.792207792207792583e-01 8.342663314198965896e-01
5.379537953795379135e-01 2.857142857142857054e-02 9.345794392523363789e-03 1.408450704225351971e-02 4.179382033187106216e-01
8.803986710963455087e-01 7.709923664122136922e-01 9.439252336448598069e-01 8.487394957983193100e-01 8.946430291935638657e-01
6.131147540983606925e-01 4.098360655737705027e-01 2.336448598130841103e-01 2.976190476190476164e-01 5.259133389974510742e-01
5.093167701863353658e-01 0.000000000000000000e+00 0.000000000000000000e+00 0.000000000000000000e+00 3.813953488372092693e-01
8.741935483870967305e-01 7.328767123287671659e-01 1.000000000000000000e+00 8.458498023715415037e-01 9.039408866995073399e-01
5.093167701863353658e-01 0.000000000000000000e+00 0.000000000000000000e+00 0.000000000000000000e+00 3.813953488372092693e-01
5.397350993377483253e-01 2.941176470588235253e-02 9.345794392523363789e-03 1.418439716312056530e-02 4.200575125808769794e-01
5.093167701863353658e-01 0.000000000000000000e+00 0.000000000000000000e+00 0.000000000000000000e+00 3.813953488372092693e-01
5.209003215434083733e-01 0.000000000000000000e+00 0.000000000000000000e+00 0.000000000000000000e+00 3.970588235294117974e-01
8.416149068322981153e-01 6.772151898734176667e-01 1.000000000000000000e+00 8.075471698113206864e-01 8.813953488372092693e-01
5.239616613418530688e-01 2.272727272727272790e-02 9.345794392523363789e-03 1.324503311258277971e-02 4.003039651574267221e-01
8.442367601246105746e-01 6.815286624203821253e-01 1.000000000000000000e+00 8.106060606060605522e-01 8.831775700934578754e-01
8.630573248407643616e-01 7.133333333333333748e-01 1.000000000000000000e+00 8.326848249027237747e-01 8.961352657004830746e-01
5.448717948717948234e-01 1.568627450980392135e-01 7.476635514018691031e-02 1.012658227848101111e-01 4.325051287896056751e-01
5.093167701863353658e-01 0.000000000000000000e+00 0.000000000000000000e+00 0.000000000000000000e+00 3.813953488372092693e-01
8.548895899053627900e-01 6.993464052287581278e-01 1.000000000000000000e+00 8.230769230769230393e-01 8.904761904761904212e-01
8.442367601246105746e-01 6.815286624203821253e-01 1.000000000000000000e+00 8.106060606060605522e-01 8.831775700934578754e-01
5.093167701863353658e-01 0.000000000000000000e+00 0.000000000000000000e+00 0.000000000000000000e+00 3.813953488372092693e-01
5.192307692307692735e-01 0.000000000000000000e+00 0.000000000000000000e+00 0.000000000000000000e+00 3.951219512195122130e-01
5.209003215434083733e-01 0.000000000000000000e+00 0.000000000000000000e+00 0.000000000000000000e+00 3.970588235294117974e-01
8.416149068322981153e-01 6.772151898734176667e-01 1.000000000000000000e+00 8.075471698113206864e-01 8.813953488372092693e-01
5.093167701863353658e-01 0.000000000000000000e+00 0.000000000000000000e+00 0.000000000000000000e+00 3.813953488372092693e-01
5.210355987055016458e-01 0.000000000000000000e+00 0.000000000000000000e+00 0.000000000000000000e+00 3.985148514851485357e-01
5.276872964169381230e-01 2.500000000000000139e-02 9.345794392523363789e-03 1.360544217687074606e-02 4.071728971962615962e-01
5.093167701863353658e-01 0.000000000000000000e+00 0.000000000000000000e+00 0.000000000000000000e+00 3.813953488372092693e-01
5.093167701863353658e-01 0.000000000000000000e+00 0.000000000000000000e+00 0.000000000000000000e+00 3.813953488372092693e-01
9.003322259136212757e-01 7.810218978102190235e-01 1.000000000000000000e+00 8.770491803278688270e-01 9.226804123711340733e-01
5.143769968051118413e-01 0.000000000000000000e+00 0.000000000000000000e+00 0.000000000000000000e+00 3.907766990291262066e-01
8.438538205980066209e-01 7.419354838709677491e-01 8.598130841121495171e-01 7.965367965367966541e-01 8.474323152519511737e-01
8.416149068322981153e-01 6.772151898734176667e-01 1.000000000000000000e+00 8.075471698113206864e-01 8.813953488372092693e-01
8.416149068322981153e-01 6.772151898734176667e-01 1.000000000000000000e+00 8.075471698113206864e-01 8.813953488372092693e-01
5.213114754098360226e-01 0.000000000000000000e+00 0.000000000000000000e+00 0.000000000000000000e+00 4.015151515151514916e-01
