8.575949367088607778e-01 7.039473684210526550e-01 1.000000000000000000e+00 8.262548262548262690e-01 8.923444976076555513e-01
7.281879194630872520e-01 6.547619047619047672e-01 5.140186915887849928e-01 5.759162303664920879e-01 6.810931154279002975e-01
8.548895899053627900e-01 6.993464052287581278e-01 1.000000000000000000e+00 8.230769230769230393e-01 8.904761904761904212e-01
5.093167701863353658e-01 0.000000000000000000e+00 0.000000000000000000e+00 0.000000000000000000e+00 3.813953488372092693e-01
5.331125827814569007e-01 2.777777777777777624e-02 9.345794392523363789e-03 1.398601398601398600e-02 4.149293074526718694e-01
7.770270270270269730e-01 7.204301075268817467e-01 6.261682242990653791e-01 6.700000000000000400e-01 7.443010433664639658e-01
5.093167701863353658e-01 0.000000000000000000e+00 0.000000000000000000e+00 0.000000000000000000e+00 3.813953488372092693e-01
5.290322580645161477e-01 0.000000000000000000e+00 0.000000000000000000e+00 0.000000000000000000e+00 4.039408866995073955e-01
5.420875420875420625e-01 6.060606060606060774e-02 1.869158878504672758e-02 2.857142857142856707e-02 4.277668470241022813e-01
5.125786163522012551e-01 0.000000000000000000e+00 0.000000000000000000e+00 0.000000000000000000e+00 3.862559241706161051e-01
5.093167701863353658e-01 0.000000000000000000e+00 0.000000000000000000e+00 0.000000000000000000e+00 3.813953488372092693e-01
5.193548387096774688e-01 0.000000000000000000e+00 0.000000000000000000e+00 0.000000000000000000e+00 3.965517241379310498e-01
8.741935483870967305e-01 7.328767123287671659e-01 1.000000000000000000e+00 8.458498023715415037e-01 9.039408866995073399e-01
8.685897435897436125e-01 7.229729729729730270e-01 1.000000000000000000e+00 8.392156862745098200e-01 9.000000000000000222e-01
5.143769968051118413e-01 0.000000000000000000e+00 0.000000000000000000e+00 0.000000000000000000e+00 3.907766990291262066e-01
8.548895899053627900e-01 6.993464052287581278e-01 1.000000000000000000e+00 8.230769230769230393e-01 8.904761904761904212e-01
8.522012578616352529e-01 6.948051948051947591e-01 1.000000000000000000e+00 8.199233716475095024e-01 8.886255924170616272e-01
8.630573248407643616e-01 7.133333333333333748e-01 1.000000000000000000e+00 8.326848249027237747e-01 8.961352657004830746e-01
7.704918032786884918e-01 6.697247706422018165e-01 6.822429906542055722e-01 6.759259259259258190e-01 7.502124044180118467e-01
5.259740259740259827e-01 0.000000000000000000e+00 0.000000000000000000e+00 0.000000000000000000e+00 4.029850746268656692e-01
6.067796610169491345e-01 4.081632653061224580e-01 1.869158878504672827e-01 2.564102564102563875e-01 5.163302843507655560e-01
5.948553054662379935e-01 3.492063492063491870e-01 2.056074766355140138e-01 2.588235294117646745e-01 5.023135422393256722e-01
5.254777070063694211e-01 4.347826086956521618e-02 1.869158878504672758e-02 2.614379084967319647e-02 4.030656011558083618e-01
5.189873417721518889e-01 0.000000000000000000e+00 0.000000000000000000e+00 0.000000000000000000e+00 3.923444976076554958e-01
8.685897435897436125e-01 7.229729729729730270e-01 1.000000000000000000e+00 8.392156862745098200e-01 9.000000000000000222e-01
5.143769968051118413e-01 0.000000000000000000e+00 0.000000000000000000e+00 0.000000000000000000e+00 3.907766990291262066e-01
5.143769968051118413e-01 0.000000000000000000e+00 0.000000000000000000e+00 0.000000000000000000e+00 3.907766990291262066e-01
5.209003215434083733e-01 0.000000000000000000e+00 0.000000000000000000e+00 0.000000000000000000e+00 3.970588235294117974e-01
5.292207792207792583e-01 2.500000000000000139e-02 9.345794392523363789e-03 1.360544217687074606e-02 4.076579718231272964e-01
8.548895899053627900e-01 6.993464052287581278e-01 1.000000000000000000e+00 8.230769230769230393e-01 8.904761904761904212e-01
5.126582278481012223e-01 0.000000000000000000e+00 0.000000000000000000e+00 0.000000000000000000e+00 3.875598086124402153e-01
5.594855305466237549e-01 2.222222222222222099e-01 1.121495327102803724e-01 1.490683229813664634e-01 4.531335898845519905e-01
5.288461538461538547e-01 6.521739130434782428e-02 2.803738317757009310e-02 3.921568627450980338e-02 4.091406428082972613e-01
5.342019543973941520e-01 7.142857142857142461e-02 2.803738317757009310e-02 4.026845637583892357e-02 4.165186915887849617e-01
5.562700964630225009e-01 1.836734693877551117e-01 8.411214953271027583e-02 1.153846153846153910e-01 4.440168590800806503e-01
8.630573248407643616e-01 7.133333333333333748e-01 1.000000000000000000e+00 8.326848249027237747e-01 8.961352657004830746e-01
8.685897435897436125e-01 7.229729729729730270e-01 1.000000000000000000e+00 8.392156862745098200e-01 9.000000000000000222e-01
