5.155279503105589800e-01 0.000000000000000000e+00 0.000000000000000000e+00 0.000000000000000000e+00 3.860465116279069853e-01
5.188679245283018826e-01 0.000000000000000000e+00 0.000000000000000000e+00 0.000000000000000000e+00 3.909952606635070937e-01
5.625000000000000000e-01 4.761904761904761640e-02 9.345794392523363789e-03 1.562499999999999827e-02 4.494242784117312706e-01
8.694267515923567169e-01 7.229729729729730270e-01 1.000000000000000000e+00 8.392156862745098200e-01 9.009661835748792313e-01
9.069767441860464574e-01 7.925925925925926263e-01 1.000000000000000000e+00 8.842975206611569661e-01 9.278350515463917869e-01
5.774647887323943740e-01 6.666666666666666574e-02 9.345794392523363789e-03 1.639344262295081706e-02 4.651248745973915466e-01
8.950819672131147264e-01 7.697841726618704916e-01 1.000000000000000000e+00 8.699186991869918284e-01 9.191919191919191157e-01
7.009646302250803762e-01 5.777777777777777235e-01 4.859813084112149517e-01 5.279187817258882420e-01 6.498533993036467171e-01
5.155279503105589800e-01 0.000000000000000000e+00 0.000000000000000000e+00 0.000000000000000000e+00 3.860465116279069853e-01
8.766233766233766378e-01 7.482014388489208745e-01 9.719626168224299034e-01 8.455284552845528934e-01 8.989166317942995921e-01
5.155279503105589800e-01 0.000000000000000000e+00 0.000000000000000000e+00 0.000000000000000000e+00 3.860465116279069853e-01
5.488215488215488769e-01 3.448275862068965469e-02 9.345794392523363789e-03 1.470588235294117453e-02 4.309886866699458308e-01
5.253164556962025555e-01 0.000000000000000000e+00 0.000000000000000000e+00 0.000000000000000000e+00 3.971291866028708317e-01
5.481727574750830945e-01 6.060606060606060774e-02 1.869158878504672758e-02 2.857142857142856707e-02 4.294488871760285265e-01
8.584905660377358805e-01 7.039473684210526550e-01 1.000000000000000000e+00 8.262548262548262690e-01 8.933649289099526714e-01
5.555555555555555802e-01 3.703703703703703498e-02 9.345794392523363789e-03 1.492537313432835792e-02 4.362518445646826892e-01
8.531250000000000222e-01 6.948051948051947591e-01 1.000000000000000000e+00 8.199233716475095024e-01 8.896713615023474908e-01
8.666666666666666963e-01 7.181208053691274795e-01 1.000000000000000000e+00 8.359375000000000000e-01 8.990384615384615641e-01
5.301587301587301626e-01 2.325581395348837177e-02 9.345794392523363789e-03 1.333333333333333245e-02 4.037113587347231913e-01
5.155279503105589800e-01 0.000000000000000000e+00 0.000000000000000000e+00 0.000000000000000000e+00 3.860465116279069853e-01
8.639240506329114444e-01 7.133333333333333748e-01 1.000000000000000000e+00 8.326848249027237747e-01 8.971291866028708872e-01
8.611987381703469779e-01 7.086092715231787631e-01 1.000000000000000000e+00 8.294573643410853014e-01 8.952380952380951662e-01
5.155279503105589800e-01 0.000000000000000000e+00 0.000000000000000000e+00 0.000000000000000000e+00 3.860465116279069853e-01
5.221518987341772222e-01 0.000000000000000000e+00 0.000000000000000000e+00 0.000000000000000000e+00 3.947368421052631637e-01
5.481727574750830945e-01 6.060606060606060774e-02 1.869158878504672758e-02 2.857142857142856707e-02 4.294488871760285265e-01
8.584905660377358805e-01 7.039473684210526550e-01 1.000000000000000000e+00 8.262548262548262690e-01 8.933649289099526714e-01
5.275080906148866822e-01 0.000000000000000000e+00 0.000000000000000000e+00 0.000000000000000000e+00 4.034653465346534906e-01
5.625000000000000000e-01 2.045454545454545581e-01 8.411214953271027583e-02 1.192052980132450452e-01 4.532235874567104306e-01
5.305466237942122465e-01 0.000000000000000000e+00 0.000000000000000000e+00 0.000000000000000000e+00 4.044117647058823595e-01
5.155279503105589800e-01 0.000000000000000000e+00 0.000000000000000000e+00 0.000000000000000000e+00 3.860465116279069853e-01
5.155279503105589800e-01 0.000000000000000000e+00 0.000000000000000000e+00 0.000000000000000000e+00 3.860465116279069853e-01
8.892508143322475078e-01 7.588652482269503396e-01 1.000000000000000000e+00 8.629032258064516236e-01 9.149999999999999245e-01
5.409836065573770947e-01 2.857142857142857054e-02 9.345794392523363789e-03 1.408450704225351971e-02 4.188143113376757709e-01
7.946127946127946595e-01 7.299999999999999822e-01 6.822429906542055722e-01 7.053140096618357724e-01 7.700688637481554188e-01
8.504672897196261516e-01 6.903225806451612767e-01 1.000000000000000000e+00 8.167938931297709093e-01 8.878504672897196137e-01
8.557993730407523758e-01 6.993464052287581278e-01 1.000000000000000000e+00 8.230769230769230393e-01 8.915094339622641195e-01
5.655172413793103647e-01 4.761904761904761640e-02 9.345794392523363789e-03 1.562499999999999827e-02 4.500280884530922232e-01
