8.666666666666666963e-01 7.181208053691274795e-01 1.000000000000000000e+00 8.359375000000000000e-01 8.990384615384615641e-01
5.956678700361011103e-01 2.222222222222222099e-01 1.869158878504672758e-02 3.448275862068965469e-02 4.887575590984057361e-01
8.722044728434504846e-01 7.278911564625850650e-01 1.000000000000000000e+00 8.425196850393700254e-01 9.029126213592232331e-01
5.155279503105589800e-01 0.000000000000000000e+00 0.000000000000000000e+00 0.000000000000000000e+00 3.860465116279069853e-01
5.616438356164383805e-01 4.347826086956521618e-02 9.345794392523363789e-03 1.538461538461538200e-02 4.452134377368021645e-01
5.733333333333333615e-01 2.000000000000000111e-01 6.542056074766354479e-02 9.859154929577462756e-02 4.601714202702048562e-01
5.203761755485893925e-01 0.000000000000000000e+00 0.000000000000000000e+00 0.000000000000000000e+00 3.915094339622641195e-01
5.533333333333333437e-01 3.448275862068965469e-02 9.345794392523363789e-03 1.470588235294117453e-02 4.321340370926347041e-01
5.789473684210526550e-01 1.176470588235294101e-01 1.869158878504672758e-02 3.225806451612902442e-02 4.672109629318492163e-01
5.653594771241829964e-01 1.749999999999999889e-01 6.542056074766354479e-02 9.523809523809523281e-02 4.497957075095101453e-01
5.155279503105589800e-01 0.000000000000000000e+00 0.000000000000000000e+00 0.000000000000000000e+00 3.860465116279069853e-01
5.359477124183006369e-01 2.702702702702702853e-02 9.345794392523363789e-03 1.388888888888888638e-02 4.142206358897289609e-01
8.806451612903225534e-01 7.430555555555555802e-01 1.000000000000000000e+00 8.525896414342629681e-01 9.088669950738916814e-01
8.694267515923567169e-01 7.229729729729730270e-01 1.000000000000000000e+00 8.392156862745098200e-01 9.009661835748792313e-01
5.155279503105589800e-01 0.000000000000000000e+00 0.000000000000000000e+00 0.000000000000000000e+00 3.860465116279069853e-01
8.863636363636363535e-01 7.535211267605633756e-01 1.000000000000000000e+00 8.594377510040159818e-01 9.129353233830845848e-01
8.921568627450980893e-01 7.642857142857142350e-01 1.000000000000000000e+00 8.663967611336031993e-01 9.170854271356784215e-01
8.694267515923567169e-01 7.229729729729730270e-01 1.000000000000000000e+00 8.392156862745098200e-01 9.009661835748792313e-01
8.831168831168830780e-01 7.482517482517482277e-01 1.000000000000000000e+00 8.559999999999999831e-01 9.104477611940299253e-01
5.463576158940397498e-01 3.125000000000000000e-02 9.345794392523363789e-03 1.438848920863309254e-02 4.251857177090821449e-01
5.761589403973509382e-01 2.558139534883721034e-01 1.028037383177570069e-01 1.466666666666666674e-01 4.693505871075964175e-01
5.563139931740613831e-01 7.407407407407406996e-02 1.869158878504672758e-02 2.985074626865671585e-02 4.421414933172545525e-01
5.303514376996805169e-01 2.380952380952380820e-02 9.345794392523363789e-03 1.342281879194630670e-02 4.051583340894654994e-01
5.500000000000000444e-01 6.250000000000000000e-02 1.869158878504672758e-02 2.877697841726618508e-02 4.316255871386373566e-01
8.694267515923567169e-01 7.229729729729730270e-01 1.000000000000000000e+00 8.392156862745098200e-01 9.009661835748792313e-01
5.155279503105589800e-01 0.000000000000000000e+00 0.000000000000000000e+00 0.000000000000000000e+00 3.860465116279069853e-01
5.339805825242718296e-01 2.564102564102564014e-02 9.345794392523363789e-03 1.369863013698630061e-02 4.106134912556676508e-01
5.324675324675324228e-01 0.000000000000000000e+00 0.000000000000000000e+00 0.000000000000000000e+00 4.079601990049751548e-01
5.377049180327868605e-01 0.000000000000000000e+00 0.000000000000000000e+00 0.000000000000000000e+00 4.141414141414141437e-01
8.750000000000000000e-01 7.328767123287671659e-01 1.000000000000000000e+00 8.458498023715415037e-01 9.048780487804878314e-01
5.155279503105589800e-01 0.000000000000000000e+00 0.000000000000000000e+00 0.000000000000000000e+00 3.860465116279069853e-01
6.066666666666666874e-01 3.777777777777777679e-01 1.588785046728971861e-01 2.236842105263157632e-01 5.069003922328216838e-01
5.612244897959183243e-01 4.166666666666666435e-02 9.345794392523363789e-03 1.526717557251908164e-02 4.431755709930530474e-01
5.392156862745097756e-01 5.263157894736841813e-02 1.869158878504672758e-02 2.758620689655172376e-02 4.188935330859906991e-01
8.611987381703469779e-01 7.086092715231787631e-01 1.000000000000000000e+00 8.294573643410853014e-01 8.952380952380951662e-01
8.666666666666666963e-01 7.181208053691274795e-01 1.000000000000000000e+00 8.359375000000000000e-01 8.990384615384615641e-01
8.750000000000000000e-01 7.328767123287671659e-01 1.000000000000000000e+00 8.458498023715415037e-01 9.048780487804878314e-01
