5.309446254071661375e-01 0.000000000000000000e+00 0.000000000000000000e+00 0.000000000000000000e+00 4.074999999999999734e-01
8.504672897196261516e-01 6.903225806451612767e-01 1.000000000000000000e+00 8.167938931297709093e-01 8.878504672897196137e-01
8.060200668896321252e-01 7.378640776699029180e-01 7.102803738317756688e-01 7.238095238095236805e-01 7.848276869158878899e-01
6.103448275862068950e-01 4.000000000000000222e-01 1.121495327102803724e-01 1.751824817518248256e-01 5.068944384862877905e-01
5.171339563862927813e-01 0.000000000000000000e+00 0.000000000000000000e+00 0.000000000000000000e+00 3.878504672897196137e-01
5.729166666666666297e-01 1.000000000000000056e-01 1.869158878504672758e-02 3.149606299212597688e-02 4.596220374864460334e-01
5.155279503105589800e-01 0.000000000000000000e+00 0.000000000000000000e+00 0.000000000000000000e+00 3.860465116279069853e-01
5.326797385620914982e-01 0.000000000000000000e+00 0.000000000000000000e+00 0.000000000000000000e+00 4.095477386934673336e-01
8.694267515923567169e-01 7.229729729729730270e-01 1.000000000000000000e+00 8.392156862745098200e-01 9.009661835748792313e-01
8.694267515923567169e-01 7.229729729729730270e-01 1.000000000000000000e+00 8.392156862745098200e-01 9.009661835748792313e-01
6.472491909385112985e-01 4.861111111111111049e-01 3.271028037383177378e-01 3.910614525139664566e-01 5.719672434533172867e-01
9.039735099337747881e-01 7.867647058823529216e-01 1.000000000000000000e+00 8.806584362139917577e-01 9.256410256410255721e-01
6.485623003194888048e-01 4.805194805194805130e-01 3.457943925233644689e-01 4.021739130434782705e-01 5.758098176209055508e-01
5.339805825242718296e-01 4.878048780487805047e-02 1.869158878504672758e-02 2.702702702702702159e-02 4.128111409271768562e-01
8.584905660377358805e-01 7.039473684210526550e-01 1.000000000000000000e+00 8.262548262548262690e-01 8.933649289099526714e-01
5.155279503105589800e-01 0.000000000000000000e+00 0.000000000000000000e+00 0.000000000000000000e+00 3.860465116279069853e-01
5.155279503105589800e-01 0.000000000000000000e+00 0.000000000000000000e+00 0.000000000000000000e+00 3.860465116279069853e-01
8.639240506329114444e-01 7.133333333333333748e-01 1.000000000000000000e+00 8.326848249027237747e-01 8.971291866028708872e-01
5.477707006369426646e-01 1.276595744680850963e-01 5.607476635514018620e-02 7.792207792207792028e-02 4.290035667524493279e-01
8.950819672131147264e-01 7.697841726618704916e-01 1.000000000000000000e+00 8.699186991869918284e-01 9.191919191919191157e-01
8.666666666666666963e-01 7.181208053691274795e-01 1.000000000000000000e+00 8.359375000000000000e-01 8.990384615384615641e-01
5.155279503105589800e-01 0.000000000000000000e+00 0.000000000000000000e+00 0.000000000000000000e+00 3.860465116279069853e-01
5.305466237942122465e-01 0.000000000000000000e+00 0.000000000000000000e+00 0.000000000000000000e+00 4.044117647058823595e-01
7.866666666666666252e-01 7.087378640776699212e-01 6.822429906542055722e-01 6.952380952380953216e-01 7.634012880732168327e-01
5.339805825242718296e-01 4.878048780487805047e-02 1.869158878504672758e-02 2.702702702702702159e-02 4.128111409271768562e-01
8.584905660377358805e-01 7.039473684210526550e-01 1.000000000000000000e+00 8.262548262548262690e-01 8.933649289099526714e-01
5.155279503105589800e-01 0.000000000000000000e+00 0.000000000000000000e+00 0.000000000000000000e+00 3.860465116279069853e-01
5.155279503105589800e-01 0.000000000000000000e+00 0.000000000000000000e+00 0.000000000000000000e+00 3.860465116279069853e-01
5.172413793103448620e-01 0.000000000000000000e+00 0.000000000000000000e+00 0.000000000000000000e+00 3.891509433962264120e-01
5.424836601307189143e-01 2.857142857142857054e-02 9.345794392523363789e-03 1.408450704225351971e-02 4.192457615178696861e-01
5.203761755485893925e-01 0.000000000000000000e+00 0.000000000000000000e+00 0.000000000000000000e+00 3.915094339622641195e-01
5.518394648829431093e-01 3.448275862068965469e-02 9.345794392523363789e-03 1.470588235294117453e-02 4.317562305295949421e-01
8.557993730407523758e-01 6.993464052287581278e-01 1.000000000000000000e+00 8.230769230769230393e-01 8.915094339622641195e-01
8.639240506329114444e-01 7.133333333333333748e-01 1.000000000000000000e+00 8.326848249027237747e-01 8.971291866028708872e-01
5.484949832775919409e-01 3.333333333333333287e-02 9.345794392523363789e-03 1.459854014598539924e-02 4.291520638629283124e-01
5.357142857142856984e-01 0.000000000000000000e+00 0.000000000000000000e+00 0.000000000000000000e+00 4.104477611940298698e-01
5.269841269841269993e-01 2.272727272727272790e-02 9.345794392523363789e-03 1.324503311258277971e-02 4.013075125808770460e-01
