6.459627329192546563e-01 3.793103448275861878e-01 1.028037383177570069e-01 1.617647058823529493e-01 5.095414040425993996e-01
9.499999999999999556e-01 8.699186991869918284e-01 1.000000000000000000e+00 9.304347826086956097e-01 9.624413145539906234e-01
9.470404984423675954e-01 8.629032258064516236e-01 1.000000000000000000e+00 9.264069264069264564e-01 9.602803738317757798e-01
9.440993788819875832e-01 8.559999999999999831e-01 1.000000000000000000e+00 9.224137931034482873e-01 9.581395348837209447e-01
9.499999999999999556e-01 8.699186991869918284e-01 1.000000000000000000e+00 9.304347826086956097e-01 9.624413145539906234e-01
7.383177570093457653e-01 7.017543859649122417e-01 3.738317757009345654e-01 4.878048780487804770e-01 6.471962616822430903e-01
9.499999999999999556e-01 8.699186991869918284e-01 1.000000000000000000e+00 9.304347826086956097e-01 9.624413145539906234e-01
9.440993788819875832e-01 8.559999999999999831e-01 1.000000000000000000e+00 9.224137931034482873e-01 9.581395348837209447e-01
6.803797468354430000e-01 5.999999999999999778e-01 1.682242990654205517e-01 2.627737226277371829e-01 5.554040155614183849e-01
9.440993788819875832e-01 8.559999999999999831e-01 1.000000000000000000e+00 9.224137931034482873e-01 9.581395348837209447e-01
9.498432601880877346e-01 8.699186991869918284e-01 1.000000000000000000e+00 9.304347826086956097e-01 9.622641509433962348e-01
9.440993788819875832e-01 8.559999999999999831e-01 1.000000000000000000e+00 9.224137931034482873e-01 9.581395348837209447e-01
9.470404984423675954e-01 8.629032258064516236e-01 1.000000000000000000e+00 9.264069264069264564e-01 9.602803738317757798e-01
9.440993788819875832e-01 8.559999999999999831e-01 1.000000000000000000e+00 9.224137931034482873e-01 9.581395348837209447e-01
9.440993788819875832e-01 8.559999999999999831e-01 1.000000000000000000e+00 9.224137931034482873e-01 9.581395348837209447e-01
9.440993788819875832e-01 8.559999999999999831e-01 1.000000000000000000e+00 9.224137931034482873e-01 9.581395348837209447e-01
9.440993788819875832e-01 8.559999999999999831e-01 1.000000000000000000e+00 9.224137931034482873e-01 9.581395348837209447e-01
9.440993788819875832e-01 8.559999999999999831e-01 1.000000000000000000e+00 9.224137931034482873e-01 9.581395348837209447e-01
9.440993788819875832e-01 8.559999999999999831e-01 1.000000000000000000e+00 9.224137931034482873e-01 9.581395348837209447e-01
8.181818181818182323e-01 8.101265822784810000e-01 5.981308411214952825e-01 6.881720430107526321e-01 7.636880620701816946e-01
9.440993788819875832e-01 8.559999999999999831e-01 1.000000000000000000e+00 9.224137931034482873e-01 9.581395348837209447e-01
9.589905362776025566e-01 8.916666666666667185e-01 1.000000000000000000e+00 9.427312775330397576e-01 9.690476190476190466e-01
9.529780564263322651e-01 8.770491803278688270e-01 1.000000000000000000e+00 9.344978165938864212e-01 9.646226415094338869e-01
9.529780564263322651e-01 8.770491803278688270e-01 1.000000000000000000e+00 9.344978165938864212e-01 9.646226415094338869e-01
9.440993788819875832e-01 8.559999999999999831e-01 1.000000000000000000e+00 9.224137931034482873e-01 9.581395348837209447e-01
9.440993788819875832e-01 8.559999999999999831e-01 1.000000000000000000e+00 9.224137931034482873e-01 9.581395348837209447e-01
9.440993788819875832e-01 8.559999999999999831e-01 1.000000000000000000e+00 9.224137931034482873e-01 9.581395348837209447e-01
9.440993788819875832e-01 8.559999999999999831e-01 1.000000000000000000e+00 9.224137931034482873e-01 9.581395348837209447e-01
9.498432601880877346e-01 8.760330578512396382e-01 9.906542056074766345e-01 9.298245614035086648e-01 9.599497443131721486e-01
9.470404984423675954e-01 8.629032258064516236e-01 1.000000000000000000e+00 9.264069264069264564e-01 9.602803738317757798e-01
9.529780564263322651e-01 8.770491803278688270e-01 1.000000000000000000e+00 9.344978165938864212e-01 9.646226415094338869e-01
9.440993788819875832e-01 8.559999999999999831e-01 1.000000000000000000e+00 9.224137931034482873e-01 9.581395348837209447e-01
9.470404984423675954e-01 8.629032258064516236e-01 1.000000000000000000e+00 9.264069264069264564e-01 9.602803738317757798e-01
9.440993788819875832e-01 8.559999999999999831e-01 1.000000000000000000e+00 9.224137931034482873e-01 9.581395348837209447e-01
9.440993788819875832e-01 8.559999999999999831e-01 1.000000000000000000e+00 9.224137931034482873e-01 9.581395348837209447e-01
9.440993788819875832e-01 8.559999999999999831e-01 1.000000000000000000e+00 9.224137931034482873e-01 9.581395348837209447e-01
9.440993788819875832e-01 8.559999999999999831e-01 1.000000000000000000e+00 9.224137931034482873e-01 9.581395348837209447e-01
