5.890410958904109817e-01 6.666666666666666574e-02 9.345794392523363789e-03 1.639344262295081706e-02 4.668350593584237873e-01
8.888888888888888395e-01 7.535211267605633756e-01 1.000000000000000000e+00 8.594377510040159818e-01 9.158653846153845812e-01
9.003215434083601254e-01 7.753623188405797118e-01 1.000000000000000000e+00 8.734693877551020780e-01 9.240196078431371918e-01
8.039215686274510109e-01 7.373737373737373479e-01 6.822429906542055722e-01 7.087378640776699212e-01 7.757948621612736906e-01
5.527156549520766404e-01 2.857142857142857054e-02 9.345794392523363789e-03 1.408450704225351971e-02 4.221486253516014142e-01
5.824915824915825047e-01 1.304347826086956486e-01 2.803738317757009310e-02 4.615384615384614947e-02 4.613871126414165746e-01
5.918367346938775420e-01 6.666666666666666574e-02 9.345794392523363789e-03 1.639344262295081706e-02 4.672397421160477404e-01
5.747508305647840432e-01 4.347826086956521618e-02 9.345794392523363789e-03 1.538461538461538200e-02 4.479718662684265551e-01
8.917197452229299603e-01 7.588652482269503396e-01 1.000000000000000000e+00 8.629032258064516236e-01 9.178743961352656688e-01
6.449511400651465332e-01 4.807692307692307820e-01 2.336448598130841103e-01 3.144654088050314877e-01 5.493224299065420091e-01
8.712871287128712838e-01 7.931034482758620996e-01 8.598130841121495171e-01 8.251121076233183249e-01 8.686820522601563788e-01
8.974358974358974672e-01 7.697841726618704916e-01 1.000000000000000000e+00 8.699186991869918284e-01 9.219512195121950526e-01
5.966666666666666785e-01 2.307692307692307820e-01 5.607476635514018620e-02 9.022556390977443108e-02 4.762239116749794055e-01
6.555183946488294389e-01 5.476190476190476719e-01 2.149532710280373793e-01 3.087248322147650992e-01 5.579974688473520184e-01
8.888888888888888395e-01 7.535211267605633756e-01 1.000000000000000000e+00 8.594377510040159818e-01 9.158653846153845812e-01
5.620915032679738577e-01 3.448275862068965469e-02 9.345794392523363789e-03 1.470588235294117453e-02 4.343211384022918065e-01
5.902777777777777901e-01 7.692307692307692735e-02 9.345794392523363789e-03 1.666666666666666644e-02 4.715237259255433688e-01
5.576923076923077094e-01 5.714285714285714107e-02 1.869158878504672758e-02 2.816901408450703942e-02 4.288579895144745691e-01
5.663430420711974556e-01 6.451612903225806273e-02 1.869158878504672758e-02 2.898550724637680501e-02 4.375636161747015751e-01
8.945686900958466081e-01 7.642857142857142350e-01 1.000000000000000000e+00 8.663967611336031993e-01 9.199029126213591478e-01
8.945686900958466081e-01 7.642857142857142350e-01 1.000000000000000000e+00 8.663967611336031993e-01 9.199029126213591478e-01
6.151202749140893822e-01 3.913043478260869734e-01 8.411214953271027583e-02 1.384615384615384415e-01 5.040125965054855772e-01
5.709570957095709831e-01 4.000000000000000083e-02 9.345794392523363789e-03 1.515151515151515020e-02 4.434484074003432474e-01
6.845637583892617561e-01 6.226415094339622369e-01 3.084112149532710068e-01 4.124999999999999223e-01 6.018495865342271545e-01
6.555183946488294389e-01 5.476190476190476719e-01 2.149532710280373793e-01 3.087248322147650992e-01 5.579974688473520184e-01
8.888888888888888395e-01 7.535211267605633756e-01 1.000000000000000000e+00 8.594377510040159818e-01 9.158653846153845812e-01
5.584415584415584055e-01 3.225806451612903136e-02 9.345794392523363789e-03 1.449275362318840250e-02 4.300460315246198428e-01
5.884353741496598511e-01 6.250000000000000000e-02 9.345794392523363789e-03 1.626016260162601451e-02 4.645659453246038795e-01
5.633333333333333526e-01 3.846153846153846367e-02 9.345794392523363789e-03 1.503759398496240518e-02 4.399060578180233327e-01
5.580645161290322953e-01 3.125000000000000000e-02 9.345794392523363789e-03 1.438848920863309254e-02 4.283182173933060000e-01
5.544554455445545038e-01 3.333333333333333287e-02 9.345794392523363789e-03 1.459854014598539924e-02 4.306933053595269345e-01
5.986159169550172576e-01 9.090909090909091161e-02 9.345794392523363789e-03 1.694915254237287783e-02 4.772003697237341413e-01
8.860759493670885556e-01 7.482517482517482277e-01 1.000000000000000000e+00 8.559999999999999831e-01 9.138755980861243966e-01
5.785953177257524560e-01 4.761904761904761640e-02 9.345794392523363789e-03 1.562499999999999827e-02 4.525895638629283124e-01
6.107142857142857650e-01 2.500000000000000000e-01 9.345794392523363789e-03 1.801801801801801786e-02 4.960023769650477310e-01
6.053511705685619138e-01 3.103448275862069061e-01 8.411214953271027583e-02 1.323529411764705899e-01 4.899727414330217745e-01
5.965517241379310054e-01 8.333333333333332871e-02 9.345794392523363789e-03 1.680672268907562952e-02 4.746182523875184800e-01
