5.810810810810810301e-01 5.263157894736841813e-02 9.345794392523363789e-03 1.587301587301587213e-02 4.570538495772140664e-01
5.782312925170067786e-01 5.263157894736841813e-02 9.345794392523363789e-03 1.587301587301587213e-02 4.565445549502723521e-01
6.170212765957446832e-01 3.333333333333333148e-01 9.345794392523363789e-03 1.818181818181818094e-02 4.989586114819759000e-01
8.974358974358974672e-01 7.697841726618704916e-01 1.000000000000000000e+00 8.699186991869918284e-01 9.219512195121950526e-01
8.974358974358974672e-01 7.697841726618704916e-01 1.000000000000000000e+00 8.699186991869918284e-01 9.219512195121950526e-01
5.785953177257524560e-01 8.695652173913043237e-02 1.869158878504672758e-02 3.076923076923076400e-02 4.546582943925233655e-01
8.860759493670885556e-01 7.482517482517482277e-01 1.000000000000000000e+00 8.559999999999999831e-01 9.138755980861243966e-01
5.889967637540453049e-01 2.368421052631578816e-01 8.411214953271027583e-02 1.241379310344827569e-01 4.702738965485332989e-01
5.747508305647840432e-01 8.000000000000000167e-02 1.869158878504672758e-02 3.030303030303030040e-02 4.500674438770594366e-01
9.032258064516128782e-01 7.810218978102190235e-01 1.000000000000000000e+00 8.770491803278688270e-01 9.261083743842364324e-01
5.709342560553632984e-01 0.000000000000000000e+00 0.000000000000000000e+00 0.000000000000000000e+00 4.532967032967032961e-01
6.094276094276094291e-01 3.448275862068965747e-01 9.345794392523364136e-02 1.470588235294117696e-01 4.967289719626168387e-01
5.672131147540984131e-01 3.703703703703703498e-02 9.345794392523363789e-03 1.492537313432835792e-02 4.390163315396959920e-01
6.271186440677966045e-01 4.634146341463414864e-01 1.775700934579439172e-01 2.567567567567567988e-01 5.302744084310995198e-01
8.860759493670885556e-01 7.482517482517482277e-01 1.000000000000000000e+00 8.559999999999999831e-01 9.138755980861243966e-01
5.676567656765676428e-01 7.142857142857142461e-02 1.869158878504672758e-02 2.962962962962962382e-02 4.430192637802784494e-01
8.888888888888888395e-01 7.535211267605633756e-01 1.000000000000000000e+00 8.594377510040159818e-01 9.158653846153845812e-01
9.061488673139158623e-01 7.867647058823529216e-01 1.000000000000000000e+00 8.806584362139917577e-01 9.282178217821781541e-01
5.555555555555555802e-01 3.703703703703703498e-02 9.345794392523363789e-03 1.492537313432835792e-02 4.362518445646826892e-01
5.838926174496644750e-01 5.263157894736841813e-02 9.345794392523363789e-03 1.587301587301587213e-02 4.575524783480940938e-01
9.090909090909090606e-01 7.925925925925926263e-01 1.000000000000000000e+00 8.842975206611569661e-01 9.303482587064676457e-01
8.974358974358974672e-01 7.697841726618704916e-01 1.000000000000000000e+00 8.699186991869918284e-01 9.219512195121950526e-01
5.474683544303797778e-01 0.000000000000000000e+00 0.000000000000000000e+00 0.000000000000000000e+00 4.138755980861243966e-01
5.671140939597315578e-01 4.166666666666666435e-02 9.345794392523363789e-03 1.526717557251908164e-02 4.444634731124920135e-01
6.271186440677966045e-01 4.634146341463414864e-01 1.775700934579439172e-01 2.567567567567567988e-01 5.302744084310995198e-01
8.860759493670885556e-01 7.482517482517482277e-01 1.000000000000000000e+00 8.559999999999999831e-01 9.138755980861243966e-01
5.833333333333333703e-01 1.176470588235294101e-01 1.869158878504672758e-02 3.225806451612902442e-02 4.679093303041255703e-01
6.070287539936102261e-01 3.400000000000000244e-01 1.588785046728971861e-01 2.165605095541401348e-01 4.993421649578078103e-01
5.802047781569965590e-01 5.555555555555555247e-02 9.345794392523363789e-03 1.600000000000000033e-02 4.589739724650788166e-01
5.778546712802767882e-01 0.000000000000000000e+00 0.000000000000000000e+00 0.000000000000000000e+00 4.587912087912087711e-01
6.219931271477663337e-01 4.285714285714285476e-01 8.411214953271027583e-02 1.406250000000000000e-01 5.094473791141812535e-01
9.003215434083601254e-01 7.753623188405797118e-01 1.000000000000000000e+00 8.734693877551020780e-01 9.240196078431371918e-01
5.789473684210526550e-01 6.666666666666666574e-02 9.345794392523363789e-03 1.639344262295081706e-02 4.653470544996324287e-01
8.250825082508250752e-01 7.596153846153845812e-01 7.383177570093457653e-01 7.488151658767772112e-01 8.053833683005912070e-01
8.860759493670885556e-01 7.482517482517482277e-01 1.000000000000000000e+00 8.559999999999999831e-01 9.138755980861243966e-01
8.832807570977917466e-01 7.430555555555555802e-01 1.000000000000000000e+00 8.525896414342629681e-01 9.119047619047618847e-01
5.643564356435643026e-01 3.703703703703703498e-02 9.345794392523363789e-03 1.492537313432835792e-02 4.383463665840167112e-01
