8.311688311688312236e-01 7.433628318584071248e-01 7.850467289719625930e-01 7.636363636363636687e-01 8.203840610033942271e-01
5.899999999999999689e-01 2.500000000000000000e-01 7.476635514018691031e-02 1.151079136690647403e-01 4.752070117669846550e-01
9.150326797385620603e-01 8.045112781954887327e-01 1.000000000000000000e+00 8.916666666666667185e-01 9.346733668341709045e-01
5.757575757575758013e-01 4.761904761904761640e-02 9.345794392523363789e-03 1.562499999999999827e-02 4.520413182488932091e-01
5.747508305647840432e-01 4.347826086956521618e-02 9.345794392523363789e-03 1.538461538461538200e-02 4.479718662684265551e-01
5.527156549520766404e-01 5.405405405405405705e-02 1.869158878504672758e-02 2.777777777777777277e-02 4.243943380818437361e-01
6.156462585034013779e-01 3.636363636363636465e-01 7.476635514018691031e-02 1.240310077519379689e-01 4.999500224898795753e-01
5.986159169550172576e-01 9.090909090909091161e-02 9.345794392523363789e-03 1.694915254237287783e-02 4.772003697237341413e-01
5.559210526315789824e-01 3.333333333333333287e-02 9.345794392523363789e-03 1.459854014598539924e-02 4.310688362825560449e-01
8.774834437086093120e-01 7.966101694915254106e-01 8.785046728971962482e-01 8.355555555555556069e-01 8.777138749101365267e-01
5.631067961165048263e-01 3.333333333333333287e-02 9.345794392523363789e-03 1.459854014598539924e-02 4.328907189784398368e-01
5.548387096774193283e-01 3.030303030303030387e-02 9.345794392523363789e-03 1.428571428571428353e-02 4.258551632061138292e-01
8.974358974358974672e-01 7.697841726618704916e-01 1.000000000000000000e+00 8.699186991869918284e-01 9.219512195121950526e-01
5.779220779220779480e-01 2.051282051282051211e-01 7.476635514018691031e-02 1.095890410958904049e-01 4.602687497093969626e-01
5.665529010238907759e-01 4.545454545454545581e-02 9.345794392523363789e-03 1.550387596899224611e-02 4.482212842930358154e-01
8.974358974358974672e-01 7.697841726618704916e-01 1.000000000000000000e+00 8.699186991869918284e-01 9.219512195121950526e-01
9.003215434083601254e-01 7.753623188405797118e-01 1.000000000000000000e+00 8.734693877551020780e-01 9.240196078431371918e-01
8.805031446540880768e-01 7.379310344827586521e-01 1.000000000000000000e+00 8.492063492063492980e-01 9.099526066350711595e-01
8.701298701298700866e-01 7.723577235772357552e-01 8.878504672897196137e-01 8.260869565217390242e-01 8.742734923513273415e-01
5.719178082191780366e-01 5.000000000000000278e-02 9.345794392523363789e-03 1.574803149606298844e-02 4.533215458449102453e-01
6.245847176079734053e-01 4.375000000000000000e-01 1.962616822429906482e-01 2.709677419354838968e-01 5.285432122555159262e-01
5.733788395904436674e-01 9.090909090909091161e-02 1.869158878504672758e-02 3.100775193798449222e-02 4.555823535323083040e-01
5.631067961165048263e-01 3.333333333333333287e-02 9.345794392523363789e-03 1.459854014598539924e-02 4.328907189784398368e-01
6.394557823129252139e-01 5.151515151515151381e-01 1.588785046728971861e-01 2.428571428571428548e-01 5.366585036733469982e-01
5.779220779220779480e-01 2.051282051282051211e-01 7.476635514018691031e-02 1.095890410958904049e-01 4.602687497093969626e-01
5.665529010238907759e-01 4.545454545454545581e-02 9.345794392523363789e-03 1.550387596899224611e-02 4.482212842930358154e-01
5.816326530612244694e-01 1.000000000000000056e-01 1.869158878504672758e-02 3.149606299212597688e-02 4.612174521465340904e-01
5.645161290322581182e-01 1.111111111111111049e-01 3.738317757009345516e-02 5.594405594405594401e-02 4.398738547948989330e-01
5.377358490566037652e-01 0.000000000000000000e+00 0.000000000000000000e+00 0.000000000000000000e+00 4.052132701421801153e-01
8.860759493670885556e-01 7.482517482517482277e-01 1.000000000000000000e+00 8.559999999999999831e-01 9.138755980861243966e-01
5.748299319727890877e-01 5.000000000000000278e-02 9.345794392523363789e-03 1.574803149606298844e-02 4.538707581588284912e-01
6.059602649006622377e-01 3.235294117647058987e-01 1.028037383177570069e-01 1.560283687943262443e-01 4.924275101845194680e-01
5.709570957095709831e-01 7.407407407407406996e-02 1.869158878504672758e-02 2.985074626865671585e-02 4.455702841884417453e-01
6.131147540983606925e-01 3.589743589743589758e-01 1.308411214953270896e-01 1.917808219178082085e-01 5.022892476163504094e-01
9.090909090909090606e-01 7.925925925925926263e-01 1.000000000000000000e+00 8.842975206611569661e-01 9.303482587064676457e-01
8.888888888888888395e-01 7.535211267605633756e-01 1.000000000000000000e+00 8.594377510040159818e-01 9.158653846153845812e-01
8.917197452229299603e-01 7.588652482269503396e-01 1.000000000000000000e+00 8.629032258064516236e-01 9.178743961352656688e-01
