6.818181818181817677e-01 6.363636363636363535e-01 1.962616822429906482e-01 2.999999999999999889e-01 5.682800948528385909e-01
6.578947368421053099e-01 5.882352941176470784e-01 9.345794392523364136e-02 1.612903225806451568e-01 5.289624745006878959e-01
9.378881987577639689e-01 8.425196850393700254e-01 1.000000000000000000e+00 9.145299145299145005e-01 9.534883720930232842e-01
5.993031358885017035e-01 0.000000000000000000e+00 0.000000000000000000e+00 0.000000000000000000e+00 4.777777777777778012e-01
5.709342560553632984e-01 0.000000000000000000e+00 0.000000000000000000e+00 0.000000000000000000e+00 4.532967032967032961e-01
9.378881987577639689e-01 8.425196850393700254e-01 1.000000000000000000e+00 9.145299145299145005e-01 9.534883720930232842e-01
5.785953177257524560e-01 0.000000000000000000e+00 0.000000000000000000e+00 0.000000000000000000e+00 4.505208333333333148e-01
5.611510791366906004e-01 0.000000000000000000e+00 0.000000000000000000e+00 0.000000000000000000e+00 4.561403508771929571e-01
5.613382899628253098e-01 1.764705882352941291e-01 2.803738317757009310e-02 4.838709677419354704e-02 4.708088150455751464e-01
7.056856187290969640e-01 7.209302325581394832e-01 2.897196261682242757e-01 4.133333333333333304e-01 6.136098130841121101e-01
6.013289036544851029e-01 0.000000000000000000e+00 0.000000000000000000e+00 0.000000000000000000e+00 4.664948453608247503e-01
5.993265993265993741e-01 1.250000000000000000e-01 1.869158878504672758e-02 3.252032520325202902e-02 4.725036891293654673e-01
6.136363636363636465e-01 0.000000000000000000e+00 0.000000000000000000e+00 0.000000000000000000e+00 4.701492537313433084e-01
9.867549668874172619e-01 9.639639639639639990e-01 1.000000000000000000e+00 9.816513761467891008e-01 9.897435897435896690e-01
5.431654676258992342e-01 0.000000000000000000e+00 0.000000000000000000e+00 0.000000000000000000e+00 4.415204678362573132e-01
6.129032258064516236e-01 0.000000000000000000e+00 0.000000000000000000e+00 0.000000000000000000e+00 4.679802955665024466e-01
5.785953177257524560e-01 0.000000000000000000e+00 0.000000000000000000e+00 0.000000000000000000e+00 4.505208333333333148e-01
9.378881987577639689e-01 8.425196850393700254e-01 1.000000000000000000e+00 9.145299145299145005e-01 9.534883720930232842e-01
6.241830065359477153e-01 0.000000000000000000e+00 0.000000000000000000e+00 0.000000000000000000e+00 4.798994974874372099e-01
5.794701986754966505e-01 0.000000000000000000e+00 0.000000000000000000e+00 0.000000000000000000e+00 4.487179487179487336e-01
6.482084690553745476e-01 4.838709677419354982e-01 1.401869158878504551e-01 2.173913043478260809e-01 5.300934579439251504e-01
9.525316455696202222e-01 8.770491803278688270e-01 1.000000000000000000e+00 9.344978165938864212e-01 9.641148325358851467e-01
5.986842105263158187e-01 0.000000000000000000e+00 0.000000000000000000e+00 0.000000000000000000e+00 4.619289340101522812e-01
5.689655172413793371e-01 0.000000000000000000e+00 0.000000000000000000e+00 0.000000000000000000e+00 4.508196721311475419e-01
9.867549668874172619e-01 9.639639639639639990e-01 1.000000000000000000e+00 9.816513761467891008e-01 9.897435897435896690e-01
5.431654676258992342e-01 0.000000000000000000e+00 0.000000000000000000e+00 0.000000000000000000e+00 4.415204678362573132e-01
5.421245421245420859e-01 0.000000000000000000e+00 0.000000000000000000e+00 0.000000000000000000e+00 4.457831325301204739e-01
5.669014084507042472e-01 0.000000000000000000e+00 0.000000000000000000e+00 0.000000000000000000e+00 4.548022598870056221e-01
5.738255033557047025e-01 0.000000000000000000e+00 0.000000000000000000e+00 0.000000000000000000e+00 4.476439790575916233e-01
6.950819672131147708e-01 7.500000000000000000e-01 1.962616822429906482e-01 3.111111111111110605e-01 5.804540734447275474e-01
8.019801980198020264e-01 8.507462686567164312e-01 5.327102803738317238e-01 6.551724137931034253e-01 7.408449361052833471e-01
9.607843137254902244e-01 9.059829059829059839e-01 9.906542056074766345e-01 9.464285714285715079e-01 9.676889118489644392e-01
6.146179401993355773e-01 0.000000000000000000e+00 0.000000000000000000e+00 0.000000000000000000e+00 4.768041237113401776e-01
5.849673202614379397e-01 0.000000000000000000e+00 0.000000000000000000e+00 0.000000000000000000e+00 4.497487437185929693e-01
6.006825938566553447e-01 0.000000000000000000e+00 0.000000000000000000e+00 0.000000000000000000e+00 4.731182795698924970e-01
9.378881987577639689e-01 8.425196850393700254e-01 1.000000000000000000e+00 9.145299145299145005e-01 9.534883720930232842e-01
6.072607260726072820e-01 0.000000000000000000e+00 0.000000000000000000e+00 0.000000000000000000e+00 4.693877551020408379e-01
