5.699658703071672772e-01 0.000000000000000000e+00 0.000000000000000000e+00 0.000000000000000000e+00 4.489247311827956888e-01
8.852459016393442459e-01 8.599999999999999867e-01 8.037383177570093240e-01 8.309178743961352920e-01 8.665156235249692473e-01
5.559440559440559371e-01 0.000000000000000000e+00 0.000000000000000000e+00 0.000000000000000000e+00 4.441340782122905062e-01
5.934426229508196204e-01 0.000000000000000000e+00 0.000000000000000000e+00 0.000000000000000000e+00 4.570707070707070718e-01
5.606060606060605522e-01 0.000000000000000000e+00 0.000000000000000000e+00 0.000000000000000000e+00 4.713375796178344013e-01
9.202657807308970428e-01 9.108910891089109230e-01 8.598130841121495171e-01 8.846153846153845812e-01 9.067106657674149917e-01
5.886287625418060721e-01 0.000000000000000000e+00 0.000000000000000000e+00 0.000000000000000000e+00 4.583333333333333148e-01
5.799999999999999600e-01 0.000000000000000000e+00 0.000000000000000000e+00 0.000000000000000000e+00 4.507772020725388518e-01
7.395498392282958688e-01 7.826086956521739468e-01 3.364485981308411033e-01 4.705882352941176405e-01 6.437144951438519280e-01
5.918367346938775420e-01 2.399999999999999911e-01 5.607476635514018620e-02 9.090909090909091161e-02 4.772352441401369605e-01
5.856164383561643927e-01 1.111111111111111049e-01 1.869158878504672758e-02 3.200000000000000067e-02 4.661025511492801199e-01
6.923076923076922906e-01 6.222222222222222321e-01 2.616822429906541791e-01 3.684210526315789269e-01 5.893777068611807390e-01
6.057692307692307265e-01 0.000000000000000000e+00 0.000000000000000000e+00 0.000000000000000000e+00 4.609756097560975818e-01
6.986754966887417373e-01 6.904761904761904656e-01 2.710280373831775447e-01 3.892617449664429463e-01 6.021806853582554186e-01
9.378881987577639689e-01 8.425196850393700254e-01 1.000000000000000000e+00 9.145299145299145005e-01 9.534883720930232842e-01
5.583038869257950232e-01 0.000000000000000000e+00 0.000000000000000000e+00 0.000000000000000000e+00 4.488636363636363535e-01
5.115384615384614975e-01 0.000000000000000000e+00 0.000000000000000000e+00 0.000000000000000000e+00 4.346405228758170036e-01
6.378205128205127750e-01 4.000000000000000222e-01 1.121495327102803724e-01 1.751824817518248256e-01 5.121723273307499102e-01
5.531914893617021489e-01 0.000000000000000000e+00 0.000000000000000000e+00 0.000000000000000000e+00 4.457142857142857295e-01
5.574912891986062435e-01 0.000000000000000000e+00 0.000000000000000000e+00 0.000000000000000000e+00 4.444444444444444198e-01
6.732026143790850181e-01 6.521739130434782705e-01 1.401869158878504551e-01 2.307692307692307265e-01 5.499929554313623958e-01
5.347985347985347859e-01 0.000000000000000000e+00 0.000000000000000000e+00 0.000000000000000000e+00 4.397590361445783413e-01
5.808580858085808929e-01 0.000000000000000000e+00 0.000000000000000000e+00 0.000000000000000000e+00 4.489795918367346927e-01
6.228956228956229468e-01 0.000000000000000000e+00 0.000000000000000000e+00 0.000000000000000000e+00 4.868421052631579093e-01
6.986754966887417373e-01 6.904761904761904656e-01 2.710280373831775447e-01 3.892617449664429463e-01 6.021806853582554186e-01
9.378881987577639689e-01 8.425196850393700254e-01 1.000000000000000000e+00 9.145299145299145005e-01 9.534883720930232842e-01
5.172413793103448620e-01 0.000000000000000000e+00 0.000000000000000000e+00 0.000000000000000000e+00 4.383116883116883189e-01
5.431654676258992342e-01 0.000000000000000000e+00 0.000000000000000000e+00 0.000000000000000000e+00 4.415204678362573132e-01
5.543859649122806488e-01 0.000000000000000000e+00 0.000000000000000000e+00 0.000000000000000000e+00 4.438202247191010974e-01
6.464968152866241713e-01 4.090909090909091161e-01 8.411214953271027583e-02 1.395348837209302306e-01 5.106551085827801817e-01
4.834710743801652888e-01 0.000000000000000000e+00 0.000000000000000000e+00 0.000000000000000000e+00 4.333333333333333481e-01
5.152671755725191094e-01 0.000000000000000000e+00 0.000000000000000000e+00 0.000000000000000000e+00 4.354838709677419373e-01
9.463722397476340698e-01 8.629032258064516236e-01 1.000000000000000000e+00 9.264069264069264564e-01 9.595238095238094456e-01
5.981012658227847778e-01 0.000000000000000000e+00 0.000000000000000000e+00 0.000000000000000000e+00 4.521531100478468623e-01
5.578947368421052211e-01 0.000000000000000000e+00 0.000000000000000000e+00 0.000000000000000000e+00 4.466292134831460481e-01
5.684210526315789380e-01 0.000000000000000000e+00 0.000000000000000000e+00 0.000000000000000000e+00 4.550561797752809001e-01
9.585987261146496907e-01 8.916666666666667185e-01 1.000000000000000000e+00 9.427312775330397576e-01 9.685990338164250923e-01
