4.852320675105485370e-01 0.000000000000000000e+00 0.000000000000000000e+00 0.000000000000000000e+00 4.423076923076922906e-01
5.448028673835125790e-01 0.000000000000000000e+00 0.000000000000000000e+00 0.000000000000000000e+00 4.418604651162790775e-01
5.535714285714286031e-01 0.000000000000000000e+00 0.000000000000000000e+00 0.000000000000000000e+00 4.479768786127167335e-01
9.543973941368077973e-01 8.907563025210084584e-01 9.906542056074766345e-01 9.380530973451327581e-01 9.628271028037382884e-01
5.296296296296296724e-01 0.000000000000000000e+00 0.000000000000000000e+00 0.000000000000000000e+00 4.386503067484662788e-01
5.948553054662379935e-01 0.000000000000000000e+00 0.000000000000000000e+00 0.000000000000000000e+00 4.534313725490196068e-01
9.548387096774193505e-01 8.842975206611570771e-01 1.000000000000000000e+00 9.385964912280702066e-01 9.655172413793102759e-01
5.590277777777777901e-01 0.000000000000000000e+00 0.000000000000000000e+00 0.000000000000000000e+00 4.447513812154696433e-01
5.135135135135134865e-01 0.000000000000000000e+00 0.000000000000000000e+00 0.000000000000000000e+00 4.375000000000000000e-01
5.948553054662379935e-01 0.000000000000000000e+00 0.000000000000000000e+00 0.000000000000000000e+00 4.534313725490196068e-01
5.315985130111524626e-01 0.000000000000000000e+00 0.000000000000000000e+00 0.000000000000000000e+00 4.413580246913580418e-01
5.794701986754966505e-01 0.000000000000000000e+00 0.000000000000000000e+00 0.000000000000000000e+00 4.487179487179487336e-01
6.193548387096774466e-01 1.764705882352941291e-01 2.803738317757009310e-02 4.838709677419354704e-02 4.795359329680953242e-01
4.937759336099585283e-01 0.000000000000000000e+00 0.000000000000000000e+00 0.000000000000000000e+00 4.440298507462686617e-01
8.459119496855346254e-01 8.222222222222221877e-01 6.915887850467289377e-01 7.512690355329948444e-01 8.078797005802363929e-01
5.278810408921933428e-01 0.000000000000000000e+00 0.000000000000000000e+00 0.000000000000000000e+00 4.382716049382716084e-01
9.260450160771703798e-01 8.684210526315789824e-01 9.252336448598130758e-01 8.959276018099547878e-01 9.258521165475536163e-01
9.378881987577639689e-01 8.425196850393700254e-01 1.000000000000000000e+00 9.145299145299145005e-01 9.534883720930232842e-01
5.873605947955390372e-01 3.333333333333333148e-01 3.738317757009345516e-02 6.722689075630251809e-02 4.940002307603553744e-01
5.836177474402730603e-01 0.000000000000000000e+00 0.000000000000000000e+00 0.000000000000000000e+00 4.596774193548386900e-01
6.006289308176100405e-01 0.000000000000000000e+00 0.000000000000000000e+00 0.000000000000000000e+00 4.526066350710900577e-01
7.111111111111111382e-01 6.739130434782608647e-01 2.897196261682242757e-01 4.052287581699345886e-01 6.088021207764198195e-01
5.627240143369175440e-01 0.000000000000000000e+00 0.000000000000000000e+00 0.000000000000000000e+00 4.563953488372092804e-01
6.045751633986927720e-01 0.000000000000000000e+00 0.000000000000000000e+00 0.000000000000000000e+00 4.648241206030150896e-01
4.937759336099585283e-01 0.000000000000000000e+00 0.000000000000000000e+00 0.000000000000000000e+00 4.440298507462686617e-01
8.459119496855346254e-01 8.222222222222221877e-01 6.915887850467289377e-01 7.512690355329948444e-01 8.078797005802363929e-01
7.138157894736841813e-01 7.500000000000000000e-01 2.803738317757009102e-01 4.081632653061223470e-01 6.148062052279520406e-01
5.278810408921933428e-01 0.000000000000000000e+00 0.000000000000000000e+00 0.000000000000000000e+00 4.382716049382716084e-01
5.421245421245420859e-01 0.000000000000000000e+00 0.000000000000000000e+00 0.000000000000000000e+00 4.457831325301204739e-01
5.704225352112676228e-01 0.000000000000000000e+00 0.000000000000000000e+00 0.000000000000000000e+00 4.576271186440677985e-01
5.771812080536913303e-01 0.000000000000000000e+00 0.000000000000000000e+00 0.000000000000000000e+00 4.502617801047120727e-01
5.928338762214984126e-01 0.000000000000000000e+00 0.000000000000000000e+00 0.000000000000000000e+00 4.550000000000000155e-01
5.650684931506849695e-01 0.000000000000000000e+00 0.000000000000000000e+00 0.000000000000000000e+00 4.459459459459459429e-01
5.723905723905723386e-01 0.000000000000000000e+00 0.000000000000000000e+00 0.000000000000000000e+00 4.473684210526315819e-01
9.378881987577639689e-01 8.425196850393700254e-01 1.000000000000000000e+00 9.145299145299145005e-01 9.534883720930232842e-01
9.437499999999999778e-01 8.559999999999999831e-01 1.000000000000000000e+00 9.224137931034482873e-01 9.577464788732394929e-01
6.644951140065146200e-01 5.666666666666666519e-01 1.588785046728971861e-01 2.481751824817517993e-01 5.469392523364485781e-01
