5.192307692307692735e-01 2.222222222222222307e-02 9.345794392523363789e-03 1.315789473684210627e-02 3.973558240255299356e-01
8.322981366459627495e-01 6.645962732919254989e-01 1.000000000000000000e+00 7.985074626865671377e-01 8.744186046511628341e-01
5.814696485623003230e-01 3.181818181818181768e-01 1.962616822429906482e-01 2.427745664739884568e-01 4.889075401506214891e-01
5.222929936305732435e-01 6.122448979591836593e-02 2.803738317757009310e-02 3.846153846153846367e-02 4.029075804776738878e-01
5.225806451612903247e-01 2.325581395348837177e-02 9.345794392523363789e-03 1.333333333333333245e-02 4.012246213341926770e-01
5.239616613418530688e-01 6.250000000000000000e-02 2.803738317757009310e-02 3.870967741935483347e-02 4.047953906179112549e-01
5.000000000000000000e-01 0.000000000000000000e+00 0.000000000000000000e+00 0.000000000000000000e+00 3.744186046511627786e-01
5.000000000000000000e-01 0.000000000000000000e+00 0.000000000000000000e+00 0.000000000000000000e+00 3.744186046511627786e-01
8.507936507936507686e-01 6.948051948051947591e-01 1.000000000000000000e+00 8.199233716475095024e-01 8.870192307692308376e-01
5.191082802547770658e-01 4.166666666666666435e-02 1.869158878504672758e-02 2.580645161290322578e-02 3.982346832814122606e-01
5.733333333333333615e-01 2.558139534883721034e-01 1.028037383177570069e-01 1.466666666666666674e-01 4.685003147547333602e-01
6.363636363636363535e-01 4.912280701754385692e-01 2.616822429906541791e-01 3.414634146341463117e-01 5.545253320216428916e-01
7.348242811501597416e-01 6.052631578947368363e-01 6.448598130841121101e-01 6.244343891402713842e-01 7.132066055711822061e-01
5.000000000000000000e-01 0.000000000000000000e+00 0.000000000000000000e+00 0.000000000000000000e+00 3.744186046511627786e-01
8.322981366459627495e-01 6.645962732919254989e-01 1.000000000000000000e+00 7.985074626865671377e-01 8.744186046511628341e-01
5.000000000000000000e-01 0.000000000000000000e+00 0.000000000000000000e+00 0.000000000000000000e+00 3.744186046511627786e-01
5.175718849840255098e-01 2.173913043478260809e-02 9.345794392523363789e-03 1.307189542483659823e-02 3.954495962253878338e-01
5.000000000000000000e-01 0.000000000000000000e+00 0.000000000000000000e+00 0.000000000000000000e+00 3.744186046511627786e-01
5.882352941176470784e-01 3.333333333333333148e-01 1.775700934579439172e-01 2.317073170731707155e-01 4.933076597942985808e-01
9.023569023569023573e-01 7.867647058823529216e-01 1.000000000000000000e+00 8.806584362139917577e-01 9.236842105263157743e-01
8.535031847133758287e-01 6.993464052287581278e-01 1.000000000000000000e+00 8.230769230769230393e-01 8.888888888888888395e-01
5.000000000000000000e-01 0.000000000000000000e+00 0.000000000000000000e+00 0.000000000000000000e+00 3.744186046511627786e-01
5.000000000000000000e-01 0.000000000000000000e+00 0.000000000000000000e+00 0.000000000000000000e+00 3.744186046511627786e-01
5.256410256410256610e-01 6.382978723404254817e-02 2.803738317757009310e-02 3.896103896103896014e-02 4.067016184180533012e-01
5.000000000000000000e-01 0.000000000000000000e+00 0.000000000000000000e+00 0.000000000000000000e+00 3.744186046511627786e-01
8.322981366459627495e-01 6.645962732919254989e-01 1.000000000000000000e+00 7.985074626865671377e-01 8.744186046511628341e-01
5.000000000000000000e-01 0.000000000000000000e+00 0.000000000000000000e+00 0.000000000000000000e+00 3.744186046511627786e-01
5.537974683544303334e-01 2.258064516129032195e-01 1.308411214953270896e-01 1.656804733727810508e-01 4.505880248624961060e-01
5.175718849840255098e-01 2.173913043478260809e-02 9.345794392523363789e-03 1.307189542483659823e-02 3.954495962253878338e-01
8.427672955974843116e-01 6.815286624203821253e-01 1.000000000000000000e+00 8.106060606060605522e-01 8.815165876777251164e-01
5.000000000000000000e-01 0.000000000000000000e+00 0.000000000000000000e+00 0.000000000000000000e+00 3.744186046511627786e-01
5.000000000000000000e-01 0.000000000000000000e+00 0.000000000000000000e+00 0.000000000000000000e+00 3.744186046511627786e-01
8.535031847133758287e-01 6.993464052287581278e-01 1.000000000000000000e+00 8.230769230769230393e-01 8.888888888888888395e-01
8.701298701298700866e-01 7.278911564625850650e-01 1.000000000000000000e+00 8.425196850393700254e-01 9.004975124378109541e-01
5.126582278481012223e-01 2.040816326530612082e-02 9.345794392523363789e-03 1.282051282051282180e-02 3.898403613110942301e-01
5.159235668789808882e-01 2.127659574468085055e-02 9.345794392523363789e-03 1.298701298701298787e-02 3.935617860851505778e-01
8.427672955974843116e-01 6.815286624203821253e-01 1.000000000000000000e+00 8.106060606060605522e-01 8.815165876777251164e-01
