5.000000000000000000e-01 0.000000000000000000e+00 0.000000000000000000e+00 0.000000000000000000e+00 3.744186046511627786e-01
5.000000000000000000e-01 0.000000000000000000e+00 0.000000000000000000e+00 0.000000000000000000e+00 3.744186046511627786e-01
5.000000000000000000e-01 0.000000000000000000e+00 0.000000000000000000e+00 0.000000000000000000e+00 3.744186046511627786e-01
8.535031847133758287e-01 6.993464052287581278e-01 1.000000000000000000e+00 8.230769230769230393e-01 8.888888888888888395e-01
7.879746835443037778e-01 6.470588235294117974e-01 8.224299065420560551e-01 7.242798353909465359e-01 7.963824173858605748e-01
5.192307692307692735e-01 2.222222222222222307e-02 9.345794392523363789e-03 1.315789473684210627e-02 3.973558240255299356e-01
8.903654485049833367e-01 7.642857142857142350e-01 1.000000000000000000e+00 8.663967611336031993e-01 9.149484536082473918e-01
8.562300319488818090e-01 7.039473684210526550e-01 1.000000000000000000e+00 8.262548262548262690e-01 8.907766990291261511e-01
5.000000000000000000e-01 0.000000000000000000e+00 0.000000000000000000e+00 0.000000000000000000e+00 3.744186046511627786e-01
8.701298701298700866e-01 7.278911564625850650e-01 1.000000000000000000e+00 8.425196850393700254e-01 9.004975124378109541e-01
5.000000000000000000e-01 0.000000000000000000e+00 0.000000000000000000e+00 0.000000000000000000e+00 3.744186046511627786e-01
8.322981366459627495e-01 6.645962732919254989e-01 1.000000000000000000e+00 7.985074626865671377e-01 8.744186046511628341e-01
5.000000000000000000e-01 0.000000000000000000e+00 0.000000000000000000e+00 0.000000000000000000e+00 3.744186046511627786e-01
5.000000000000000000e-01 0.000000000000000000e+00 0.000000000000000000e+00 0.000000000000000000e+00 3.744186046511627786e-01
8.348909657320872091e-01 6.687499999999999556e-01 1.000000000000000000e+00 8.014981273408239293e-01 8.761682242990654901e-01
5.126582278481012223e-01 2.040816326530612082e-02 9.345794392523363789e-03 1.282051282051282180e-02 3.898403613110942301e-01
8.322981366459627495e-01 6.645962732919254989e-01 1.000000000000000000e+00 7.985074626865671377e-01 8.744186046511628341e-01
8.079470198675496873e-01 7.094017094017094349e-01 7.757009345794392274e-01 7.410714285714284921e-01 8.006709801102322999e-01
5.495207667731629719e-01 1.964285714285714246e-01 1.028037383177570069e-01 1.349693251533742311e-01 4.421785681880046615e-01
5.000000000000000000e-01 0.000000000000000000e+00 0.000000000000000000e+00 0.000000000000000000e+00 3.744186046511627786e-01
8.427672955974843116e-01 6.815286624203821253e-01 1.000000000000000000e+00 8.106060606060605522e-01 8.815165876777251164e-01
8.729641693811075465e-01 7.328767123287671659e-01 1.000000000000000000e+00 8.458498023715415037e-01 9.024999999999999689e-01
5.000000000000000000e-01 0.000000000000000000e+00 0.000000000000000000e+00 0.000000000000000000e+00 3.744186046511627786e-01
5.000000000000000000e-01 0.000000000000000000e+00 0.000000000000000000e+00 0.000000000000000000e+00 3.744186046511627786e-01
5.000000000000000000e-01 0.000000000000000000e+00 0.000000000000000000e+00 0.000000000000000000e+00 3.744186046511627786e-01
8.348909657320872091e-01 6.687499999999999556e-01 1.000000000000000000e+00 8.014981273408239293e-01 8.761682242990654901e-01
5.000000000000000000e-01 0.000000000000000000e+00 0.000000000000000000e+00 0.000000000000000000e+00 3.744186046511627786e-01
5.126582278481012223e-01 2.040816326530612082e-02 9.345794392523363789e-03 1.282051282051282180e-02 3.898403613110942301e-01
5.000000000000000000e-01 0.000000000000000000e+00 0.000000000000000000e+00 0.000000000000000000e+00 3.744186046511627786e-01
5.000000000000000000e-01 0.000000000000000000e+00 0.000000000000000000e+00 0.000000000000000000e+00 3.744186046511627786e-01
5.000000000000000000e-01 0.000000000000000000e+00 0.000000000000000000e+00 0.000000000000000000e+00 3.744186046511627786e-01
8.507936507936507686e-01 6.948051948051947591e-01 1.000000000000000000e+00 8.199233716475095024e-01 8.870192307692308376e-01
5.175718849840255098e-01 2.173913043478260809e-02 9.345794392523363789e-03 1.307189542483659823e-02 3.954495962253878338e-01
5.000000000000000000e-01 0.000000000000000000e+00 0.000000000000000000e+00 0.000000000000000000e+00 3.744186046511627786e-01
8.322981366459627495e-01 6.645962732919254989e-01 1.000000000000000000e+00 7.985074626865671377e-01 8.744186046511628341e-01
8.322981366459627495e-01 6.645962732919254989e-01 1.000000000000000000e+00 7.985074626865671377e-01 8.744186046511628341e-01
5.239616613418530688e-01 6.250000000000000000e-02 2.803738317757009310e-02 3.870967741935483347e-02 4.047953906179112549e-01
