8.427672955974843116e-01 6.815286624203821253e-01 1.000000000000000000e+00 8.106060606060605522e-01 8.815165876777251164e-01
6.623794212218649946e-01 5.113636363636363535e-01 4.205607476635513930e-01 4.615384615384615086e-01 6.048882169690306121e-01
8.786885245901638886e-01 7.430555555555555802e-01 1.000000000000000000e+00 8.525896414342629681e-01 9.065656565656565746e-01
5.000000000000000000e-01 0.000000000000000000e+00 0.000000000000000000e+00 0.000000000000000000e+00 3.744186046511627786e-01
5.000000000000000000e-01 0.000000000000000000e+00 0.000000000000000000e+00 0.000000000000000000e+00 3.744186046511627786e-01
8.933333333333333126e-01 7.697841726618704916e-01 1.000000000000000000e+00 8.699186991869918284e-01 9.170984455958548498e-01
5.000000000000000000e-01 0.000000000000000000e+00 0.000000000000000000e+00 0.000000000000000000e+00 3.744186046511627786e-01
5.000000000000000000e-01 0.000000000000000000e+00 0.000000000000000000e+00 0.000000000000000000e+00 3.744186046511627786e-01
5.522875816993464415e-01 1.739130434782608647e-01 7.476635514018691031e-02 1.045751633986927859e-01 4.419057906354201259e-01
5.000000000000000000e-01 0.000000000000000000e+00 0.000000000000000000e+00 0.000000000000000000e+00 3.744186046511627786e-01
5.000000000000000000e-01 0.000000000000000000e+00 0.000000000000000000e+00 0.000000000000000000e+00 3.744186046511627786e-01
7.973856209150327334e-01 6.859504132231405427e-01 7.757009345794392274e-01 7.280701754385964231e-01 7.923730803550462776e-01
8.701298701298700866e-01 7.278911564625850650e-01 1.000000000000000000e+00 8.425196850393700254e-01 9.004975124378109541e-01
8.427672955974843116e-01 6.815286624203821253e-01 1.000000000000000000e+00 8.106060606060605522e-01 8.815165876777251164e-01
5.175718849840255098e-01 2.173913043478260809e-02 9.345794392523363789e-03 1.307189542483659823e-02 3.954495962253878338e-01
8.427672955974843116e-01 6.815286624203821253e-01 1.000000000000000000e+00 8.106060606060605522e-01 8.815165876777251164e-01
8.427672955974843116e-01 6.815286624203821253e-01 1.000000000000000000e+00 8.106060606060605522e-01 8.815165876777251164e-01
8.427672955974843116e-01 6.815286624203821253e-01 1.000000000000000000e+00 8.106060606060605522e-01 8.815165876777251164e-01
8.507936507936507686e-01 6.948051948051947591e-01 1.000000000000000000e+00 8.199233716475095024e-01 8.870192307692308376e-01
5.000000000000000000e-01 0.000000000000000000e+00 0.000000000000000000e+00 0.000000000000000000e+00 3.744186046511627786e-01
8.903654485049833367e-01 7.642857142857142350e-01 1.000000000000000000e+00 8.663967611336031993e-01 9.149484536082473918e-01
5.000000000000000000e-01 0.000000000000000000e+00 0.000000000000000000e+00 0.000000000000000000e+00 3.744186046511627786e-01
5.397350993377483253e-01 5.555555555555555247e-02 1.869158878504672758e-02 2.797202797202797200e-02 4.221663072130361627e-01
5.000000000000000000e-01 0.000000000000000000e+00 0.000000000000000000e+00 0.000000000000000000e+00 3.744186046511627786e-01
8.427672955974843116e-01 6.815286624203821253e-01 1.000000000000000000e+00 8.106060606060605522e-01 8.815165876777251164e-01
5.175718849840255098e-01 2.173913043478260809e-02 9.345794392523363789e-03 1.307189542483659823e-02 3.954495962253878338e-01
5.686900958466453160e-01 2.741935483870967527e-01 1.588785046728971861e-01 2.011834319526626946e-01 4.702159513655747580e-01
5.000000000000000000e-01 0.000000000000000000e+00 0.000000000000000000e+00 0.000000000000000000e+00 3.744186046511627786e-01
5.623003194888178680e-01 2.500000000000000000e-01 1.401869158878504551e-01 1.796407185628742242e-01 4.608701569730513925e-01
8.535031847133758287e-01 6.993464052287581278e-01 1.000000000000000000e+00 8.230769230769230393e-01 8.888888888888888395e-01
5.126582278481012223e-01 2.040816326530612082e-02 9.345794392523363789e-03 1.282051282051282180e-02 3.898403613110942301e-01
5.718849840255590955e-01 2.857142857142856984e-01 1.682242990654205517e-01 2.117647058823529105e-01 4.748888485618364963e-01
5.175718849840255098e-01 2.173913043478260809e-02 9.345794392523363789e-03 1.307189542483659823e-02 3.954495962253878338e-01
5.000000000000000000e-01 0.000000000000000000e+00 0.000000000000000000e+00 0.000000000000000000e+00 3.744186046511627786e-01
5.000000000000000000e-01 0.000000000000000000e+00 0.000000000000000000e+00 0.000000000000000000e+00 3.744186046511627786e-01
8.701298701298700866e-01 7.278911564625850650e-01 1.000000000000000000e+00 8.425196850393700254e-01 9.004975124378109541e-01
8.617363344051447438e-01 7.133333333333333748e-01 1.000000000000000000e+00 8.326848249027237747e-01 8.946078431372548323e-01
