5.248447204968944568e-01 0.000000000000000000e+00 0.000000000000000000e+00 0.000000000000000000e+00 3.930232558139534760e-01
8.789808917197452498e-01 7.379310344827586521e-01 1.000000000000000000e+00 8.492063492063492980e-01 9.082125603864733554e-01
8.032786885245901676e-01 7.238095238095237915e-01 7.102803738317756688e-01 7.169811320754716499e-01 7.819078636835646856e-01
5.769230769230768718e-01 2.340425531914893664e-01 1.028037383177570069e-01 1.428571428571428492e-01 4.635969911100980001e-01
5.248447204968944568e-01 0.000000000000000000e+00 0.000000000000000000e+00 0.000000000000000000e+00 3.930232558139534760e-01
5.629139072847682002e-01 3.703703703703703498e-02 9.345794392523363789e-03 1.492537313432835792e-02 4.380062305295949754e-01
5.248447204968944568e-01 0.000000000000000000e+00 0.000000000000000000e+00 0.000000000000000000e+00 3.930232558139534760e-01
5.248447204968944568e-01 0.000000000000000000e+00 0.000000000000000000e+00 0.000000000000000000e+00 3.930232558139534760e-01
8.817891373801917121e-01 7.430555555555555802e-01 1.000000000000000000e+00 8.525896414342629681e-01 9.101941747572814823e-01
8.403908794788274017e-01 7.416666666666666963e-01 8.317757009345794206e-01 7.841409691629955825e-01 8.383878504672896970e-01
5.606557377049180557e-01 6.451612903225806273e-02 1.869158878504672758e-02 2.898550724637680501e-02 4.361134711602001612e-01
9.194630872483221529e-01 8.267716535433070613e-01 9.813084112149532690e-01 8.974358974358973562e-01 9.330625825708274146e-01
8.471337579617834734e-01 7.185185185185185563e-01 9.065420560747663448e-01 8.016528925619835766e-01 8.614835884238565278e-01
5.448717948717948234e-01 2.702702702702702853e-02 9.345794392523363789e-03 1.388888888888888638e-02 4.168680191474811725e-01
8.679245283018868218e-01 7.181208053691274795e-01 1.000000000000000000e+00 8.359375000000000000e-01 9.004739336492890711e-01
5.248447204968944568e-01 0.000000000000000000e+00 0.000000000000000000e+00 0.000000000000000000e+00 3.930232558139534760e-01
5.248447204968944568e-01 0.000000000000000000e+00 0.000000000000000000e+00 0.000000000000000000e+00 3.930232558139534760e-01
5.448717948717948234e-01 2.702702702702702853e-02 9.345794392523363789e-03 1.388888888888888638e-02 4.168680191474811725e-01
8.269230769230768718e-01 7.119999999999999662e-01 8.317757009345794206e-01 7.672413793103447510e-01 8.280829724185092555e-01
8.990228013029315512e-01 7.753623188405797118e-01 1.000000000000000000e+00 8.734693877551020780e-01 9.224999999999999867e-01
8.789808917197452498e-01 7.379310344827586521e-01 1.000000000000000000e+00 8.492063492063492980e-01 9.082125603864733554e-01
5.248447204968944568e-01 0.000000000000000000e+00 0.000000000000000000e+00 0.000000000000000000e+00 3.930232558139534760e-01
5.248447204968944568e-01 0.000000000000000000e+00 0.000000000000000000e+00 0.000000000000000000e+00 3.930232558139534760e-01
5.411392405063291111e-01 4.761904761904761640e-02 1.869158878504672758e-02 2.684563758389261340e-02 4.136520144882171457e-01
5.448717948717948234e-01 2.702702702702702853e-02 9.345794392523363789e-03 1.388888888888888638e-02 4.168680191474811725e-01
8.679245283018868218e-01 7.181208053691274795e-01 1.000000000000000000e+00 8.359375000000000000e-01 9.004739336492890711e-01
5.248447204968944568e-01 0.000000000000000000e+00 0.000000000000000000e+00 0.000000000000000000e+00 3.930232558139534760e-01
5.248447204968944568e-01 0.000000000000000000e+00 0.000000000000000000e+00 0.000000000000000000e+00 3.930232558139534760e-01
5.329153605015674033e-01 2.272727272727272790e-02 9.345794392523363789e-03 1.324503311258277971e-02 4.032578028566390360e-01
8.874598070739549982e-01 7.535211267605633756e-01 1.000000000000000000e+00 8.594377510040159818e-01 9.142156862745097756e-01
5.248447204968944568e-01 0.000000000000000000e+00 0.000000000000000000e+00 0.000000000000000000e+00 3.930232558139534760e-01
5.248447204968944568e-01 0.000000000000000000e+00 0.000000000000000000e+00 0.000000000000000000e+00 3.930232558139534760e-01
8.846153846153845812e-01 7.482517482517482277e-01 1.000000000000000000e+00 8.559999999999999831e-01 9.121951219512195452e-01
8.932038834951456785e-01 7.642857142857142350e-01 1.000000000000000000e+00 8.663967611336031993e-01 9.183168316831682443e-01
5.248447204968944568e-01 0.000000000000000000e+00 0.000000000000000000e+00 0.000000000000000000e+00 3.930232558139534760e-01
5.396825396825396526e-01 2.500000000000000139e-02 9.345794392523363789e-03 1.360544217687074606e-02 4.109228971962616828e-01
8.932038834951456785e-01 7.642857142857142350e-01 1.000000000000000000e+00 8.663967611336031993e-01 9.183168316831682443e-01
