8.652037617554858562e-01 7.133333333333333748e-01 1.000000000000000000e+00 8.326848249027237747e-01 8.985849056603774088e-01
7.837837837837837718e-01 7.590361445783132543e-01 5.887850467289719170e-01 6.631578947368420573e-01 7.414824704544330514e-01
8.706624605678233708e-01 7.229729729729730270e-01 1.000000000000000000e+00 8.392156862745098200e-01 9.023809523809523947e-01
5.248447204968944568e-01 0.000000000000000000e+00 0.000000000000000000e+00 0.000000000000000000e+00 3.930232558139534760e-01
5.248447204968944568e-01 0.000000000000000000e+00 0.000000000000000000e+00 0.000000000000000000e+00 3.930232558139534760e-01
9.049180327868852070e-01 7.867647058823529216e-01 1.000000000000000000e+00 8.806584362139917577e-01 9.267676767676767957e-01
5.248447204968944568e-01 0.000000000000000000e+00 0.000000000000000000e+00 0.000000000000000000e+00 3.930232558139534760e-01
5.448717948717948234e-01 2.702702702702702853e-02 9.345794392523363789e-03 1.388888888888888638e-02 4.168680191474811725e-01
6.237623762376237613e-01 4.255319148936170248e-01 1.869158878504672827e-01 2.597402597402597713e-01 5.245803929048254988e-01
5.537459283387622389e-01 3.125000000000000000e-02 9.345794392523363789e-03 1.438848920863309254e-02 4.271728971962616139e-01
5.248447204968944568e-01 0.000000000000000000e+00 0.000000000000000000e+00 0.000000000000000000e+00 3.930232558139534760e-01
6.045016077170417557e-01 3.518518518518518601e-01 1.775700934579439172e-01 2.360248447204968680e-01 5.030007330034816926e-01
8.031249999999999778e-01 6.666666666666666297e-01 8.224299065420560551e-01 7.364016736401672869e-01 8.079285682945023250e-01
8.817891373801917121e-01 7.430555555555555802e-01 1.000000000000000000e+00 8.525896414342629681e-01 9.101941747572814823e-01
5.248447204968944568e-01 0.000000000000000000e+00 0.000000000000000000e+00 0.000000000000000000e+00 3.930232558139534760e-01
8.846153846153845812e-01 7.482517482517482277e-01 1.000000000000000000e+00 8.559999999999999831e-01 9.121951219512195452e-01
9.019607843137255054e-01 7.810218978102190235e-01 1.000000000000000000e+00 8.770491803278688270e-01 9.246231155778894539e-01
8.817891373801917121e-01 7.430555555555555802e-01 1.000000000000000000e+00 8.525896414342629681e-01 9.101941747572814823e-01
8.846153846153845812e-01 7.482517482517482277e-01 1.000000000000000000e+00 8.559999999999999831e-01 9.121951219512195452e-01
5.610561056105610733e-01 3.571428571428571230e-02 9.345794392523363789e-03 1.481481481481481191e-02 4.357953461758534708e-01
7.342192691029900686e-01 6.753246753246753276e-01 4.859813084112149517e-01 5.652173913043477826e-01 6.785576645148858610e-01
5.602605863192182678e-01 8.823529411764706454e-02 2.803738317757009310e-02 4.255319148936170109e-02 4.365186915887849795e-01
5.248447204968944568e-01 0.000000000000000000e+00 0.000000000000000000e+00 0.000000000000000000e+00 3.930232558139534760e-01
5.396825396825396526e-01 2.500000000000000139e-02 9.345794392523363789e-03 1.360544217687074606e-02 4.109228971962616828e-01
8.817891373801917121e-01 7.430555555555555802e-01 1.000000000000000000e+00 8.525896414342629681e-01 9.101941747572814823e-01
5.248447204968944568e-01 0.000000000000000000e+00 0.000000000000000000e+00 0.000000000000000000e+00 3.930232558139534760e-01
5.329153605015674033e-01 2.272727272727272790e-02 9.345794392523363789e-03 1.324503311258277971e-02 4.032578028566390360e-01
5.248447204968944568e-01 0.000000000000000000e+00 0.000000000000000000e+00 0.000000000000000000e+00 3.930232558139534760e-01
5.501618122977346426e-01 2.941176470588235253e-02 9.345794392523363789e-03 1.418439716312056530e-02 4.229897288794299826e-01
8.634920634920635329e-01 7.253521126760563709e-01 9.626168224299065379e-01 8.273092369477912378e-01 8.875584112149532690e-01
5.248447204968944568e-01 0.000000000000000000e+00 0.000000000000000000e+00 0.000000000000000000e+00 3.930232558139534760e-01
6.156351791530945139e-01 3.921568627450980338e-01 1.869158878504672827e-01 2.531645569620253333e-01 5.159579439252336419e-01
5.537459283387622389e-01 3.125000000000000000e-02 9.345794392523363789e-03 1.438848920863309254e-02 4.271728971962616139e-01
5.248447204968944568e-01 0.000000000000000000e+00 0.000000000000000000e+00 0.000000000000000000e+00 3.930232558139534760e-01
5.645161290322581182e-01 1.499999999999999944e-01 5.607476635514018620e-02 8.163265306122449716e-02 4.442935408130380681e-01
8.761904761904761862e-01 7.328767123287671659e-01 1.000000000000000000e+00 8.458498023715415037e-01 9.062500000000000000e-01
8.817891373801917121e-01 7.430555555555555802e-01 1.000000000000000000e+00 8.525896414342629681e-01 9.101941747572814823e-01
