5.929487179487179516e-01 2.222222222222222099e-01 7.476635514018691031e-02 1.118881118881118880e-01 4.690904946432641887e-01
9.031249999999999556e-01 7.753623188405797118e-01 1.000000000000000000e+00 8.734693877551020780e-01 9.272300469483567564e-01
4.790874524714828775e-01 0.000000000000000000e+00 0.000000000000000000e+00 0.000000000000000000e+00 4.038461538461538547e-01
7.170418006430868685e-01 6.202531645569620000e-01 4.579439252336448551e-01 5.268817204301076140e-01 6.554425508521164456e-01
5.888157894736841813e-01 3.043478260869565410e-01 1.308411214953270896e-01 1.830065359477123788e-01 4.842022866359884103e-01
9.183006535947711990e-01 8.106060606060605522e-01 1.000000000000000000e+00 8.953974895397489586e-01 9.371859296482412116e-01
4.819277108433734913e-01 0.000000000000000000e+00 0.000000000000000000e+00 0.000000000000000000e+00 4.225352112676056260e-01
8.964401294498381967e-01 7.777777777777777901e-01 9.813084112149532690e-01 8.677685950413221994e-01 9.163967798649023111e-01
9.028213166144201107e-01 7.753623188405797118e-01 1.000000000000000000e+00 8.734693877551020780e-01 9.268867924528301216e-01
6.748251748251747895e-01 6.206896551724138122e-01 3.364485981308411033e-01 4.363636363636363980e-01 6.067717850989401418e-01
8.874598070739549982e-01 7.903225806451612545e-01 9.158878504672897103e-01 8.484848484848483974e-01 8.942184350375663726e-01
9.134615384615384359e-01 7.985074626865671377e-01 1.000000000000000000e+00 8.879668049792530660e-01 9.341463414634145757e-01
5.598705501618123082e-01 0.000000000000000000e+00 0.000000000000000000e+00 0.000000000000000000e+00 4.282178217821782096e-01
6.544850498338870004e-01 5.263157894736841813e-01 2.803738317757009102e-01 3.658536585365854132e-01 5.705992870218711266e-01
8.975155279503105321e-01 7.642857142857142350e-01 1.000000000000000000e+00 8.663967611336031993e-01 9.232558139534884356e-01
5.241379310344828069e-01 0.000000000000000000e+00 0.000000000000000000e+00 0.000000000000000000e+00 4.153005464480874487e-01
5.018450184501844769e-01 6.250000000000000000e-02 1.869158878504672758e-02 2.877697841726618508e-02 4.178823797583770538e-01
8.113207547169811740e-01 7.196261682242990343e-01 7.196261682242990343e-01 7.196261682242989233e-01 7.887230367187845204e-01
5.239726027397260122e-01 0.000000000000000000e+00 0.000000000000000000e+00 0.000000000000000000e+00 4.135135135135135087e-01
5.344827586206896131e-01 0.000000000000000000e+00 0.000000000000000000e+00 0.000000000000000000e+00 4.234972677595628676e-01
6.581469648562300323e-01 5.000000000000000000e-01 2.803738317757009102e-01 3.592814371257484485e-01 5.673713819072679909e-01
4.790874524714828775e-01 0.000000000000000000e+00 0.000000000000000000e+00 0.000000000000000000e+00 4.038461538461538547e-01
5.104895104895105229e-01 0.000000000000000000e+00 0.000000000000000000e+00 0.000000000000000000e+00 4.078212290502793436e-01
6.613418530351438118e-01 5.098039215686274161e-01 2.429906542056074759e-01 3.291139240506328889e-01 5.608157154523183419e-01
6.544850498338870004e-01 5.263157894736841813e-01 2.803738317757009102e-01 3.658536585365854132e-01 5.705992870218711266e-01
8.975155279503105321e-01 7.642857142857142350e-01 1.000000000000000000e+00 8.663967611336031993e-01 9.232558139534884356e-01
4.927007299270073082e-01 0.000000000000000000e+00 0.000000000000000000e+00 0.000000000000000000e+00 4.041916167664670878e-01
6.045016077170417557e-01 3.095238095238095344e-01 1.214953271028037379e-01 1.744966442953020114e-01 4.896692321788528313e-01
5.954692556634304523e-01 2.750000000000000222e-01 1.028037383177570069e-01 1.496598639455782309e-01 4.796196909410566644e-01
9.059561128526645302e-01 7.810218978102190235e-01 1.000000000000000000e+00 8.770491803278688270e-01 9.292452830188679958e-01
4.945454545454545658e-01 0.000000000000000000e+00 0.000000000000000000e+00 0.000000000000000000e+00 4.047619047619047672e-01
4.326530612244898211e-01 0.000000000000000000e+00 0.000000000000000000e+00 0.000000000000000000e+00 3.840579710144927383e-01
9.031249999999999556e-01 7.753623188405797118e-01 1.000000000000000000e+00 8.734693877551020780e-01 9.272300469483567564e-01
6.166134185303514537e-01 3.617021276595744905e-01 1.588785046728971861e-01 2.207792207792207972e-01 5.066237183558660595e-01
4.784313725490196290e-01 0.000000000000000000e+00 0.000000000000000000e+00 0.000000000000000000e+00 4.121621621621621712e-01
4.887218045112781684e-01 0.000000000000000000e+00 0.000000000000000000e+00 0.000000000000000000e+00 4.088050314465409008e-01
8.975155279503105321e-01 7.642857142857142350e-01 1.000000000000000000e+00 8.663967611336031993e-01 9.232558139534884356e-01
