5.185185185185184897e-01 1.891891891891891997e-01 6.542056074766354479e-02 9.722222222222220989e-02 4.406857404965310865e-01
7.301587301587301182e-01 6.341463414634146423e-01 4.859813084112149517e-01 5.502645502645502340e-01 6.708752695902229224e-01
5.304659498207885404e-01 1.666666666666666574e-01 5.607476635514018620e-02 8.391608391608390560e-02 4.408280808519887128e-01
9.085173501577287203e-01 7.867647058823529216e-01 1.000000000000000000e+00 8.806584362139917577e-01 9.309523809523809756e-01
4.400000000000000022e-01 0.000000000000000000e+00 0.000000000000000000e+00 0.000000000000000000e+00 3.846153846153845812e-01
5.669781931464173974e-01 0.000000000000000000e+00 0.000000000000000000e+00 0.000000000000000000e+00 4.252336448598130758e-01
7.745098039215686514e-01 7.435897435897436125e-01 5.420560747663550893e-01 6.270270270270270618e-01 7.207767811017704584e-01
5.054151624548736121e-01 0.000000000000000000e+00 0.000000000000000000e+00 0.000000000000000000e+00 4.117647058823529216e-01
4.615384615384615641e-01 0.000000000000000000e+00 0.000000000000000000e+00 0.000000000000000000e+00 3.921568627450980338e-01
5.272727272727272263e-01 1.290322580645161255e-01 3.738317757009345516e-02 5.797101449275361001e-02 4.383344459279038818e-01
4.827586206896551935e-01 0.000000000000000000e+00 0.000000000000000000e+00 0.000000000000000000e+00 4.090909090909090606e-01
5.317725752508360992e-01 0.000000000000000000e+00 0.000000000000000000e+00 0.000000000000000000e+00 4.140625000000000000e-01
5.641025641025640969e-01 0.000000000000000000e+00 0.000000000000000000e+00 0.000000000000000000e+00 4.292682926829268220e-01
5.057471264367816577e-01 2.105263157894736725e-01 7.476635514018691031e-02 1.103448275862068950e-01 4.399805801674960826e-01
8.975155279503105321e-01 7.642857142857142350e-01 1.000000000000000000e+00 8.663967611336031993e-01 9.232558139534884356e-01
5.221843003412969253e-01 0.000000000000000000e+00 0.000000000000000000e+00 0.000000000000000000e+00 4.112903225806451291e-01
9.031249999999999556e-01 7.753623188405797118e-01 1.000000000000000000e+00 8.734693877551020780e-01 9.272300469483567564e-01
8.975155279503105321e-01 7.642857142857142350e-01 1.000000000000000000e+00 8.663967611336031993e-01 9.232558139534884356e-01
5.782312925170067786e-01 2.820512820512820484e-01 1.028037383177570069e-01 1.506849315068493067e-01 4.765355589984506812e-01
5.104895104895105229e-01 0.000000000000000000e+00 0.000000000000000000e+00 0.000000000000000000e+00 4.078212290502793436e-01
5.830721003134796687e-01 1.578947368421052544e-01 5.607476635514018620e-02 8.275862068965517127e-02 4.525656850643625662e-01
9.085173501577287203e-01 7.867647058823529216e-01 1.000000000000000000e+00 8.806584362139917577e-01 9.309523809523809756e-01
5.172413793103448620e-01 0.000000000000000000e+00 0.000000000000000000e+00 0.000000000000000000e+00 4.098360655737705027e-01
5.959595959595959114e-01 3.333333333333333148e-01 1.214953271028037379e-01 1.780821917808219079e-01 4.923266109198228824e-01
5.057471264367816577e-01 2.105263157894736725e-01 7.476635514018691031e-02 1.103448275862068950e-01 4.399805801674960826e-01
8.975155279503105321e-01 7.642857142857142350e-01 1.000000000000000000e+00 8.663967611336031993e-01 9.232558139534884356e-01
7.891373801916933273e-01 7.157894736842105310e-01 6.355140186915887446e-01 6.732673267326731992e-01 7.522230287632701851e-01
4.795539033457248967e-01 0.000000000000000000e+00 0.000000000000000000e+00 0.000000000000000000e+00 3.981481481481481399e-01
4.982078853046594813e-01 0.000000000000000000e+00 0.000000000000000000e+00 0.000000000000000000e+00 4.040697674418604612e-01
5.608108108108108558e-01 2.325581395348837177e-01 9.345794392523364136e-02 1.333333333333333315e-01 4.594273846610295031e-01
5.526315789473684736e-01 0.000000000000000000e+00 0.000000000000000000e+00 0.000000000000000000e+00 4.263959390862944177e-01
5.806451612903226200e-01 0.000000000000000000e+00 0.000000000000000000e+00 0.000000000000000000e+00 4.433497536945812945e-01
4.927536231884058204e-01 0.000000000000000000e+00 0.000000000000000000e+00 0.000000000000000000e+00 4.023668639053254448e-01
8.327974276527331243e-01 7.522935779816514179e-01 7.663551401869158619e-01 7.592592592592593004e-01 8.170010995052225944e-01
8.975155279503105321e-01 7.642857142857142350e-01 1.000000000000000000e+00 8.663967611336031993e-01 9.232558139534884356e-01
8.975155279503105321e-01 7.642857142857142350e-01 1.000000000000000000e+00 8.663967611336031993e-01 9.232558139534884356e-01
6.773162939297124874e-01 5.468750000000000000e-01 3.271028037383177378e-01 4.093567251461988632e-01 5.931630523545957656e-01
