8.975155279503105321e-01 7.642857142857142350e-01 1.000000000000000000e+00 8.663967611336031993e-01 9.232558139534884356e-01
6.072607260726072820e-01 3.695652173913043237e-01 1.588785046728971861e-01 2.222222222222221821e-01 5.054596604997139142e-01
9.031249999999999556e-01 7.753623188405797118e-01 1.000000000000000000e+00 8.734693877551020780e-01 9.272300469483567564e-01
5.312500000000000000e-01 0.000000000000000000e+00 0.000000000000000000e+00 0.000000000000000000e+00 4.226519337016574340e-01
6.942675159235668358e-01 5.846153846153846478e-01 3.551401869158878344e-01 4.418604651162790775e-01 6.123527021535961623e-01
8.975155279503105321e-01 7.642857142857142350e-01 1.000000000000000000e+00 8.663967611336031993e-01 9.232558139534884356e-01
5.463576158940397498e-01 0.000000000000000000e+00 0.000000000000000000e+00 0.000000000000000000e+00 4.230769230769230727e-01
5.254237288135593653e-01 0.000000000000000000e+00 0.000000000000000000e+00 0.000000000000000000e+00 4.122340425531915153e-01
5.980707395498392476e-01 2.750000000000000222e-01 1.028037383177570069e-01 1.496598639455782309e-01 4.803234377863294657e-01
7.245901639344262124e-01 6.533333333333333215e-01 4.579439252336448551e-01 5.384615384615385469e-01 6.633153969602567646e-01
5.494880546075084915e-01 0.000000000000000000e+00 0.000000000000000000e+00 0.000000000000000000e+00 4.327956989247311870e-01
6.634304207119741115e-01 5.294117647058823595e-01 2.523364485981308136e-01 3.417721518987341667e-01 5.667622837050059204e-01
5.863192182410423836e-01 0.000000000000000000e+00 0.000000000000000000e+00 0.000000000000000000e+00 4.500000000000000111e-01
9.161290322580645240e-01 8.045112781954887327e-01 1.000000000000000000e+00 8.916666666666667185e-01 9.359605911330048933e-01
5.779220779220779480e-01 1.714285714285714302e-01 5.607476635514018620e-02 8.450704225352112520e-02 4.558980796949830272e-01
6.372239747634069751e-01 4.310344827586206629e-01 2.336448598130841103e-01 3.030303030303029832e-01 5.382510013351134992e-01
5.816993464052288010e-01 0.000000000000000000e+00 0.000000000000000000e+00 0.000000000000000000e+00 4.472361809045226066e-01
8.975155279503105321e-01 7.642857142857142350e-01 1.000000000000000000e+00 8.663967611336031993e-01 9.232558139534884356e-01
6.593059936908517438e-01 4.920634920634920362e-01 2.897196261682242757e-01 3.647058823529411020e-01 5.686693368936359683e-01
4.832713754646840165e-01 0.000000000000000000e+00 0.000000000000000000e+00 0.000000000000000000e+00 4.012345679012345734e-01
9.105431309904152837e-01 8.015267175572519109e-01 9.813084112149532690e-01 8.823529411764705621e-01 9.275474094909718081e-01
5.770491803278688936e-01 0.000000000000000000e+00 0.000000000000000000e+00 0.000000000000000000e+00 4.444444444444444198e-01
5.791245791245791530e-01 2.000000000000000111e-01 5.607476635514018620e-02 8.759124087591241281e-02 4.648794884407280170e-01
5.226480836236934158e-01 0.000000000000000000e+00 0.000000000000000000e+00 0.000000000000000000e+00 4.166666666666666852e-01
9.161290322580645240e-01 8.045112781954887327e-01 1.000000000000000000e+00 8.916666666666667185e-01 9.359605911330048933e-01
5.779220779220779480e-01 1.714285714285714302e-01 5.607476635514018620e-02 8.450704225352112520e-02 4.558980796949830272e-01
5.537459283387622389e-01 0.000000000000000000e+00 0.000000000000000000e+00 0.000000000000000000e+00 4.249999999999999889e-01
5.405405405405405705e-01 0.000000000000000000e+00 0.000000000000000000e+00 0.000000000000000000e+00 4.232804232804232569e-01
5.445544554455445940e-01 0.000000000000000000e+00 0.000000000000000000e+00 0.000000000000000000e+00 4.209183673469387710e-01
9.015873015873016039e-01 7.794117647058823595e-01 9.906542056074766345e-01 8.724279835390946758e-01 9.232117181883536805e-01
7.828947368421053099e-01 7.113402061855670366e-01 6.448598130841121101e-01 6.764705882352941568e-01 7.513639166943403280e-01
8.366013071895425091e-01 7.714285714285714635e-01 7.570093457943924964e-01 7.641509433962263564e-01 8.182031653595077669e-01
5.631067961165048263e-01 0.000000000000000000e+00 0.000000000000000000e+00 0.000000000000000000e+00 4.306930693069306870e-01
5.035460992907800915e-01 0.000000000000000000e+00 0.000000000000000000e+00 0.000000000000000000e+00 4.057142857142856940e-01
5.364963503649634591e-01 0.000000000000000000e+00 0.000000000000000000e+00 0.000000000000000000e+00 4.401197604790418882e-01
8.975155279503105321e-01 7.642857142857142350e-01 1.000000000000000000e+00 8.663967611336031993e-01 9.232558139534884356e-01
5.765472312703583402e-01 0.000000000000000000e+00 0.000000000000000000e+00 0.000000000000000000e+00 4.425000000000000044e-01
