5.864406779661016644e-01 5.882352941176470507e-02 9.345794392523363789e-03 1.612903225806451221e-02 4.621197057068999192e-01
5.530546623794212469e-01 0.000000000000000000e+00 0.000000000000000000e+00 0.000000000000000000e+00 4.215686274509803932e-01
5.986159169550172576e-01 9.090909090909091161e-02 9.345794392523363789e-03 1.694915254237287783e-02 4.772003697237341413e-01
7.009966777408638272e-01 6.393442622950820109e-01 3.644859813084111999e-01 4.642857142857143016e-01 6.255419597263705001e-01
8.857142857142856762e-01 7.482517482517482277e-01 1.000000000000000000e+00 8.559999999999999831e-01 9.134615384615384359e-01
6.689189189189189699e-01 6.046511627906976383e-01 2.429906542056074759e-01 3.466666666666666785e-01 5.765217821292586420e-01
8.857142857142856762e-01 7.482517482517482277e-01 1.000000000000000000e+00 8.559999999999999831e-01 9.134615384615384359e-01
6.046511627906976383e-01 3.125000000000000000e-01 9.345794392523364136e-02 1.438848920863309289e-01 4.900279410347817555e-01
5.742574257425742124e-01 7.692307692307692735e-02 1.869158878504672758e-02 3.007518796992481036e-02 4.481213045966049857e-01
8.486842105263158187e-01 7.747747747747747438e-01 8.037383177570093240e-01 7.889908256880734383e-01 8.384173822287583899e-01
5.653594771241829964e-01 3.571428571428571230e-02 9.345794392523363789e-03 1.481481481481481191e-02 4.368337012163621691e-01
9.177631578947368363e-01 8.106060606060605522e-01 1.000000000000000000e+00 8.953974895397489586e-01 9.365482233502537834e-01
5.999999999999999778e-01 1.538461538461538547e-01 1.869158878504672758e-02 3.333333333333333287e-02 4.792911495837802183e-01
6.744186046511627675e-01 5.849056603773584717e-01 2.897196261682242757e-01 3.874999999999999556e-01 5.881587821562770380e-01
8.773584905660377631e-01 7.328767123287671659e-01 1.000000000000000000e+00 8.458498023715415037e-01 9.075829383886255819e-01
5.958904109589041598e-01 1.333333333333333315e-01 1.869158878504672758e-02 3.278688524590163411e-02 4.742106592573882562e-01
8.885350318471337827e-01 7.535211267605633756e-01 1.000000000000000000e+00 8.594377510040159818e-01 9.154589371980677015e-01
6.431095406360424205e-01 7.142857142857143016e-01 9.345794392523364136e-02 1.652892561983470843e-01 5.353653355989804741e-01
5.709570957095709831e-01 4.000000000000000083e-02 9.345794392523363789e-03 1.515151515151515020e-02 4.434484074003432474e-01
5.780730897009966895e-01 8.333333333333332871e-02 1.869158878504672758e-02 3.053435114503816328e-02 4.526447634646882934e-01
8.885350318471337827e-01 7.535211267605633756e-01 1.000000000000000000e+00 8.594377510040159818e-01 9.154589371980677015e-01
8.548387096774193727e-01 7.500000000000000000e-01 8.691588785046728827e-01 8.051948051948051299e-01 8.582247594493807030e-01
5.530546623794212469e-01 0.000000000000000000e+00 0.000000000000000000e+00 0.000000000000000000e+00 4.215686274509803932e-01
5.728476821192053370e-01 4.166666666666666435e-02 9.345794392523363789e-03 1.526717557251908164e-02 4.456985382219026404e-01
6.744186046511627675e-01 5.849056603773584717e-01 2.897196261682242757e-01 3.874999999999999556e-01 5.881587821562770380e-01
8.773584905660377631e-01 7.328767123287671659e-01 1.000000000000000000e+00 8.458498023715415037e-01 9.075829383886255819e-01
5.932203389830508211e-01 1.578947368421052544e-01 2.803738317757009310e-02 4.761904761904762334e-02 4.714655000994232847e-01
8.849840255591053806e-01 7.553956834532373765e-01 9.813084112149532690e-01 8.536585365853659457e-01 9.081299337628163659e-01
5.709570957095709831e-01 4.000000000000000083e-02 9.345794392523363789e-03 1.515151515151515020e-02 4.434484074003432474e-01
5.858585858585858563e-01 1.000000000000000056e-01 1.869158878504672758e-02 3.149606299212597688e-02 4.619773733398918059e-01
5.898305084745762983e-01 1.111111111111111049e-01 1.869158878504672758e-02 3.200000000000000067e-02 4.667926029031616575e-01
9.177631578947368363e-01 8.106060606060605522e-01 1.000000000000000000e+00 8.953974895397489586e-01 9.365482233502537834e-01
5.747508305647840432e-01 4.347826086956521618e-02 9.345794392523363789e-03 1.538461538461538200e-02 4.479718662684265551e-01
6.140350877192982670e-01 3.333333333333333148e-01 2.803738317757009310e-02 5.172413793103448204e-02 4.971647590045153442e-01
8.801261829652996527e-01 7.379310344827586521e-01 1.000000000000000000e+00 8.492063492063492980e-01 9.095238095238095122e-01
8.801261829652996527e-01 7.379310344827586521e-01 1.000000000000000000e+00 8.492063492063492980e-01 9.095238095238095122e-01
8.800000000000000044e-01 8.141592920353982743e-01 8.598130841121495171e-01 8.363636363636363091e-01 8.755023969783546356e-01
