8.642384105960264629e-01 7.946428571428570953e-01 8.317757009345794206e-01 8.127853881278539472e-01 8.569134914929306124e-01
6.126760563380281299e-01 2.857142857142856984e-01 1.869158878504672758e-02 3.508771929824561209e-02 4.952215006072126502e-01
5.986159169550172576e-01 9.090909090909091161e-02 9.345794392523363789e-03 1.694915254237287783e-02 4.772003697237341413e-01
6.039603960396039417e-01 3.142857142857142794e-01 1.028037383177570069e-01 1.549295774647887203e-01 4.901773793629600751e-01
5.653594771241829964e-01 3.571428571428571230e-02 9.345794392523363789e-03 1.481481481481481191e-02 4.368337012163621691e-01
9.029126213592233441e-01 7.810218978102190235e-01 1.000000000000000000e+00 8.770491803278688270e-01 9.257425742574256766e-01
6.143344709897611278e-01 3.636363636363636465e-01 7.476635514018691031e-02 1.240310077519379689e-01 4.997487689679429024e-01
6.027874564459930751e-01 1.111111111111111049e-01 9.345794392523363789e-03 1.724137931034482735e-02 4.824506749740394285e-01
5.980066445182724566e-01 2.666666666666666630e-01 7.476635514018691031e-02 1.167883211678831940e-01 4.806821466422583899e-01
8.525641025641025328e-01 7.401574803149606474e-01 8.785046728971962482e-01 8.034188034188034511e-01 8.587645315705493276e-01
5.530546623794212469e-01 0.000000000000000000e+00 0.000000000000000000e+00 0.000000000000000000e+00 4.215686274509803932e-01
5.884353741496598511e-01 6.250000000000000000e-02 9.345794392523363789e-03 1.626016260162601451e-02 4.645659453246038795e-01
5.709570957095709831e-01 4.000000000000000083e-02 9.345794392523363789e-03 1.515151515151515020e-02 4.434484074003432474e-01
5.882352941176470784e-01 2.285714285714285643e-01 7.476635514018691031e-02 1.126760563380281577e-01 4.695439815901939484e-01
5.766666666666666607e-01 4.545454545454545581e-02 9.345794392523363789e-03 1.550387596899224611e-02 4.502687521185414488e-01
8.913738019169329396e-01 7.588652482269503396e-01 1.000000000000000000e+00 8.629032258064516236e-01 9.174757281553397315e-01
8.829113924050633333e-01 7.430555555555555802e-01 1.000000000000000000e+00 8.525896414342629681e-01 9.114832535885166731e-01
8.829113924050633333e-01 7.430555555555555802e-01 1.000000000000000000e+00 8.525896414342629681e-01 9.114832535885166731e-01
8.688524590163934080e-01 7.815126050420168058e-01 8.691588785046728827e-01 8.230088495575220708e-01 8.689228735957709171e-01
6.027874564459930751e-01 1.111111111111111049e-01 9.345794392523363789e-03 1.724137931034482735e-02 4.824506749740394285e-01
6.699346405228757684e-01 5.500000000000000444e-01 3.084112149532710068e-01 3.952095808383233599e-01 5.863664114967359620e-01
5.747508305647840432e-01 4.347826086956521618e-02 9.345794392523363789e-03 1.538461538461538200e-02 4.479718662684265551e-01
6.020761245674740580e-01 1.666666666666666574e-01 1.869158878504672758e-02 3.361344537815125905e-02 4.818732669199958796e-01
6.816608996539792464e-01 7.142857142857143016e-01 2.336448598130841103e-01 3.521126760563380031e-01 5.893499024340145276e-01
5.882352941176470784e-01 2.285714285714285643e-01 7.476635514018691031e-02 1.126760563380281577e-01 4.695439815901939484e-01
5.766666666666666607e-01 4.545454545454545581e-02 9.345794392523363789e-03 1.550387596899224611e-02 4.502687521185414488e-01
5.785953177257524560e-01 4.761904761904761640e-02 9.345794392523363789e-03 1.562499999999999827e-02 4.525895638629283124e-01
5.709570957095709831e-01 4.000000000000000083e-02 9.345794392523363789e-03 1.515151515151515020e-02 4.434484074003432474e-01
5.980392156862744946e-01 2.894736842105263275e-01 1.028037383177570069e-01 1.517241379310344807e-01 4.835626731789789412e-01
6.085526315789473450e-01 3.421052631578947456e-01 1.214953271028037379e-01 1.793103448275862044e-01 4.972958869016556038e-01
5.653594771241829964e-01 3.571428571428571230e-02 9.345794392523363789e-03 1.481481481481481191e-02 4.368337012163621691e-01
5.980066445182724566e-01 2.666666666666666630e-01 7.476635514018691031e-02 1.167883211678831940e-01 4.806821466422583899e-01
5.864406779661016644e-01 5.882352941176470507e-02 9.345794392523363789e-03 1.612903225806451221e-02 4.621197057068999192e-01
8.415841584158415545e-01 7.757009345794392274e-01 7.757009345794392274e-01 7.757009345794392274e-01 8.266259774938012894e-01
8.885245901639344801e-01 7.920000000000000373e-01 9.252336448598130758e-01 8.534482758620690612e-01 8.969602567733410137e-01
8.885350318471337827e-01 7.535211267605633756e-01 1.000000000000000000e+00 8.594377510040159818e-01 9.154589371980677015e-01
8.829113924050633333e-01 7.430555555555555802e-01 1.000000000000000000e+00 8.525896414342629681e-01 9.114832535885166731e-01
