5.945017182130584166e-01 7.692307692307692735e-02 9.345794392523363789e-03 1.666666666666666644e-02 4.720642015440877359e-01
8.913738019169329396e-01 7.588652482269503396e-01 1.000000000000000000e+00 8.629032258064516236e-01 9.174757281553397315e-01
8.971061093247588714e-01 7.697841726618704916e-01 1.000000000000000000e+00 8.699186991869918284e-01 9.215686274509804488e-01
8.417508417508418050e-01 8.125000000000000000e-01 7.289719626168223998e-01 7.684729064039408364e-01 8.171175602557796402e-01
5.709570957095709831e-01 4.000000000000000083e-02 9.345794392523363789e-03 1.515151515151515020e-02 4.434484074003432474e-01
6.608996539792387770e-01 6.551724137931034253e-01 1.775700934579439172e-01 2.794117647058823595e-01 5.613125192564444310e-01
5.824915824915825047e-01 5.263157894736841813e-02 9.345794392523363789e-03 1.587301587301587213e-02 4.573044761436301231e-01
6.891891891891891442e-01 6.530612244897958663e-01 2.990654205607476412e-01 4.102564102564102977e-01 6.045591653068288496e-01
9.177631578947368363e-01 8.106060606060605522e-01 1.000000000000000000e+00 8.953974895397489586e-01 9.365482233502537834e-01
7.324414715719063107e-01 7.014925373134328623e-01 4.392523364485981241e-01 5.402298850574712707e-01 6.675428348909656640e-01
5.833333333333333703e-01 1.250000000000000000e-01 2.803738317757009310e-02 4.580152671755725186e-02 4.596145465110648143e-01
9.029126213592233441e-01 7.810218978102190235e-01 1.000000000000000000e+00 8.770491803278688270e-01 9.257425742574256766e-01
7.946127946127946595e-01 7.804878048780488076e-01 5.981308411214952825e-01 6.772486772486772111e-01 7.516969995081160816e-01
6.875000000000000000e-01 7.428571428571428825e-01 2.429906542056074759e-01 3.661971830985915055e-01 5.966334486497650857e-01
8.801261829652996527e-01 7.379310344827586521e-01 1.000000000000000000e+00 8.492063492063492980e-01 9.095238095238095122e-01
6.452702702702702853e-01 5.277777777777777901e-01 1.775700934579439172e-01 2.657342657342657288e-01 5.438115017554269182e-01
5.844594594594594295e-01 5.555555555555555247e-02 9.345794392523363789e-03 1.600000000000000033e-02 4.596993522227166284e-01
5.775577557755775526e-01 1.111111111111111049e-01 2.803738317757009310e-02 4.477611940298507204e-02 4.527942017928666130e-01
6.712328767123287854e-01 6.486486486486486847e-01 2.242990654205607448e-01 3.333333333333333148e-01 5.770143975751452770e-01
8.913738019169329396e-01 7.588652482269503396e-01 1.000000000000000000e+00 8.629032258064516236e-01 9.174757281553397315e-01
8.942307692307692735e-01 7.642857142857142350e-01 1.000000000000000000e+00 8.663967611336031993e-01 9.195121951219511480e-01
5.709570957095709831e-01 4.000000000000000083e-02 9.345794392523363789e-03 1.515151515151515020e-02 4.434484074003432474e-01
5.898305084745762983e-01 1.111111111111111049e-01 1.869158878504672758e-02 3.200000000000000067e-02 4.667926029031616575e-01
5.960264900662252119e-01 2.580645161290322509e-01 7.476635514018691031e-02 1.159420289855072200e-01 4.784088185957344752e-01
6.875000000000000000e-01 7.428571428571428825e-01 2.429906542056074759e-01 3.661971830985915055e-01 5.966334486497650857e-01
8.801261829652996527e-01 7.379310344827586521e-01 1.000000000000000000e+00 8.492063492063492980e-01 9.095238095238095122e-01
5.672131147540984131e-01 3.703703703703703498e-02 9.345794392523363789e-03 1.492537313432835792e-02 4.390163315396959920e-01
5.747508305647840432e-01 4.347826086956521618e-02 9.345794392523363789e-03 1.538461538461538200e-02 4.479718662684265551e-01
5.653594771241829964e-01 3.571428571428571230e-02 9.345794392523363789e-03 1.481481481481481191e-02 4.368337012163621691e-01
8.829113924050633333e-01 7.430555555555555802e-01 1.000000000000000000e+00 8.525896414342629681e-01 9.114832535885166731e-01
5.690789473684210176e-01 3.846153846153846367e-02 9.345794392523363789e-03 1.503759398496240518e-02 4.412211205465154107e-01
5.864406779661016644e-01 5.882352941176470507e-02 9.345794392523363789e-03 1.612903225806451221e-02 4.621197057068999192e-01
9.117647058823529216e-01 7.985074626865671377e-01 1.000000000000000000e+00 8.879668049792530660e-01 9.321608040201004863e-01
6.105263157894736947e-01 2.500000000000000000e-01 1.869158878504672758e-02 3.478260869565217434e-02 4.924918618082537169e-01
6.070175438596491224e-01 1.428571428571428492e-01 9.345794392523363789e-03 1.754385964912280604e-02 4.878189646119919787e-01
6.262626262626262985e-01 4.375000000000000000e-01 1.308411214953270896e-01 2.014388489208632782e-01 5.180521396950320545e-01
5.945017182130584166e-01 7.692307692307692735e-02 9.345794392523363789e-03 1.666666666666666644e-02 4.720642015440877359e-01
