6.438356164383561842e-01 6.153846153846154188e-01 7.476635514018691031e-02 1.333333333333333315e-01 5.238696640565799756e-01
9.562500000000000444e-01 8.842975206611570771e-01 1.000000000000000000e+00 9.385964912280702066e-01 9.671361502347417538e-01
5.725490196078431016e-01 4.500000000000000111e-01 8.411214953271027583e-02 1.417322834645669272e-01 5.048939126041929182e-01
8.867313915857605311e-01 8.829787234042553168e-01 7.757009345794392274e-01 8.258706467661692807e-01 8.606227445174423618e-01
6.910828025477706582e-01 6.315789473684210176e-01 2.242990654205607448e-01 3.310344827586206851e-01 5.783331075895075113e-01
6.245954692556634491e-01 1.538461538461538547e-01 1.869158878504672758e-02 3.333333333333333287e-02 4.821180716202461136e-01
5.473251028806583873e-01 4.117647058823529216e-01 6.542056074766354479e-02 1.129032258064515959e-01 4.959455744914788022e-01
9.562500000000000444e-01 8.842975206611570771e-01 1.000000000000000000e+00 9.385964912280702066e-01 9.671361502347417538e-01
9.503105590062111974e-01 8.699186991869918284e-01 1.000000000000000000e+00 9.304347826086956097e-01 9.627906976744186052e-01
9.503105590062111974e-01 8.699186991869918284e-01 1.000000000000000000e+00 9.304347826086956097e-01 9.627906976744186052e-01
7.557003257328990253e-01 8.636363636363636465e-01 3.551401869158878344e-01 5.033112582781457123e-01 6.625700934579439316e-01
9.622641509433962348e-01 8.991596638655462437e-01 1.000000000000000000e+00 9.469026548672566657e-01 9.715639810426539569e-01
9.468750000000000222e-01 8.750000000000000000e-01 9.813084112149532690e-01 9.251101321585903925e-01 9.554429380018428786e-01
7.070063694267515464e-01 7.272727272727272929e-01 2.242990654205607448e-01 3.428571428571428603e-01 5.904104022754977921e-01
9.503105590062111974e-01 8.699186991869918284e-01 1.000000000000000000e+00 9.304347826086956097e-01 9.627906976744186052e-01
6.444444444444444864e-01 3.333333333333333148e-01 4.672897196261682068e-02 8.196721311475409222e-02 4.993260244428467942e-01
9.554140127388535131e-01 8.842975206611570771e-01 1.000000000000000000e+00 9.385964912280702066e-01 9.661835748792271250e-01
6.245733788395904096e-01 4.285714285714285476e-01 8.411214953271027583e-02 1.406250000000000000e-01 5.097980102502260857e-01
9.503105590062111974e-01 8.699186991869918284e-01 1.000000000000000000e+00 9.304347826086956097e-01 9.627906976744186052e-01
9.532710280373831724e-01 8.770491803278688270e-01 1.000000000000000000e+00 9.344978165938864212e-01 9.649532710280374070e-01
8.260869565217391353e-01 8.072289156626506479e-01 6.261682242990653791e-01 7.052631578947368141e-01 7.758748098239512947e-01
7.643312101910828549e-01 8.000000000000000444e-01 4.112149532710280275e-01 5.432098765432098464e-01 6.790374283263352906e-01
6.324503311258278249e-01 4.090909090909091161e-01 8.411214953271027583e-02 1.395348837209302306e-01 5.087227414330217634e-01
9.503105590062111974e-01 8.699186991869918284e-01 1.000000000000000000e+00 9.304347826086956097e-01 9.627906976744186052e-01
7.070063694267515464e-01 7.272727272727272929e-01 2.242990654205607448e-01 3.428571428571428603e-01 5.904104022754977921e-01
9.503105590062111974e-01 8.699186991869918284e-01 1.000000000000000000e+00 9.304347826086956097e-01 9.627906976744186052e-01
5.524193548387096309e-01 3.888888888888888951e-01 6.542056074766354479e-02 1.119999999999999885e-01 4.937031881752501628e-01
5.818815331010452896e-01 0.000000000000000000e+00 0.000000000000000000e+00 0.000000000000000000e+00 4.638888888888889062e-01
6.840390879478827069e-01 6.470588235294117974e-01 2.056074766355140138e-01 3.120567375886524886e-01 5.728037383177569941e-01
6.514657980456025621e-01 5.000000000000000000e-01 7.476635514018691031e-02 1.300813008130081161e-01 5.173831775700934443e-01
5.808823529411765163e-01 2.307692307692307820e-01 2.803738317757009310e-02 4.999999999999999584e-02 4.837156612857547167e-01
6.900958466453673834e-01 6.562500000000000000e-01 1.962616822429906482e-01 3.021582733812949728e-01 5.714318119952817021e-01
8.808777429467085085e-01 8.631578947368421240e-01 7.663551401869158619e-01 8.118811881188119361e-01 8.525171927349672885e-01
9.592476489028213260e-01 8.916666666666667185e-01 1.000000000000000000e+00 9.427312775330397576e-01 9.693396226415094130e-01
9.503105590062111974e-01 8.699186991869918284e-01 1.000000000000000000e+00 9.304347826086956097e-01 9.627906976744186052e-01
5.546875000000000000e-01 0.000000000000000000e+00 0.000000000000000000e+00 0.000000000000000000e+00 4.765100671140939381e-01
9.532710280373831724e-01 8.770491803278688270e-01 1.000000000000000000e+00 9.344978165938864212e-01 9.649532710280374070e-01
