9.093750000000000444e-01 8.679245283018868218e-01 8.598130841121495171e-01 8.638497652582159958e-01 8.970426922908165679e-01
9.592476489028213260e-01 8.916666666666667185e-01 1.000000000000000000e+00 9.427312775330397576e-01 9.693396226415094130e-01
9.532710280373831724e-01 8.770491803278688270e-01 1.000000000000000000e+00 9.344978165938864212e-01 9.649532710280374070e-01
9.562500000000000444e-01 8.842975206611570771e-01 1.000000000000000000e+00 9.385964912280702066e-01 9.671361502347417538e-01
8.754098360655737654e-01 9.156626506024095891e-01 7.102803738317756688e-01 7.999999999999999334e-01 8.374634192391201548e-01
8.361204013377926403e-01 9.027777777777777901e-01 6.074766355140186480e-01 7.262569832402233638e-01 7.855091510903425833e-01
9.532710280373831724e-01 8.770491803278688270e-01 1.000000000000000000e+00 9.344978165938864212e-01 9.649532710280374070e-01
9.562500000000000444e-01 8.842975206611570771e-01 1.000000000000000000e+00 9.385964912280702066e-01 9.671361502347417538e-01
6.127946127946127808e-01 0.000000000000000000e+00 0.000000000000000000e+00 0.000000000000000000e+00 4.789473684210526216e-01
9.503105590062111974e-01 8.699186991869918284e-01 1.000000000000000000e+00 9.304347826086956097e-01 9.627906976744186052e-01
9.503105590062111974e-01 8.699186991869918284e-01 1.000000000000000000e+00 9.304347826086956097e-01 9.627906976744186052e-01
9.503105590062111974e-01 8.699186991869918284e-01 1.000000000000000000e+00 9.304347826086956097e-01 9.627906976744186052e-01
6.237623762376237613e-01 2.666666666666666630e-01 3.738317757009345516e-02 6.557377049180326822e-02 4.906303642952508093e-01
9.503105590062111974e-01 8.699186991869918284e-01 1.000000000000000000e+00 9.304347826086956097e-01 9.627906976744186052e-01
9.503105590062111974e-01 8.699186991869918284e-01 1.000000000000000000e+00 9.304347826086956097e-01 9.627906976744186052e-01
9.503105590062111974e-01 8.699186991869918284e-01 1.000000000000000000e+00 9.304347826086956097e-01 9.627906976744186052e-01
9.592476489028213260e-01 8.916666666666667185e-01 1.000000000000000000e+00 9.427312775330397576e-01 9.693396226415094130e-01
9.562500000000000444e-01 8.842975206611570771e-01 1.000000000000000000e+00 9.385964912280702066e-01 9.671361502347417538e-01
9.503105590062111974e-01 8.699186991869918284e-01 1.000000000000000000e+00 9.304347826086956097e-01 9.627906976744186052e-01
6.062717770034843356e-01 3.846153846153846367e-01 9.345794392523364136e-02 1.503759398496240518e-01 5.022845275181723190e-01
9.592476489028213260e-01 8.916666666666667185e-01 1.000000000000000000e+00 9.427312775330397576e-01 9.693396226415094130e-01
6.539682539682539764e-01 4.545454545454545303e-01 9.345794392523364136e-02 1.550387596899225062e-01 5.178828181164629729e-01
9.650793650793650924e-01 9.067796610169491789e-01 1.000000000000000000e+00 9.511111111111111294e-01 9.735576923076922906e-01
7.643312101910828549e-01 8.113207547169811740e-01 4.018691588785046620e-01 5.375000000000000888e-01 6.767799900672716307e-01
9.503105590062111974e-01 8.699186991869918284e-01 1.000000000000000000e+00 9.304347826086956097e-01 9.627906976744186052e-01
9.503105590062111974e-01 8.699186991869918284e-01 1.000000000000000000e+00 9.304347826086956097e-01 9.627906976744186052e-01
6.421404682274247655e-01 5.000000000000000000e-01 1.121495327102803724e-01 1.832061068702290074e-01 5.248247663551401931e-01
9.503105590062111974e-01 8.699186991869918284e-01 1.000000000000000000e+00 9.304347826086956097e-01 9.627906976744186052e-01
6.048109965635738439e-01 0.000000000000000000e+00 0.000000000000000000e+00 0.000000000000000000e+00 4.782608695652174058e-01
9.532710280373831724e-01 8.770491803278688270e-01 1.000000000000000000e+00 9.344978165938864212e-01 9.649532710280374070e-01
9.649681528662420460e-01 9.067796610169491789e-01 1.000000000000000000e+00 9.511111111111111294e-01 9.734299516908212491e-01
9.503105590062111974e-01 8.699186991869918284e-01 1.000000000000000000e+00 9.304347826086956097e-01 9.627906976744186052e-01
9.532710280373831724e-01 8.770491803278688270e-01 1.000000000000000000e+00 9.344978165938864212e-01 9.649532710280374070e-01
6.666666666666666297e-01 5.517241379310344751e-01 1.495327102803738206e-01 2.352941176470587925e-01 5.430590380670161643e-01
9.503105590062111974e-01 8.699186991869918284e-01 1.000000000000000000e+00 9.304347826086956097e-01 9.627906976744186052e-01
9.562500000000000444e-01 8.842975206611570771e-01 1.000000000000000000e+00 9.385964912280702066e-01 9.671361502347417538e-01
9.620253164556962222e-01 8.991596638655462437e-01 1.000000000000000000e+00 9.469026548672566657e-01 9.712918660287082062e-01
