5.283018867924528239e-01 0.000000000000000000e+00 0.000000000000000000e+00 0.000000000000000000e+00 3.981042654028436045e-01
8.679245283018868218e-01 7.181208053691274795e-01 1.000000000000000000e+00 8.359375000000000000e-01 9.004739336492890711e-01
5.250000000000000222e-01 2.127659574468085055e-02 9.345794392523363789e-03 1.298701298701298787e-02 3.966916765389846278e-01
6.601941747572815933e-01 5.142857142857142350e-01 3.364485981308411033e-01 4.067796610169490679e-01 5.840658832238363463e-01
5.248447204968944568e-01 0.000000000000000000e+00 0.000000000000000000e+00 0.000000000000000000e+00 3.930232558139534760e-01
5.407166123778501809e-01 5.263157894736841813e-02 1.869158878504672758e-02 2.758620689655172376e-02 4.193457943925233966e-01
5.331230283911672085e-01 0.000000000000000000e+00 0.000000000000000000e+00 0.000000000000000000e+00 4.023809523809523947e-01
5.248447204968944568e-01 0.000000000000000000e+00 0.000000000000000000e+00 0.000000000000000000e+00 3.930232558139534760e-01
8.961038961038960693e-01 7.697841726618704916e-01 1.000000000000000000e+00 8.699186991869918284e-01 9.203980099502487855e-01
5.516129032258064724e-01 5.555555555555555247e-02 1.869158878504672758e-02 2.797202797202797200e-02 4.256019520279913371e-01
6.949685534591194536e-01 5.531914893617021489e-01 4.859813084112149517e-01 5.174129353233831718e-01 6.434645878548965747e-01
8.761904761904761862e-01 7.328767123287671659e-01 1.000000000000000000e+00 8.458498023715415037e-01 9.062500000000000000e-01
7.810457516339869288e-01 6.851851851851852304e-01 6.915887850467289377e-01 6.883720930232558599e-01 7.603672568449724167e-01
5.248447204968944568e-01 0.000000000000000000e+00 0.000000000000000000e+00 0.000000000000000000e+00 3.930232558139534760e-01
8.761904761904761862e-01 7.328767123287671659e-01 1.000000000000000000e+00 8.458498023715415037e-01 9.062500000000000000e-01
5.419354838709677935e-01 2.702702702702702853e-02 9.345794392523363789e-03 1.388888888888888638e-02 4.160029464573453684e-01
5.248447204968944568e-01 0.000000000000000000e+00 0.000000000000000000e+00 0.000000000000000000e+00 3.930232558139534760e-01
5.248447204968944568e-01 0.000000000000000000e+00 0.000000000000000000e+00 0.000000000000000000e+00 3.930232558139534760e-01
5.686900958466453160e-01 1.956521739130434867e-01 8.411214953271027583e-02 1.176470588235294101e-01 4.522502495236366826e-01
9.108910891089109230e-01 7.985074626865671377e-01 1.000000000000000000e+00 8.879668049792530660e-01 9.311224489795918435e-01
8.734177215189873333e-01 7.278911564625850650e-01 1.000000000000000000e+00 8.425196850393700254e-01 9.043062200956937247e-01
5.248447204968944568e-01 0.000000000000000000e+00 0.000000000000000000e+00 0.000000000000000000e+00 3.930232558139534760e-01
5.248447204968944568e-01 0.000000000000000000e+00 0.000000000000000000e+00 0.000000000000000000e+00 3.930232558139534760e-01
8.734177215189873333e-01 7.278911564625850650e-01 1.000000000000000000e+00 8.425196850393700254e-01 9.043062200956937247e-01
5.248447204968944568e-01 0.000000000000000000e+00 0.000000000000000000e+00 0.000000000000000000e+00 3.930232558139534760e-01
8.761904761904761862e-01 7.328767123287671659e-01 1.000000000000000000e+00 8.458498023715415037e-01 9.062500000000000000e-01
5.248447204968944568e-01 0.000000000000000000e+00 0.000000000000000000e+00 0.000000000000000000e+00 3.930232558139534760e-01
5.248447204968944568e-01 0.000000000000000000e+00 0.000000000000000000e+00 0.000000000000000000e+00 3.930232558139534760e-01
5.248447204968944568e-01 0.000000000000000000e+00 0.000000000000000000e+00 0.000000000000000000e+00 3.930232558139534760e-01
5.348101265822784445e-01 0.000000000000000000e+00 0.000000000000000000e+00 0.000000000000000000e+00 4.043062200956937802e-01
5.248447204968944568e-01 0.000000000000000000e+00 0.000000000000000000e+00 0.000000000000000000e+00 3.930232558139534760e-01
5.387096774193548265e-01 0.000000000000000000e+00 0.000000000000000000e+00 0.000000000000000000e+00 4.113300492610837411e-01
8.761904761904761862e-01 7.328767123287671659e-01 1.000000000000000000e+00 8.458498023715415037e-01 9.062500000000000000e-01
5.399361022364217444e-01 0.000000000000000000e+00 0.000000000000000000e+00 0.000000000000000000e+00 4.101941747572815378e-01
5.387096774193548265e-01 0.000000000000000000e+00 0.000000000000000000e+00 0.000000000000000000e+00 4.113300492610837411e-01
5.248447204968944568e-01 0.000000000000000000e+00 0.000000000000000000e+00 0.000000000000000000e+00 3.930232558139534760e-01
5.238095238095238360e-01 0.000000000000000000e+00 0.000000000000000000e+00 0.000000000000000000e+00 3.966346153846154188e-01
