5.248447204968944568e-01 0.000000000000000000e+00 0.000000000000000000e+00 0.000000000000000000e+00 3.930232558139534760e-01
5.248447204968944568e-01 0.000000000000000000e+00 0.000000000000000000e+00 0.000000000000000000e+00 3.930232558139534760e-01
5.248447204968944568e-01 0.000000000000000000e+00 0.000000000000000000e+00 0.000000000000000000e+00 3.930232558139534760e-01
8.734177215189873333e-01 7.278911564625850650e-01 1.000000000000000000e+00 8.425196850393700254e-01 9.043062200956937247e-01
8.562091503267973414e-01 7.480314960629921295e-01 8.878504672897196137e-01 8.119658119658119677e-01 8.635232235946084245e-01
7.823343848580441851e-01 6.583333333333333259e-01 7.383177570093457653e-01 6.960352422907488679e-01 7.715398308856253884e-01
9.169435215946843964e-01 8.106060606060605522e-01 1.000000000000000000e+00 8.953974895397489586e-01 9.355670103092783574e-01
6.295081967213115304e-01 4.423076923076922906e-01 2.149532710280373793e-01 2.893081761006289221e-01 5.342443122816954437e-01
5.248447204968944568e-01 0.000000000000000000e+00 0.000000000000000000e+00 0.000000000000000000e+00 3.930232558139534760e-01
6.550632911392405555e-01 4.874999999999999889e-01 3.644859813084111999e-01 4.171122994652406435e-01 5.841568662522916844e-01
5.248447204968944568e-01 0.000000000000000000e+00 0.000000000000000000e+00 0.000000000000000000e+00 3.930232558139534760e-01
8.961038961038960693e-01 7.697841726618704916e-01 1.000000000000000000e+00 8.699186991869918284e-01 9.203980099502487855e-01
5.248447204968944568e-01 0.000000000000000000e+00 0.000000000000000000e+00 0.000000000000000000e+00 3.930232558139534760e-01
5.288461538461538547e-01 0.000000000000000000e+00 0.000000000000000000e+00 0.000000000000000000e+00 4.024390243902439268e-01
8.789808917197452498e-01 7.379310344827586521e-01 1.000000000000000000e+00 8.492063492063492980e-01 9.082125603864733554e-01
5.283018867924528239e-01 0.000000000000000000e+00 0.000000000000000000e+00 0.000000000000000000e+00 3.981042654028436045e-01
8.679245283018868218e-01 7.181208053691274795e-01 1.000000000000000000e+00 8.359375000000000000e-01 9.004739336492890711e-01
7.079365079365079749e-01 5.789473684210526550e-01 5.140186915887849928e-01 5.445544554455444830e-01 6.608554996405463511e-01
5.396825396825396526e-01 2.500000000000000139e-02 9.345794392523363789e-03 1.360544217687074606e-02 4.109228971962616828e-01
5.248447204968944568e-01 0.000000000000000000e+00 0.000000000000000000e+00 0.000000000000000000e+00 3.930232558139534760e-01
5.384615384615384359e-01 2.564102564102564014e-02 9.345794392523363789e-03 1.369863013698630061e-02 4.119899703669933633e-01
8.789808917197452498e-01 7.379310344827586521e-01 1.000000000000000000e+00 8.492063492063492980e-01 9.082125603864733554e-01
5.248447204968944568e-01 0.000000000000000000e+00 0.000000000000000000e+00 0.000000000000000000e+00 3.930232558139534760e-01
5.248447204968944568e-01 0.000000000000000000e+00 0.000000000000000000e+00 0.000000000000000000e+00 3.930232558139534760e-01
5.288461538461538547e-01 0.000000000000000000e+00 0.000000000000000000e+00 0.000000000000000000e+00 4.024390243902439268e-01
8.789808917197452498e-01 7.379310344827586521e-01 1.000000000000000000e+00 8.492063492063492980e-01 9.082125603864733554e-01
5.372168284789643478e-01 0.000000000000000000e+00 0.000000000000000000e+00 0.000000000000000000e+00 4.108910891089109230e-01
5.283018867924528239e-01 0.000000000000000000e+00 0.000000000000000000e+00 0.000000000000000000e+00 3.981042654028436045e-01
5.352564102564102422e-01 0.000000000000000000e+00 0.000000000000000000e+00 0.000000000000000000e+00 4.073170731707317360e-01
5.387096774193548265e-01 0.000000000000000000e+00 0.000000000000000000e+00 0.000000000000000000e+00 4.113300492610837411e-01
5.367412140575079649e-01 0.000000000000000000e+00 0.000000000000000000e+00 0.000000000000000000e+00 4.077669902912621214e-01
9.169435215946843964e-01 8.106060606060605522e-01 1.000000000000000000e+00 8.953974895397489586e-01 9.355670103092783574e-01
5.248447204968944568e-01 0.000000000000000000e+00 0.000000000000000000e+00 0.000000000000000000e+00 3.930232558139534760e-01
7.882736156351791701e-01 6.909090909090909172e-01 7.102803738317756688e-01 7.004608294930875223e-01 7.701401869158879254e-01
8.598130841121495171e-01 7.039473684210526550e-01 1.000000000000000000e+00 8.262548262548262690e-01 8.948598130841122211e-01
8.679245283018868218e-01 7.181208053691274795e-01 1.000000000000000000e+00 8.359375000000000000e-01 9.004739336492890711e-01
7.442622950819671734e-01 6.526315789473684514e-01 5.794392523364485514e-01 6.138613861386138515e-01 7.063862928348908499e-01
