8.761904761904761862e-01 7.328767123287671659e-01 1.000000000000000000e+00 8.458498023715415037e-01 9.062500000000000000e-01
7.119741100323624394e-01 5.999999999999999778e-01 5.046728971962616273e-01 5.482233502538070846e-01 6.632275377070416811e-01
8.874598070739549982e-01 7.535211267605633756e-01 1.000000000000000000e+00 8.594377510040159818e-01 9.142156862745097756e-01
5.248447204968944568e-01 0.000000000000000000e+00 0.000000000000000000e+00 0.000000000000000000e+00 3.930232558139534760e-01
5.203761755485893925e-01 0.000000000000000000e+00 0.000000000000000000e+00 0.000000000000000000e+00 3.915094339622641195e-01
6.285714285714285587e-01 4.264705882352941013e-01 2.710280373831775447e-01 3.314285714285714057e-01 5.417640186915887446e-01
5.387096774193548265e-01 0.000000000000000000e+00 0.000000000000000000e+00 0.000000000000000000e+00 4.113300492610837411e-01
5.248447204968944568e-01 0.000000000000000000e+00 0.000000000000000000e+00 0.000000000000000000e+00 3.930232558139534760e-01
5.772870662460567459e-01 2.631578947368420907e-01 1.401869158878504551e-01 1.829268292682927066e-01 4.700934579439252081e-01
8.571428571428570953e-01 6.993464052287581278e-01 1.000000000000000000e+00 8.230769230769230393e-01 8.930232558139534760e-01
5.299684542586751146e-01 0.000000000000000000e+00 0.000000000000000000e+00 0.000000000000000000e+00 4.000000000000000222e-01
5.755627009646302472e-01 2.340425531914893664e-01 1.028037383177570069e-01 1.428571428571428492e-01 4.631665750412313765e-01
8.990228013029315512e-01 7.753623188405797118e-01 1.000000000000000000e+00 8.734693877551020780e-01 9.224999999999999867e-01
8.571428571428570953e-01 6.993464052287581278e-01 1.000000000000000000e+00 8.230769230769230393e-01 8.930232558139534760e-01
5.299684542586751146e-01 0.000000000000000000e+00 0.000000000000000000e+00 0.000000000000000000e+00 4.000000000000000222e-01
9.169435215946843964e-01 8.106060606060605522e-01 1.000000000000000000e+00 8.953974895397489586e-01 9.355670103092783574e-01
8.544303797468354444e-01 7.132867132867133364e-01 9.532710280373831724e-01 8.160000000000000586e-01 8.785493896167776429e-01
5.218749999999999778e-01 0.000000000000000000e+00 0.000000000000000000e+00 0.000000000000000000e+00 3.920187793427230005e-01
8.122977346278317246e-01 7.130434782608695565e-01 7.663551401869158619e-01 7.387387387387386317e-01 8.014944017766262307e-01
5.248447204968944568e-01 0.000000000000000000e+00 0.000000000000000000e+00 0.000000000000000000e+00 3.930232558139534760e-01
9.200000000000000400e-01 8.167938931297710203e-01 1.000000000000000000e+00 8.991596638655461327e-01 9.378238341968911929e-01
5.414012738853503093e-01 4.878048780487805047e-02 1.869158878504672758e-02 2.702702702702702159e-02 4.151428958417987536e-01
5.248447204968944568e-01 0.000000000000000000e+00 0.000000000000000000e+00 0.000000000000000000e+00 3.930232558139534760e-01
6.309148264984226762e-01 4.305555555555555802e-01 2.897196261682242757e-01 3.463687150837989059e-01 5.472407654650645048e-01
8.571428571428570953e-01 6.993464052287581278e-01 1.000000000000000000e+00 8.230769230769230393e-01 8.930232558139534760e-01
5.299684542586751146e-01 0.000000000000000000e+00 0.000000000000000000e+00 0.000000000000000000e+00 4.000000000000000222e-01
5.238095238095238360e-01 0.000000000000000000e+00 0.000000000000000000e+00 0.000000000000000000e+00 3.966346153846154188e-01
5.248447204968944568e-01 0.000000000000000000e+00 0.000000000000000000e+00 0.000000000000000000e+00 3.930232558139534760e-01
5.248447204968944568e-01 0.000000000000000000e+00 0.000000000000000000e+00 0.000000000000000000e+00 3.930232558139534760e-01
5.533980582524271608e-01 5.714285714285714107e-02 1.869158878504672758e-02 2.816901408450703942e-02 4.276626260756916653e-01
5.248447204968944568e-01 0.000000000000000000e+00 0.000000000000000000e+00 0.000000000000000000e+00 3.930232558139534760e-01
5.331230283911672085e-01 2.325581395348837177e-02 9.345794392523363789e-03 1.333333333333333245e-02 4.046728971962616495e-01
5.961538461538461453e-01 3.207547169811320598e-01 1.588785046728971861e-01 2.124999999999999944e-01 4.916343742876680967e-01
5.331230283911672085e-01 0.000000000000000000e+00 0.000000000000000000e+00 0.000000000000000000e+00 4.023809523809523947e-01
5.705128205128204844e-01 2.000000000000000111e-01 8.411214953271027583e-02 1.184210526315789408e-01 4.542511967175746901e-01
8.679245283018868218e-01 7.181208053691274795e-01 1.000000000000000000e+00 8.359375000000000000e-01 9.004739336492890711e-01
8.427672955974843116e-01 6.993006993006992689e-01 9.345794392523364413e-01 8.000000000000000444e-01 8.653939850290118807e-01
