5.559006211180124168e-01 0.000000000000000000e+00 0.000000000000000000e+00 0.000000000000000000e+00 4.162790697674418894e-01
5.562500000000000222e-01 0.000000000000000000e+00 0.000000000000000000e+00 0.000000000000000000e+00 4.178403755868544400e-01
5.898305084745762983e-01 6.250000000000000000e-02 9.345794392523363789e-03 1.626016260162601451e-02 4.647792801749850433e-01
7.188498402555910660e-01 6.233766233766233622e-01 4.485981308411214896e-01 5.217391304347825942e-01 6.539107159059976970e-01
9.377049180327868827e-01 8.492063492063491870e-01 1.000000000000000000e+00 9.184549356223175032e-01 9.520202020202020998e-01
6.148867313915857835e-01 3.235294117647058987e-01 1.028037383177570069e-01 1.560283687943262443e-01 4.944711760895715291e-01
9.315960912052116960e-01 8.359375000000000000e-01 1.000000000000000000e+00 9.106382978723404076e-01 9.475000000000000089e-01
9.050632911392405555e-01 7.810218978102190235e-01 1.000000000000000000e+00 8.770491803278688270e-01 9.282296650717704045e-01
5.559006211180124168e-01 0.000000000000000000e+00 0.000000000000000000e+00 0.000000000000000000e+00 4.162790697674418894e-01
6.527331189710611214e-01 4.897959183673469274e-01 2.242990654205607448e-01 3.076923076923077094e-01 5.508750229063588133e-01
5.587301587301587436e-01 0.000000000000000000e+00 0.000000000000000000e+00 0.000000000000000000e+00 4.230769230769230727e-01
9.315960912052116960e-01 8.359375000000000000e-01 1.000000000000000000e+00 9.106382978723404076e-01 9.475000000000000089e-01
5.559006211180124168e-01 0.000000000000000000e+00 0.000000000000000000e+00 0.000000000000000000e+00 4.162790697674418894e-01
5.718954248366012738e-01 3.846153846153846367e-02 9.345794392523363789e-03 1.503759398496240518e-02 4.418588268445028389e-01
9.137380191693290632e-01 7.985074626865671377e-01 1.000000000000000000e+00 8.879668049792530660e-01 9.344660194174757573e-01
5.836065573770491399e-01 4.545454545454545581e-02 9.345794392523363789e-03 1.550387596899224611e-02 4.516425941659585885e-01
8.993710691823899595e-01 7.697841726618704916e-01 1.000000000000000000e+00 8.699186991869918284e-01 9.241706161137440700e-01
6.245954692556634491e-01 3.846153846153846367e-01 1.401869158878504551e-01 2.054794520547945091e-01 5.106875173498658382e-01
5.664556962025316666e-01 3.125000000000000000e-02 9.345794392523363789e-03 1.438848920863309254e-02 4.305102177704243083e-01
5.750798722044728750e-01 3.571428571428571230e-02 9.345794392523363789e-03 1.481481481481481191e-02 4.391389166137374400e-01
5.728476821192053370e-01 7.692307692307692735e-02 1.869158878504672758e-02 3.007518796992481036e-02 4.478073328540618236e-01
9.022082018927445324e-01 7.753623188405797118e-01 1.000000000000000000e+00 8.734693877551020780e-01 9.261904761904761196e-01
5.559006211180124168e-01 0.000000000000000000e+00 0.000000000000000000e+00 0.000000000000000000e+00 4.162790697674418894e-01
5.760517799352751211e-01 3.846153846153846367e-02 9.345794392523363789e-03 1.503759398496240518e-02 4.427917090774497466e-01
5.718954248366012738e-01 3.846153846153846367e-02 9.345794392523363789e-03 1.503759398496240518e-02 4.418588268445028389e-01
9.137380191693290632e-01 7.985074626865671377e-01 1.000000000000000000e+00 8.879668049792530660e-01 9.344660194174757573e-01
5.681818181818182323e-01 3.571428571428571230e-02 9.345794392523363789e-03 1.481481481481481191e-02 4.375087180917840435e-01
5.704918032786885362e-01 1.250000000000000000e-01 3.738317757009345516e-02 5.755395683453237016e-02 4.479845180779760128e-01
5.628930817610062753e-01 0.000000000000000000e+00 0.000000000000000000e+00 0.000000000000000000e+00 4.241706161137440700e-01
5.559006211180124168e-01 0.000000000000000000e+00 0.000000000000000000e+00 0.000000000000000000e+00 4.162790697674418894e-01
5.691318327974276281e-01 3.448275862068965469e-02 9.345794392523363789e-03 1.470588235294117453e-02 4.360454462158694922e-01
9.315960912052116960e-01 8.359375000000000000e-01 1.000000000000000000e+00 9.106382978723404076e-01 9.475000000000000089e-01
5.723684210526315264e-01 4.000000000000000083e-02 9.345794392523363789e-03 1.515151515151515020e-02 4.437591916125053215e-01
7.240259740259740173e-01 6.571428571428571397e-01 4.299065420560747586e-01 5.197740112994350126e-01 6.552517784907239129e-01
8.937500000000000444e-01 7.588652482269503396e-01 1.000000000000000000e+00 8.629032258064516236e-01 9.201877934272301163e-01
8.993710691823899595e-01 7.697841726618704916e-01 1.000000000000000000e+00 8.699186991869918284e-01 9.241706161137440700e-01
8.344370860927152744e-01 8.000000000000000444e-01 7.102803738317756688e-01 7.524752475247525885e-01 8.064222381979392340e-01
