9.166666666666666297e-01 8.045112781954887327e-01 1.000000000000000000e+00 8.916666666666667185e-01 9.365853658536584803e-01
6.027397260273972268e-01 2.352941176470588203e-01 3.738317757009345516e-02 6.451612903225804885e-02 4.835564536499116217e-01
9.022082018927445324e-01 7.753623188405797118e-01 1.000000000000000000e+00 8.734693877551020780e-01 9.261904761904761196e-01
5.559006211180124168e-01 0.000000000000000000e+00 0.000000000000000000e+00 0.000000000000000000e+00 4.162790697674418894e-01
5.623003194888178680e-01 0.000000000000000000e+00 0.000000000000000000e+00 0.000000000000000000e+00 4.271844660194175081e-01
6.754098360655738098e-01 5.869565217391304879e-01 2.523364485981308136e-01 3.529411764705882026e-01 5.781884263192674789e-01
5.668789808917197304e-01 3.225806451612903136e-02 9.345794392523363789e-03 1.449275362318840250e-02 4.322091290803196095e-01
5.686900958466453160e-01 0.000000000000000000e+00 0.000000000000000000e+00 0.000000000000000000e+00 4.320388349514563409e-01
6.013289036544851029e-01 1.176470588235294101e-01 1.869158878504672758e-02 3.225806451612902442e-02 4.706860005780904022e-01
8.937500000000000444e-01 7.588652482269503396e-01 1.000000000000000000e+00 8.629032258064516236e-01 9.201877934272301163e-01
5.597484276729559616e-01 0.000000000000000000e+00 0.000000000000000000e+00 0.000000000000000000e+00 4.218009478672986035e-01
5.700636942675159080e-01 3.333333333333333287e-02 9.345794392523363789e-03 1.459854014598539924e-02 4.346245880175176879e-01
9.137380191693290632e-01 7.985074626865671377e-01 1.000000000000000000e+00 8.879668049792530660e-01 9.344660194174757573e-01
9.108280254777070262e-01 7.925925925925926263e-01 1.000000000000000000e+00 8.842975206611569661e-01 9.323671497584541390e-01
5.597484276729559616e-01 0.000000000000000000e+00 0.000000000000000000e+00 0.000000000000000000e+00 4.218009478672986035e-01
9.315960912052116960e-01 8.359375000000000000e-01 1.000000000000000000e+00 9.106382978723404076e-01 9.475000000000000089e-01
8.762214983713354499e-01 8.000000000000000444e-01 8.598130841121495171e-01 8.288288288288289118e-01 8.724065420560748185e-01
5.605095541401273751e-01 0.000000000000000000e+00 0.000000000000000000e+00 0.000000000000000000e+00 4.251207729468599039e-01
9.108280254777070262e-01 7.925925925925926263e-01 1.000000000000000000e+00 8.842975206611569661e-01 9.323671497584541390e-01
6.048109965635738439e-01 1.000000000000000056e-01 9.345794392523363789e-03 1.709401709401709227e-02 4.802163754571311949e-01
7.201257861635219637e-01 6.097560975609755962e-01 4.672897196261682207e-01 5.291005291005290712e-01 6.578154759268282081e-01
5.661016949152541944e-01 8.000000000000000167e-02 1.869158878504672758e-02 3.030303030303030040e-02 4.481755816265658998e-01
5.559006211180124168e-01 0.000000000000000000e+00 0.000000000000000000e+00 0.000000000000000000e+00 4.162790697674418894e-01
6.540880503144653746e-01 4.754098360655737432e-01 2.710280373831775447e-01 3.452380952380951773e-01 5.596846348053328146e-01
9.108280254777070262e-01 7.925925925925926263e-01 1.000000000000000000e+00 8.842975206611569661e-01 9.323671497584541390e-01
5.597484276729559616e-01 0.000000000000000000e+00 0.000000000000000000e+00 0.000000000000000000e+00 4.218009478672986035e-01
5.642633228840124859e-01 2.941176470588235253e-02 9.345794392523363789e-03 1.418439716312056530e-02 4.268427085170163338e-01
5.559006211180124168e-01 0.000000000000000000e+00 0.000000000000000000e+00 0.000000000000000000e+00 4.162790697674418894e-01
5.559006211180124168e-01 0.000000000000000000e+00 0.000000000000000000e+00 0.000000000000000000e+00 4.162790697674418894e-01
5.628930817610062753e-01 2.941176470588235253e-02 9.345794392523363789e-03 1.418439716312056530e-02 4.264738450635602307e-01
5.559006211180124168e-01 0.000000000000000000e+00 0.000000000000000000e+00 0.000000000000000000e+00 4.162790697674418894e-01
5.664556962025316666e-01 3.125000000000000000e-02 9.345794392523363789e-03 1.438848920863309254e-02 4.305102177704243083e-01
5.787781350482315013e-01 7.142857142857142461e-02 1.869158878504672758e-02 2.962962962962962382e-02 4.456203041964449385e-01
5.678233438485804641e-01 3.125000000000000000e-02 9.345794392523363789e-03 1.438848920863309254e-02 4.308633733867378024e-01
8.934169278996865193e-01 7.588652482269503396e-01 1.000000000000000000e+00 8.629032258064516236e-01 9.198113207547170544e-01
8.993710691823899595e-01 7.697841726618704916e-01 1.000000000000000000e+00 8.699186991869918284e-01 9.241706161137440700e-01
6.906250000000000444e-01 5.512820512820513219e-01 4.018691588785046620e-01 4.648648648648648907e-01 6.187749550261066878e-01
