5.632911392405063333e-01 0.000000000000000000e+00 0.000000000000000000e+00 0.000000000000000000e+00 4.258373205741626810e-01
8.993710691823899595e-01 7.697841726618704916e-01 1.000000000000000000e+00 8.699186991869918284e-01 9.241706161137440700e-01
8.235294117647058432e-01 7.676767676767676241e-01 7.102803738317756688e-01 7.378640776699028070e-01 7.973512421922698268e-01
5.718954248366012738e-01 3.846153846153846367e-02 9.345794392523363789e-03 1.503759398496240518e-02 4.418588268445028389e-01
5.559006211180124168e-01 0.000000000000000000e+00 0.000000000000000000e+00 0.000000000000000000e+00 4.162790697674418894e-01
5.742574257425742124e-01 4.166666666666666435e-02 9.345794392523363789e-03 1.526717557251908164e-02 4.459994278085065433e-01
5.660377358490565891e-01 3.030303030303030387e-02 9.345794392523363789e-03 1.428571428571428353e-02 4.288435133100056973e-01
5.477707006369426646e-01 0.000000000000000000e+00 0.000000000000000000e+00 0.000000000000000000e+00 4.154589371980676460e-01
9.377049180327868827e-01 8.492063492063491870e-01 1.000000000000000000e+00 9.184549356223175032e-01 9.520202020202020998e-01
5.771812080536913303e-01 1.199999999999999956e-01 2.803738317757009310e-02 4.545454545454545581e-02 4.564270685521358284e-01
6.772151898734176667e-01 5.373134328358208922e-01 3.364485981308411033e-01 4.137931034482758563e-01 5.940616196395832604e-01
9.496644295302013594e-01 8.770491803278688270e-01 1.000000000000000000e+00 9.344978165938864212e-01 9.607329842931936481e-01
8.580645161290322287e-01 7.739130434782608425e-01 8.317757009345794206e-01 8.018018018018018278e-01 8.518484416002946036e-01
5.639344262295081789e-01 3.571428571428571230e-02 9.345794392523363789e-03 1.481481481481481191e-02 4.364910790144435060e-01
9.050632911392405555e-01 7.810218978102190235e-01 1.000000000000000000e+00 8.770491803278688270e-01 9.282296650717704045e-01
5.628930817610062753e-01 0.000000000000000000e+00 0.000000000000000000e+00 0.000000000000000000e+00 4.241706161137440700e-01
5.559006211180124168e-01 0.000000000000000000e+00 0.000000000000000000e+00 0.000000000000000000e+00 4.162790697674418894e-01
5.628930817610062753e-01 0.000000000000000000e+00 0.000000000000000000e+00 0.000000000000000000e+00 4.241706161137440700e-01
8.726114649681528945e-01 7.680000000000000160e-01 8.971962616822429792e-01 8.275862068965518237e-01 8.785498216623776058e-01
9.315960912052116960e-01 8.359375000000000000e-01 1.000000000000000000e+00 9.106382978723404076e-01 9.475000000000000089e-01
8.259493670886075556e-01 7.321428571428570953e-01 7.663551401869158619e-01 7.488584474885844333e-01 8.114072351652282800e-01
5.559006211180124168e-01 0.000000000000000000e+00 0.000000000000000000e+00 0.000000000000000000e+00 4.162790697674418894e-01
5.587301587301587436e-01 0.000000000000000000e+00 0.000000000000000000e+00 0.000000000000000000e+00 4.230769230769230727e-01
8.971061093247588714e-01 8.000000000000000444e-01 9.345794392523364413e-01 8.620689655172415478e-01 9.060152098222467032e-01
5.639344262295081789e-01 3.571428571428571230e-02 9.345794392523363789e-03 1.481481481481481191e-02 4.364910790144435060e-01
9.050632911392405555e-01 7.810218978102190235e-01 1.000000000000000000e+00 8.770491803278688270e-01 9.282296650717704045e-01
5.628930817610062753e-01 0.000000000000000000e+00 0.000000000000000000e+00 0.000000000000000000e+00 4.241706161137440700e-01
5.559006211180124168e-01 0.000000000000000000e+00 0.000000000000000000e+00 0.000000000000000000e+00 4.162790697674418894e-01
5.559006211180124168e-01 0.000000000000000000e+00 0.000000000000000000e+00 0.000000000000000000e+00 4.162790697674418894e-01
5.723684210526315264e-01 4.000000000000000083e-02 9.345794392523363789e-03 1.515151515151515020e-02 4.437591916125053215e-01
5.668789808917197304e-01 3.225806451612903136e-02 9.345794392523363789e-03 1.449275362318840250e-02 4.322091290803196095e-01
5.700325732899023112e-01 3.703703703703703498e-02 9.345794392523363789e-03 1.492537313432835792e-02 4.396728971962616250e-01
9.022082018927445324e-01 7.753623188405797118e-01 1.000000000000000000e+00 8.734693877551020780e-01 9.261904761904761196e-01
5.932203389830508211e-01 6.666666666666666574e-02 9.345794392523363789e-03 1.639344262295081706e-02 4.674388546430701119e-01
5.681818181818182323e-01 3.571428571428571230e-02 9.345794392523363789e-03 1.481481481481481191e-02 4.375087180917840435e-01
5.559006211180124168e-01 0.000000000000000000e+00 0.000000000000000000e+00 0.000000000000000000e+00 4.162790697674418894e-01
5.628930817610062753e-01 0.000000000000000000e+00 0.000000000000000000e+00 0.000000000000000000e+00 4.241706161137440700e-01
