6.476510067114094049e-01 5.625000000000000000e-01 8.411214953271027583e-02 1.463414634146341375e-01 5.237314674365122213e-01
9.235668789808917367e-01 9.108910891089109230e-01 8.598130841121495171e-01 8.846153846153845812e-01 9.081674116212922199e-01
7.539936102236421966e-01 8.125000000000000000e-01 3.644859813084111999e-01 5.032258064516128560e-01 6.603983304600308246e-01
9.655172413793103869e-01 9.067796610169491789e-01 1.000000000000000000e+00 9.511111111111111294e-01 9.740566037735848282e-01
7.445482866043613424e-01 7.450980392156862919e-01 3.551401869158878344e-01 4.810126582278480556e-01 6.471962616822429792e-01
8.244514106583071822e-01 8.399999999999999689e-01 5.887850467289719170e-01 6.923076923076922906e-01 7.660906365720331346e-01
6.267123287671232390e-01 4.500000000000000111e-01 8.411214953271027583e-02 1.417322834645669272e-01 5.123263450366253302e-01
9.053627760252366263e-01 8.888888888888888395e-01 8.224299065420560551e-01 8.543689320388347941e-01 8.850244770805518746e-01
9.565217391304348116e-01 8.842975206611570771e-01 1.000000000000000000e+00 9.385964912280702066e-01 9.674418604651162656e-01
9.565217391304348116e-01 8.842975206611570771e-01 1.000000000000000000e+00 9.385964912280702066e-01 9.674418604651162656e-01
9.713375796178344013e-01 9.224137931034482873e-01 1.000000000000000000e+00 9.596412556053811604e-01 9.782608695652174058e-01
9.625000000000000222e-01 8.991596638655462437e-01 1.000000000000000000e+00 9.469026548672566657e-01 9.718309859154928843e-01
7.877813504823151236e-01 8.360655737704918433e-01 4.766355140186915862e-01 6.071428571428570953e-01 7.138079530877771139e-01
7.675159235668790325e-01 8.541666666666666297e-01 3.831775700934579310e-01 5.290322580645160366e-01 6.746805724863425002e-01
9.565217391304348116e-01 8.842975206611570771e-01 1.000000000000000000e+00 9.385964912280702066e-01 9.674418604651162656e-01
9.716088328075709324e-01 9.224137931034482873e-01 1.000000000000000000e+00 9.596412556053811604e-01 9.785714285714286476e-01
8.660436137071650942e-01 8.555555555555555136e-01 7.196261682242990343e-01 7.817258883248731083e-01 8.294392523364486625e-01
6.699029126213592589e-01 5.862068965517240882e-01 1.588785046728971861e-01 2.499999999999999722e-01 5.497362820394188221e-01
9.565217391304348116e-01 8.842975206611570771e-01 1.000000000000000000e+00 9.385964912280702066e-01 9.674418604651162656e-01
9.565217391304348116e-01 8.842975206611570771e-01 1.000000000000000000e+00 9.385964912280702066e-01 9.674418604651162656e-01
8.847352024922118252e-01 8.645833333333333703e-01 7.757009345794392274e-01 8.177339901477832518e-01 8.574766355140186480e-01
9.685534591194968623e-01 9.145299145299145005e-01 1.000000000000000000e+00 9.553571428571429047e-01 9.763033175355450011e-01
6.387959866220735972e-01 4.736842105263157632e-01 8.411214953271027583e-02 1.428571428571428492e-01 5.160144080996884597e-01
9.565217391304348116e-01 8.842975206611570771e-01 1.000000000000000000e+00 9.385964912280702066e-01 9.674418604651162656e-01
7.675159235668790325e-01 8.541666666666666297e-01 3.831775700934579310e-01 5.290322580645160366e-01 6.746805724863425002e-01
9.565217391304348116e-01 8.842975206611570771e-01 1.000000000000000000e+00 9.385964912280702066e-01 9.674418604651162656e-01
6.093189964157705862e-01 4.375000000000000000e-01 6.542056074766354479e-02 1.138211382113820946e-01 5.065474896761573698e-01
6.181229773462783017e-01 0.000000000000000000e+00 0.000000000000000000e+00 0.000000000000000000e+00 4.727722772277227481e-01
6.245847176079734053e-01 2.500000000000000000e-01 2.803738317757009310e-02 5.042016806722689204e-02 4.908228153001251703e-01
6.645161290322580960e-01 6.153846153846154188e-01 7.476635514018691031e-02 1.333333333333333315e-01 5.250679066341328305e-01
7.264150943396225912e-01 7.380952380952381375e-01 2.897196261682242757e-01 4.161073825503355805e-01 6.187934623732116446e-01
7.421383647798741601e-01 7.659574468085106336e-01 3.364485981308411033e-01 4.675324675324674661e-01 6.421579483545201139e-01
9.625000000000000222e-01 8.991596638655462437e-01 1.000000000000000000e+00 9.469026548672566657e-01 9.718309859154928843e-01
9.565217391304348116e-01 8.842975206611570771e-01 1.000000000000000000e+00 9.385964912280702066e-01 9.674418604651162656e-01
9.565217391304348116e-01 8.842975206611570771e-01 1.000000000000000000e+00 9.385964912280702066e-01 9.674418604651162656e-01
6.270096463022507560e-01 0.000000000000000000e+00 0.000000000000000000e+00 0.000000000000000000e+00 4.779411764705882582e-01
6.450511945392491953e-01 6.153846153846154188e-01 7.476635514018691031e-02 1.333333333333333315e-01 5.239423173550397106e-01
