9.565217391304348116e-01 8.842975206611570771e-01 1.000000000000000000e+00 9.385964912280702066e-01 9.674418604651162656e-01
9.565217391304348116e-01 8.842975206611570771e-01 1.000000000000000000e+00 9.385964912280702066e-01 9.674418604651162656e-01
9.565217391304348116e-01 8.842975206611570771e-01 1.000000000000000000e+00 9.385964912280702066e-01 9.674418604651162656e-01
6.848874598070739950e-01 6.363636363636363535e-01 1.962616822429906482e-01 2.999999999999999889e-01 5.687190764156129230e-01
9.565217391304348116e-01 8.842975206611570771e-01 1.000000000000000000e+00 9.385964912280702066e-01 9.674418604651162656e-01
9.565217391304348116e-01 8.842975206611570771e-01 1.000000000000000000e+00 9.385964912280702066e-01 9.674418604651162656e-01
9.565217391304348116e-01 8.842975206611570771e-01 1.000000000000000000e+00 9.385964912280702066e-01 9.674418604651162656e-01
6.468646864686468101e-01 5.000000000000000000e-01 7.476635514018691031e-02 1.300813008130081161e-01 5.169750143047873170e-01
9.654088050314465486e-01 9.137931034482759118e-01 9.906542056074766345e-01 9.506726457399102825e-01 9.716304203392832628e-01
9.565217391304348116e-01 8.842975206611570771e-01 1.000000000000000000e+00 9.385964912280702066e-01 9.674418604651162656e-01
9.565217391304348116e-01 8.842975206611570771e-01 1.000000000000000000e+00 9.385964912280702066e-01 9.674418604651162656e-01
9.565217391304348116e-01 8.842975206611570771e-01 1.000000000000000000e+00 9.385964912280702066e-01 9.674418604651162656e-01
9.595015576323987494e-01 8.916666666666667185e-01 1.000000000000000000e+00 9.427312775330397576e-01 9.696261682242991453e-01
9.565217391304348116e-01 8.842975206611570771e-01 1.000000000000000000e+00 9.385964912280702066e-01 9.674418604651162656e-01
9.565217391304348116e-01 8.842975206611570771e-01 1.000000000000000000e+00 9.385964912280702066e-01 9.674418604651162656e-01
9.565217391304348116e-01 8.842975206611570771e-01 1.000000000000000000e+00 9.385964912280702066e-01 9.674418604651162656e-01
9.595015576323987494e-01 8.916666666666667185e-01 1.000000000000000000e+00 9.427312775330397576e-01 9.696261682242991453e-01
9.685534591194968623e-01 9.145299145299145005e-01 1.000000000000000000e+00 9.553571428571429047e-01 9.763033175355450011e-01
9.565217391304348116e-01 8.842975206611570771e-01 1.000000000000000000e+00 9.385964912280702066e-01 9.674418604651162656e-01
9.595015576323987494e-01 8.916666666666667185e-01 1.000000000000000000e+00 9.427312775330397576e-01 9.696261682242991453e-01
9.565217391304348116e-01 8.842975206611570771e-01 1.000000000000000000e+00 9.385964912280702066e-01 9.674418604651162656e-01
9.685534591194968623e-01 9.145299145299145005e-01 1.000000000000000000e+00 9.553571428571429047e-01 9.763033175355450011e-01
9.595015576323987494e-01 8.916666666666667185e-01 1.000000000000000000e+00 9.427312775330397576e-01 9.696261682242991453e-01
9.565217391304348116e-01 8.842975206611570771e-01 1.000000000000000000e+00 9.385964912280702066e-01 9.674418604651162656e-01
9.565217391304348116e-01 8.842975206611570771e-01 1.000000000000000000e+00 9.385964912280702066e-01 9.674418604651162656e-01
9.565217391304348116e-01 8.842975206611570771e-01 1.000000000000000000e+00 9.385964912280702066e-01 9.674418604651162656e-01
9.655172413793103869e-01 9.067796610169491789e-01 1.000000000000000000e+00 9.511111111111111294e-01 9.740566037735848282e-01
9.565217391304348116e-01 8.842975206611570771e-01 1.000000000000000000e+00 9.385964912280702066e-01 9.674418604651162656e-01
9.685534591194968623e-01 9.145299145299145005e-01 1.000000000000000000e+00 9.553571428571429047e-01 9.763033175355450011e-01
9.565217391304348116e-01 8.842975206611570771e-01 1.000000000000000000e+00 9.385964912280702066e-01 9.674418604651162656e-01
9.685534591194968623e-01 9.145299145299145005e-01 1.000000000000000000e+00 9.553571428571429047e-01 9.763033175355450011e-01
9.565217391304348116e-01 8.842975206611570771e-01 1.000000000000000000e+00 9.385964912280702066e-01 9.674418604651162656e-01
9.565217391304348116e-01 8.842975206611570771e-01 1.000000000000000000e+00 9.385964912280702066e-01 9.674418604651162656e-01
9.565217391304348116e-01 8.842975206611570771e-01 1.000000000000000000e+00 9.385964912280702066e-01 9.674418604651162656e-01
9.565217391304348116e-01 8.842975206611570771e-01 1.000000000000000000e+00 9.385964912280702066e-01 9.674418604651162656e-01
9.565217391304348116e-01 8.842975206611570771e-01 1.000000000000000000e+00 9.385964912280702066e-01 9.674418604651162656e-01
9.565217391304348116e-01 8.842975206611570771e-01 1.000000000000000000e+00 9.385964912280702066e-01 9.674418604651162656e-01
