9.625000000000000222e-01 8.991596638655462437e-01 1.000000000000000000e+00 9.469026548672566657e-01 9.718309859154928843e-01
9.595015576323987494e-01 8.916666666666667185e-01 1.000000000000000000e+00 9.427312775330397576e-01 9.696261682242991453e-01
9.595015576323987494e-01 8.916666666666667185e-01 1.000000000000000000e+00 9.427312775330397576e-01 9.696261682242991453e-01
9.565217391304348116e-01 8.842975206611570771e-01 1.000000000000000000e+00 9.385964912280702066e-01 9.674418604651162656e-01
9.682539682539682557e-01 9.369369369369369149e-01 9.719626168224299034e-01 9.541284403669725300e-01 9.691543853342918791e-01
7.770700636942675654e-01 8.032786885245901676e-01 4.579439252336448551e-01 5.833333333333333703e-01 6.999864553704455705e-01
9.565217391304348116e-01 8.842975206611570771e-01 1.000000000000000000e+00 9.385964912280702066e-01 9.674418604651162656e-01
9.625000000000000222e-01 8.991596638655462437e-01 1.000000000000000000e+00 9.469026548672566657e-01 9.718309859154928843e-01
6.167247386759582284e-01 3.636363636363636465e-01 3.738317757009345516e-02 6.779661016949151131e-02 4.992471443406023002e-01
9.565217391304348116e-01 8.842975206611570771e-01 1.000000000000000000e+00 9.385964912280702066e-01 9.674418604651162656e-01
9.565217391304348116e-01 8.842975206611570771e-01 1.000000000000000000e+00 9.385964912280702066e-01 9.674418604651162656e-01
9.565217391304348116e-01 8.842975206611570771e-01 1.000000000000000000e+00 9.385964912280702066e-01 9.674418604651162656e-01
6.746575342465753744e-01 7.142857142857143016e-01 1.869158878504672827e-01 2.962962962962962798e-01 5.718363223036120324e-01
9.565217391304348116e-01 8.842975206611570771e-01 1.000000000000000000e+00 9.385964912280702066e-01 9.674418604651162656e-01
9.565217391304348116e-01 8.842975206611570771e-01 1.000000000000000000e+00 9.385964912280702066e-01 9.674418604651162656e-01
9.565217391304348116e-01 8.842975206611570771e-01 1.000000000000000000e+00 9.385964912280702066e-01 9.674418604651162656e-01
9.595015576323987494e-01 8.916666666666667185e-01 1.000000000000000000e+00 9.427312775330397576e-01 9.696261682242991453e-01
9.595015576323987494e-01 8.916666666666667185e-01 1.000000000000000000e+00 9.427312775330397576e-01 9.696261682242991453e-01
9.565217391304348116e-01 8.842975206611570771e-01 1.000000000000000000e+00 9.385964912280702066e-01 9.674418604651162656e-01
6.742671009771986634e-01 6.206896551724138122e-01 1.682242990654205517e-01 2.647058823529411797e-01 5.566121495327102098e-01
9.625000000000000222e-01 8.991596638655462437e-01 1.000000000000000000e+00 9.469026548672566657e-01 9.718309859154928843e-01
9.685534591194968623e-01 9.145299145299145005e-01 1.000000000000000000e+00 9.553571428571429047e-01 9.763033175355450011e-01
9.684542586750788384e-01 9.145299145299145005e-01 1.000000000000000000e+00 9.553571428571429047e-01 9.761904761904761640e-01
7.694805194805194315e-01 8.913043478260869179e-01 3.831775700934579310e-01 5.359477124183006369e-01 6.791509741014553070e-01
9.565217391304348116e-01 8.842975206611570771e-01 1.000000000000000000e+00 9.385964912280702066e-01 9.674418604651162656e-01
9.565217391304348116e-01 8.842975206611570771e-01 1.000000000000000000e+00 9.385964912280702066e-01 9.674418604651162656e-01
6.543624161073825496e-01 5.909090909090909394e-01 1.214953271028037379e-01 2.015503875968992220e-01 5.371874541273180537e-01
9.565217391304348116e-01 8.842975206611570771e-01 1.000000000000000000e+00 9.385964912280702066e-01 9.674418604651162656e-01
6.506410256410256610e-01 4.444444444444444198e-01 7.476635514018691031e-02 1.280000000000000027e-01 5.129929336676544160e-01
9.595015576323987494e-01 8.916666666666667185e-01 1.000000000000000000e+00 9.427312775330397576e-01 9.696261682242991453e-01
8.924050632911392222e-01 9.101123595505618002e-01 7.570093457943924964e-01 8.265306122448979886e-01 8.593659169163350153e-01
9.565217391304348116e-01 8.842975206611570771e-01 1.000000000000000000e+00 9.385964912280702066e-01 9.674418604651162656e-01
9.595015576323987494e-01 8.916666666666667185e-01 1.000000000000000000e+00 9.427312775330397576e-01 9.696261682242991453e-01
6.791277258566977837e-01 5.666666666666666519e-01 1.588785046728971861e-01 2.481751824817517993e-01 5.490654205607475857e-01
9.565217391304348116e-01 8.842975206611570771e-01 1.000000000000000000e+00 9.385964912280702066e-01 9.674418604651162656e-01
9.565217391304348116e-01 8.842975206611570771e-01 1.000000000000000000e+00 9.385964912280702066e-01 9.674418604651162656e-01
9.625000000000000222e-01 8.991596638655462437e-01 1.000000000000000000e+00 9.469026548672566657e-01 9.718309859154928843e-01
