9.368770764119601635e-01 8.492063492063491870e-01 1.000000000000000000e+00 9.184549356223175032e-01 9.510309278350516093e-01
6.130136986301369939e-01 3.750000000000000000e-01 8.411214953271027583e-02 1.374045801526717347e-01 5.015155342258145188e-01
5.719063545150501193e-01 4.347826086956521618e-02 9.345794392523363789e-03 1.538461538461538200e-02 4.473812305295949421e-01
5.541401273885350198e-01 2.857142857142857054e-02 9.345794392523363789e-03 1.408450704225351971e-02 4.225472933315272961e-01
5.519480519480519654e-01 3.030303030303030387e-02 9.345794392523363789e-03 1.428571428571428353e-02 4.250709071465104683e-01
5.789473684210526550e-01 8.000000000000000167e-02 1.869158878504672758e-02 3.030303030303030040e-02 4.509701598747568596e-01
6.327272727272726938e-01 8.000000000000000444e-01 7.476635514018691031e-02 1.367521367521367381e-01 5.314307966177125309e-01
5.684931506849315586e-01 4.761904761904761640e-02 9.345794392523363789e-03 1.562499999999999827e-02 4.506188431422075702e-01
5.799999999999999600e-01 4.761904761904761640e-02 9.345794392523363789e-03 1.562499999999999827e-02 4.528594256936709361e-01
9.276315789473684736e-01 8.294573643410853014e-01 1.000000000000000000e+00 9.067796610169490679e-01 9.441624365482232939e-01
5.659163987138263741e-01 3.333333333333333287e-02 9.345794392523363789e-03 1.459854014598539924e-02 4.335944658237126381e-01
5.653594771241829964e-01 3.571428571428571230e-02 9.345794392523363789e-03 1.481481481481481191e-02 4.368337012163621691e-01
6.858974358974359031e-01 5.633802816901408717e-01 3.738317757009345654e-01 4.494382022471910543e-01 6.113061317529062677e-01
9.243421052631578538e-01 8.230769230769230393e-01 1.000000000000000000e+00 9.029535864978902593e-01 9.416243654822334941e-01
5.636942675159235527e-01 5.882352941176470507e-02 1.869158878504672758e-02 2.836879432624113059e-02 4.320511084021851911e-01
9.245901639344262790e-01 8.230769230769230393e-01 1.000000000000000000e+00 9.029535864978902593e-01 9.419191919191919338e-01
8.538961038961039307e-01 7.719298245614034659e-01 8.224299065420560551e-01 7.963800904977376138e-01 8.465383363556052698e-01
5.695792880258899737e-01 6.666666666666666574e-02 1.869158878504672758e-02 2.919708029197079849e-02 4.400388636994540525e-01
7.236842105263158187e-01 6.666666666666666297e-01 4.299065420560747586e-01 5.227272727272727071e-01 6.565776365102709011e-01
5.999999999999999778e-01 9.090909090909091161e-02 9.345794392523363789e-03 1.694915254237287783e-02 4.773504928246769530e-01
6.743421052631578538e-01 5.740740740740740700e-01 2.897196261682242757e-01 3.850931677018633037e-01 5.864841785663456042e-01
5.944055944055943730e-01 1.538461538461538547e-01 1.869158878504672758e-02 3.333333333333333287e-02 4.786195374092831467e-01
5.802047781569965590e-01 5.555555555555555247e-02 9.345794392523363789e-03 1.600000000000000033e-02 4.589739724650788166e-01
6.830065359477124343e-01 5.833333333333333703e-01 3.271028037383177378e-01 4.191616766467065602e-01 6.007373315174000528e-01
9.243421052631578538e-01 8.230769230769230393e-01 1.000000000000000000e+00 9.029535864978902593e-01 9.416243654822334941e-01
5.636942675159235527e-01 5.882352941176470507e-02 1.869158878504672758e-02 2.836879432624113059e-02 4.320511084021851911e-01
6.079734219269102846e-01 2.962962962962962798e-01 7.476635514018691031e-02 1.194029850746268634e-01 4.884141054051450159e-01
5.434782608695651884e-01 0.000000000000000000e+00 0.000000000000000000e+00 0.000000000000000000e+00 4.069767441860465129e-01
5.649350649350649567e-01 0.000000000000000000e+00 0.000000000000000000e+00 0.000000000000000000e+00 4.328358208955224162e-01
5.569620253164556667e-01 2.857142857142857054e-02 9.345794392523363789e-03 1.408450704225351971e-02 4.233331842776013598e-01
5.699999999999999512e-01 4.166666666666666435e-02 9.345794392523363789e-03 1.526717557251908164e-02 4.450874049682823630e-01
5.889967637540453049e-01 2.058823529411764608e-01 6.542056074766354479e-02 9.929078014184394840e-02 4.658785972055148883e-01
5.852842809364549037e-01 9.523809523809523281e-02 1.869158878504672758e-02 3.124999999999999653e-02 4.598666277258566804e-01
5.789473684210526550e-01 8.000000000000000167e-02 1.869158878504672758e-02 3.030303030303030040e-02 4.509701598747568596e-01
9.185667752442996381e-01 8.106060606060605522e-01 1.000000000000000000e+00 8.953974895397489586e-01 9.375000000000000000e-01
8.924050632911392222e-01 7.588652482269503396e-01 1.000000000000000000e+00 8.629032258064516236e-01 9.186602870813397326e-01
5.663430420711974556e-01 3.448275862068965469e-02 9.345794392523363789e-03 1.470588235294117453e-02 4.353659665031923698e-01
