5.819397993311036243e-01 9.090909090909091161e-02 1.869158878504672758e-02 3.100775193798449222e-02 4.572624610591900507e-01
8.895899053627760455e-01 7.535211267605633756e-01 1.000000000000000000e+00 8.594377510040159818e-01 9.166666666666667407e-01
9.306930693069307425e-01 8.359375000000000000e-01 1.000000000000000000e+00 9.106382978723404076e-01 9.464285714285715079e-01
6.135593220338982912e-01 3.333333333333333148e-01 6.542056074766354479e-02 1.093749999999999861e-01 4.954762378206402085e-01
5.457413249211356954e-01 0.000000000000000000e+00 0.000000000000000000e+00 0.000000000000000000e+00 4.119047619047618847e-01
5.899999999999999689e-01 1.363636363636363535e-01 2.803738317757009310e-02 4.651162790697674354e-02 4.647958936613238445e-01
5.700325732899023112e-01 3.703703703703703498e-02 9.345794392523363789e-03 1.492537313432835792e-02 4.396728971962616250e-01
6.076388888888888395e-01 2.000000000000000111e-01 1.869158878504672758e-02 3.418803418803418454e-02 4.872463468787112117e-01
9.215686274509803377e-01 8.167938931297710203e-01 1.000000000000000000e+00 8.991596638655461327e-01 9.396984924623116298e-01
6.193548387096774466e-01 3.829787234042553168e-01 1.682242990654205517e-01 2.337662337662337331e-01 5.126835781041388929e-01
5.954692556634304523e-01 2.631578947368420907e-01 9.345794392523364136e-02 1.379310344827586188e-01 4.774220412695475146e-01
9.155844155844156118e-01 8.045112781954887327e-01 1.000000000000000000e+00 8.916666666666667185e-01 9.353233830845771868e-01
5.798045602605863547e-01 1.333333333333333315e-01 3.738317757009345516e-02 5.839416058394159698e-02 4.536915887850467288e-01
6.216216216216216006e-01 4.137931034482758563e-01 1.121495327102803724e-01 1.764705882352941291e-01 5.111012213815951943e-01
9.009584664536741672e-01 7.753623188405797118e-01 1.000000000000000000e+00 8.734693877551020780e-01 9.247572815533980917e-01
5.805369127516778471e-01 5.000000000000000278e-02 9.345794392523363789e-03 1.574803149606298844e-02 4.549346773009736999e-01
5.859649122807017996e-01 7.692307692307692735e-02 9.345794392523363789e-03 1.666666666666666644e-02 4.709650320277223301e-01
5.530546623794212469e-01 2.941176470588235253e-02 9.345794392523363789e-03 1.418439716312056530e-02 4.237905442550851665e-01
6.483870967741935942e-01 4.821428571428571508e-01 2.523364485981308136e-01 3.312883435582821834e-01 5.547396528704939822e-01
9.276315789473684736e-01 8.294573643410853014e-01 1.000000000000000000e+00 9.067796610169490679e-01 9.441624365482232939e-01
6.568627450980392135e-01 5.192307692307692735e-01 2.523364485981308136e-01 3.396226415094338869e-01 5.633541539473065907e-01
5.509554140127388422e-01 0.000000000000000000e+00 0.000000000000000000e+00 0.000000000000000000e+00 4.178743961352656688e-01
6.006825938566553447e-01 1.428571428571428492e-01 1.869158878504672758e-02 3.305785123966941547e-02 4.770877298763943619e-01
8.708609271523178874e-01 8.148148148148147696e-01 8.224299065420560551e-01 8.186046511627905753e-01 8.599329019889767611e-01
6.216216216216216006e-01 4.137931034482758563e-01 1.121495327102803724e-01 1.764705882352941291e-01 5.111012213815951943e-01
9.009584664536741672e-01 7.753623188405797118e-01 1.000000000000000000e+00 8.734693877551020780e-01 9.247572815533980917e-01
5.799999999999999600e-01 4.761904761904761640e-02 9.345794392523363789e-03 1.562499999999999827e-02 4.528594256936709361e-01
5.798611111111111605e-01 6.250000000000000000e-02 9.345794392523363789e-03 1.626016260162601451e-02 4.632364331078638320e-01
5.864406779661016644e-01 5.882352941176470507e-02 9.345794392523363789e-03 1.612903225806451221e-02 4.621197057068999192e-01
6.013986013986013512e-01 1.111111111111111049e-01 9.345794392523363789e-03 1.724137931034482735e-02 4.823265284811778519e-01
5.924657534246575707e-01 7.142857142857142461e-02 9.345794392523363789e-03 1.652892561983470773e-02 4.695377620611265179e-01
5.931034482758620330e-01 7.692307692307692735e-02 9.345794392523363789e-03 1.666666666666666644e-02 4.718860119503600070e-01
8.980891719745223156e-01 7.697841726618704916e-01 1.000000000000000000e+00 8.699186991869918284e-01 9.227053140096618256e-01
6.111111111111111605e-01 1.428571428571428492e-01 9.345794392523363789e-03 1.754385964912280604e-02 4.880983115609025536e-01
6.013745704467353681e-01 9.090909090909091161e-02 9.345794392523363789e-03 1.694915254237287783e-02 4.774989841527833567e-01
5.902777777777777901e-01 1.333333333333333315e-01 1.869158878504672758e-02 3.278688524590163411e-02 4.734341921825785948e-01
5.999999999999999778e-01 1.538461538461538547e-01 1.869158878504672758e-02 3.333333333333333287e-02 4.792911495837802183e-01
