5.548172757475082761e-01 3.448275862068965469e-02 9.345794392523363789e-03 1.470588235294117453e-02 4.325079487426534142e-01
5.533333333333333437e-01 3.448275862068965469e-02 9.345794392523363789e-03 1.470588235294117453e-02 4.321340370926347041e-01
6.175438596491228394e-01 2.500000000000000000e-01 9.345794392523363789e-03 1.801801801801801786e-02 4.962459309041267752e-01
7.035830618892507937e-01 6.176470588235294379e-01 3.925233644859812965e-01 4.799999999999999822e-01 6.312616822429906183e-01
9.185667752442996381e-01 8.106060606060605522e-01 1.000000000000000000e+00 8.953974895397489586e-01 9.375000000000000000e-01
5.819397993311036243e-01 9.090909090909091161e-02 1.869158878504672758e-02 3.100775193798449222e-02 4.572624610591900507e-01
9.185667752442996381e-01 8.106060606060605522e-01 1.000000000000000000e+00 8.953974895397489586e-01 9.375000000000000000e-01
6.310679611650485965e-01 4.285714285714285476e-01 1.962616822429906482e-01 2.692307692307692180e-01 5.288239104284260250e-01
5.559210526315789824e-01 0.000000000000000000e+00 0.000000000000000000e+00 0.000000000000000000e+00 4.289340101522842730e-01
6.570512820512820484e-01 5.000000000000000000e-01 2.897196261682242757e-01 3.668639053254437732e-01 5.692500569865511784e-01
5.869565217391304879e-01 1.111111111111111049e-01 9.345794392523363789e-03 1.724137931034482735e-02 4.810042581430071795e-01
9.276315789473684736e-01 8.294573643410853014e-01 1.000000000000000000e+00 9.067796610169490679e-01 9.441624365482232939e-01
5.667752442996742968e-01 3.571428571428571230e-02 9.345794392523363789e-03 1.481481481481481191e-02 4.371728971962616228e-01
6.587837837837837718e-01 5.789473684210526550e-01 2.056074766355140138e-01 3.034482758620689613e-01 5.604756959897146951e-01
9.096774193548387011e-01 7.925925925925926263e-01 1.000000000000000000e+00 8.842975206611569661e-01 9.310344827586206629e-01
5.794701986754966505e-01 8.333333333333332871e-02 1.869158878504672758e-02 3.053435114503816328e-02 4.529355379822669336e-01
8.952380952380952772e-01 7.642857142857142350e-01 1.000000000000000000e+00 8.663967611336031993e-01 9.206730769230768718e-01
6.032786885245902120e-01 2.941176470588235392e-01 9.345794392523364136e-02 1.418439716312056564e-01 4.861229113565562199e-01
5.904436860068259518e-01 6.666666666666666574e-02 9.345794392523363789e-03 1.639344262295081706e-02 4.670384885941111230e-01
5.952380952380952328e-01 7.142857142857142461e-02 9.345794392523363789e-03 1.652892561983470773e-02 4.699135389074915459e-01
6.081081081081081141e-01 3.200000000000000067e-01 7.476635514018691031e-02 1.212121212121212016e-01 4.924096325965484633e-01
8.952380952380952772e-01 7.642857142857142350e-01 1.000000000000000000e+00 8.663967611336031993e-01 9.206730769230768718e-01
5.434782608695651884e-01 0.000000000000000000e+00 0.000000000000000000e+00 0.000000000000000000e+00 4.069767441860465129e-01
5.830508474576271416e-01 5.555555555555555247e-02 9.345794392523363789e-03 1.600000000000000033e-02 4.594601312388147951e-01
6.587837837837837718e-01 5.789473684210526550e-01 2.056074766355140138e-01 3.034482758620689613e-01 5.604756959897146951e-01
9.096774193548387011e-01 7.925925925925926263e-01 1.000000000000000000e+00 8.842975206611569661e-01 9.310344827586206629e-01
5.752508361204012877e-01 1.153846153846153910e-01 2.803738317757009310e-02 4.511278195488721554e-02 4.541228582554516779e-01
5.566666666666666430e-01 3.571428571428571230e-02 9.345794392523363789e-03 1.481481481481481191e-02 4.347247106677641915e-01
5.620915032679738577e-01 3.448275862068965469e-02 9.345794392523363789e-03 1.470588235294117453e-02 4.343211384022918065e-01
5.853658536585365502e-01 1.250000000000000000e-01 1.869158878504672758e-02 3.252032520325202902e-02 4.704569055036345038e-01
5.694915254237288282e-01 4.545454545454545581e-02 9.345794392523363789e-03 1.550387596899224611e-02 4.488218333664744097e-01
9.245901639344262790e-01 8.230769230769230393e-01 1.000000000000000000e+00 9.029535864978902593e-01 9.419191919191919338e-01
5.827586206896552268e-01 6.250000000000000000e-02 9.345794392523363789e-03 1.626016260162601451e-02 4.636892906388845881e-01
8.125000000000000000e-01 7.450980392156862919e-01 7.102803738317756688e-01 7.272727272727271819e-01 7.891503392001518735e-01
8.895899053627760455e-01 7.535211267605633756e-01 1.000000000000000000e+00 8.594377510040159818e-01 9.166666666666667407e-01
8.952380952380952772e-01 7.642857142857142350e-01 1.000000000000000000e+00 8.663967611336031993e-01 9.206730769230768718e-01
8.758389261744966570e-01 8.301886792452830566e-01 8.224299065420560551e-01 8.262910798122067302e-01 8.640945344228605496e-01
