9.472049689440993347e-01 8.629032258064516236e-01 1.000000000000000000e+00 9.264069264069264564e-01 9.604651162790698304e-01
7.547169811320755262e-01 7.543859649122807154e-01 4.018691588785046620e-01 5.243902439024390461e-01 6.677592239890153269e-01
9.472049689440993347e-01 8.629032258064516236e-01 1.000000000000000000e+00 9.264069264069264564e-01 9.604651162790698304e-01
9.591194968553459210e-01 8.916666666666667185e-01 1.000000000000000000e+00 9.427312775330397576e-01 9.691943127962086013e-01
9.037267080745341463e-01 8.454545454545454586e-01 8.691588785046728827e-01 8.571428571428570953e-01 8.950445555314062718e-01
4.195121951219512035e-01 0.000000000000000000e+00 0.000000000000000000e+00 0.000000000000000000e+00 4.387755102040816202e-01
8.190789473684210176e-01 8.611111111111111605e-01 5.794392523364485514e-01 6.927374301675978119e-01 7.643389155083256670e-01
9.561128526645767955e-01 8.842975206611570771e-01 1.000000000000000000e+00 9.385964912280702066e-01 9.669811320754717610e-01
6.197183098591548811e-01 4.705882352941176405e-01 7.476635514018691031e-02 1.290322580645160977e-01 5.119594487565340968e-01
5.652173913043477826e-01 0.000000000000000000e+00 0.000000000000000000e+00 0.000000000000000000e+00 4.615384615384615641e-01
9.472049689440993347e-01 8.629032258064516236e-01 1.000000000000000000e+00 9.264069264069264564e-01 9.604651162790698304e-01
9.472049689440993347e-01 8.629032258064516236e-01 1.000000000000000000e+00 9.264069264069264564e-01 9.604651162790698304e-01
6.923076923076922906e-01 6.410256410256410797e-01 2.336448598130841103e-01 3.424657534246575152e-01 5.826760884431273491e-01
9.501557632398753839e-01 8.699186991869918284e-01 1.000000000000000000e+00 9.304347826086956097e-01 9.626168224299065379e-01
9.472049689440993347e-01 8.629032258064516236e-01 1.000000000000000000e+00 9.264069264069264564e-01 9.604651162790698304e-01
7.032258064516129226e-01 6.829268292682927344e-01 2.616822429906541791e-01 3.783783783783783994e-01 5.988214170618295640e-01
9.651898734177215555e-01 9.067796610169491789e-01 1.000000000000000000e+00 9.511111111111111294e-01 9.736842105263158187e-01
9.501557632398753839e-01 8.699186991869918284e-01 1.000000000000000000e+00 9.304347826086956097e-01 9.626168224299065379e-01
9.472049689440993347e-01 8.629032258064516236e-01 1.000000000000000000e+00 9.264069264069264564e-01 9.604651162790698304e-01
5.958904109589041598e-01 0.000000000000000000e+00 0.000000000000000000e+00 0.000000000000000000e+00 4.702702702702702409e-01
9.472049689440993347e-01 8.629032258064516236e-01 1.000000000000000000e+00 9.264069264069264564e-01 9.604651162790698304e-01
7.115987460815047516e-01 6.744186046511627675e-01 2.710280373831775447e-01 3.866666666666666030e-01 6.024951507670605055e-01
9.591194968553459210e-01 8.916666666666667185e-01 1.000000000000000000e+00 9.427312775330397576e-01 9.691943127962086013e-01
6.590909090909090606e-01 5.294117647058823595e-01 1.682242990654205517e-01 2.553191489361701927e-01 5.443111545078347380e-01
9.501557632398753839e-01 8.699186991869918284e-01 1.000000000000000000e+00 9.304347826086956097e-01 9.626168224299065379e-01
9.472049689440993347e-01 8.629032258064516236e-01 1.000000000000000000e+00 9.264069264069264564e-01 9.604651162790698304e-01
7.986798679867986861e-01 8.194444444444444198e-01 5.514018691588784549e-01 6.592178770949720379e-01 7.425376692733167694e-01
9.531250000000000000e-01 8.770491803278688270e-01 1.000000000000000000e+00 9.344978165938864212e-01 9.647887323943661331e-01
6.928104575163398504e-01 6.666666666666666297e-01 2.429906542056074759e-01 3.561643835616438158e-01 5.888320105198892040e-01
9.472049689440993347e-01 8.629032258064516236e-01 1.000000000000000000e+00 9.264069264069264564e-01 9.604651162790698304e-01
9.501557632398753839e-01 8.699186991869918284e-01 1.000000000000000000e+00 9.304347826086956097e-01 9.626168224299065379e-01
9.354838709677418818e-01 8.717948717948718063e-01 9.532710280373831724e-01 9.107142857142856984e-01 9.396897012108097469e-01
9.591194968553459210e-01 8.916666666666667185e-01 1.000000000000000000e+00 9.427312775330397576e-01 9.691943127962086013e-01
6.258064516129032695e-01 2.000000000000000111e-01 2.803738317757009310e-02 4.918032786885245811e-02 4.844620413424795546e-01
9.472049689440993347e-01 8.629032258064516236e-01 1.000000000000000000e+00 9.264069264069264564e-01 9.604651162790698304e-01
9.501557632398753839e-01 8.699186991869918284e-01 1.000000000000000000e+00 9.304347826086956097e-01 9.626168224299065379e-01
9.501557632398753839e-01 8.699186991869918284e-01 1.000000000000000000e+00 9.304347826086956097e-01 9.626168224299065379e-01
