6.237288135593220817e-01 4.000000000000000222e-01 7.476635514018691031e-02 1.259842519685039075e-01 5.054682839530721949e-01
9.561128526645767955e-01 8.842975206611570771e-01 1.000000000000000000e+00 9.385964912280702066e-01 9.669811320754717610e-01
5.999999999999999778e-01 5.600000000000000533e-01 1.308411214953270896e-01 2.121212121212120993e-01 5.294728483293629218e-01
9.472049689440993347e-01 8.629032258064516236e-01 1.000000000000000000e+00 9.264069264069264564e-01 9.604651162790698304e-01
9.591194968553459210e-01 8.916666666666667185e-01 1.000000000000000000e+00 9.427312775330397576e-01 9.691943127962086013e-01
7.899686520376175691e-01 7.941176470588234837e-01 5.046728971962616273e-01 6.171428571428571042e-01 7.193175806736024080e-01
6.297577854671280173e-01 5.000000000000000000e-01 1.214953271028037379e-01 1.954887218045112673e-01 5.250333778371162330e-01
9.201277955271565112e-01 8.796296296296296502e-01 8.878504672897196137e-01 8.837209302325580440e-01 9.123718355866073937e-01
9.472049689440993347e-01 8.629032258064516236e-01 1.000000000000000000e+00 9.264069264069264564e-01 9.604651162790698304e-01
9.472049689440993347e-01 8.629032258064516236e-01 1.000000000000000000e+00 9.264069264069264564e-01 9.604651162790698304e-01
6.611842105263158187e-01 5.999999999999999778e-01 1.121495327102803724e-01 1.889763779527559029e-01 5.357701978272213506e-01
9.472049689440993347e-01 8.629032258064516236e-01 1.000000000000000000e+00 9.264069264069264564e-01 9.604651162790698304e-01
9.559748427672956073e-01 8.842975206611570771e-01 1.000000000000000000e+00 9.385964912280702066e-01 9.668246445497630237e-01
6.823899371069181985e-01 5.937500000000000000e-01 1.775700934579439172e-01 2.733812949640287981e-01 5.579793595251804073e-01
9.472049689440993347e-01 8.629032258064516236e-01 1.000000000000000000e+00 9.264069264069264564e-01 9.604651162790698304e-01
7.269841269841269549e-01 7.234042553191489811e-01 3.177570093457943723e-01 4.415584415584415945e-01 6.276285046728972139e-01
6.491803278688524914e-01 5.000000000000000000e-01 1.401869158878504551e-01 2.189781021897810043e-01 5.322146700651373408e-01
9.472049689440993347e-01 8.629032258064516236e-01 1.000000000000000000e+00 9.264069264069264564e-01 9.604651162790698304e-01
9.472049689440993347e-01 8.629032258064516236e-01 1.000000000000000000e+00 9.264069264069264564e-01 9.604651162790698304e-01
8.660436137071650942e-01 8.333333333333333703e-01 7.476635514018691309e-01 7.881773399014777581e-01 8.364485981308411588e-01
9.472049689440993347e-01 8.629032258064516236e-01 1.000000000000000000e+00 9.264069264069264564e-01 9.604651162790698304e-01
6.938775510204081565e-01 7.741935483870967527e-01 2.242990654205607448e-01 3.478260869565217295e-01 5.934329551701734706e-01
6.977491961414791222e-01 6.585365853658536883e-01 2.523364485981308136e-01 3.648648648648648019e-01 5.918544988088693115e-01
9.501557632398753839e-01 8.699186991869918284e-01 1.000000000000000000e+00 9.304347826086956097e-01 9.626168224299065379e-01
6.823899371069181985e-01 5.937500000000000000e-01 1.775700934579439172e-01 2.733812949640287981e-01 5.579793595251804073e-01
9.472049689440993347e-01 8.629032258064516236e-01 1.000000000000000000e+00 9.264069264069264564e-01 9.604651162790698304e-01
6.927899686520375688e-01 6.153846153846154188e-01 2.242990654205607448e-01 3.287671232876712701e-01 5.767721742197143842e-01
9.529780564263322651e-01 8.770491803278688270e-01 1.000000000000000000e+00 9.344978165938864212e-01 9.646226415094338869e-01
6.348684210526315264e-01 4.166666666666666852e-01 9.345794392523364136e-02 1.526717557251908441e-01 5.111959770387589641e-01
8.896103896103896291e-01 8.686868686868687295e-01 8.037383177570093240e-01 8.349514563106795739e-01 8.695308504207931444e-01
6.700000000000000400e-01 6.333333333333333037e-01 1.775700934579439172e-01 2.773722627737226221e-01 5.602876374025470563e-01
9.501557632398753839e-01 8.699186991869918284e-01 1.000000000000000000e+00 9.304347826086956097e-01 9.626168224299065379e-01
9.082278481012657778e-01 8.900000000000000133e-01 8.317757009345794206e-01 8.599033816425121213e-01 8.895720609936056400e-01
9.472049689440993347e-01 8.629032258064516236e-01 1.000000000000000000e+00 9.264069264069264564e-01 9.604651162790698304e-01
9.472049689440993347e-01 8.629032258064516236e-01 1.000000000000000000e+00 9.264069264069264564e-01 9.604651162790698304e-01
6.643598615916954664e-01 6.562500000000000000e-01 1.962616822429906482e-01 3.021582733812949728e-01 5.679110609017150590e-01
9.472049689440993347e-01 8.629032258064516236e-01 1.000000000000000000e+00 9.264069264069264564e-01 9.604651162790698304e-01
