9.472049689440993347e-01 8.629032258064516236e-01 1.000000000000000000e+00 9.264069264069264564e-01 9.604651162790698304e-01
9.472049689440993347e-01 8.629032258064516236e-01 1.000000000000000000e+00 9.264069264069264564e-01 9.604651162790698304e-01
9.472049689440993347e-01 8.629032258064516236e-01 1.000000000000000000e+00 9.264069264069264564e-01 9.604651162790698304e-01
9.472049689440993347e-01 8.629032258064516236e-01 1.000000000000000000e+00 9.264069264069264564e-01 9.604651162790698304e-01
5.547169811320754595e-01 0.000000000000000000e+00 0.000000000000000000e+00 0.000000000000000000e+00 4.651898734177215000e-01
9.472049689440993347e-01 8.629032258064516236e-01 1.000000000000000000e+00 9.264069264069264564e-01 9.604651162790698304e-01
9.619047619047619291e-01 8.991596638655462437e-01 1.000000000000000000e+00 9.469026548672566657e-01 9.711538461538461453e-01
9.561128526645767955e-01 8.842975206611570771e-01 1.000000000000000000e+00 9.385964912280702066e-01 9.669811320754717610e-01
9.531250000000000000e-01 8.770491803278688270e-01 1.000000000000000000e+00 9.344978165938864212e-01 9.647887323943661331e-01
9.310344827586206629e-01 8.632478632478632896e-01 9.439252336448598069e-01 9.017857142857143016e-01 9.342267677658261382e-01
9.501557632398753839e-01 8.699186991869918284e-01 1.000000000000000000e+00 9.304347826086956097e-01 9.626168224299065379e-01
9.472049689440993347e-01 8.629032258064516236e-01 1.000000000000000000e+00 9.264069264069264564e-01 9.604651162790698304e-01
9.591194968553459210e-01 8.916666666666667185e-01 1.000000000000000000e+00 9.427312775330397576e-01 9.691943127962086013e-01
9.587301587301587658e-01 8.916666666666667185e-01 1.000000000000000000e+00 9.427312775330397576e-01 9.687500000000000000e-01
9.472049689440993347e-01 8.629032258064516236e-01 1.000000000000000000e+00 9.264069264069264564e-01 9.604651162790698304e-01
9.591194968553459210e-01 8.916666666666667185e-01 1.000000000000000000e+00 9.427312775330397576e-01 9.691943127962086013e-01
8.184713375796178747e-01 8.472222222222222099e-01 5.700934579439251859e-01 6.815642458100558132e-01 7.584766806627838420e-01
6.026936026936027258e-01 0.000000000000000000e+00 0.000000000000000000e+00 0.000000000000000000e+00 4.710526315789473895e-01
9.472049689440993347e-01 8.629032258064516236e-01 1.000000000000000000e+00 9.264069264069264564e-01 9.604651162790698304e-01
6.872964169381107213e-01 6.666666666666666297e-01 2.056074766355140138e-01 3.142857142857142794e-01 5.753037383177570518e-01
9.472049689440993347e-01 8.629032258064516236e-01 1.000000000000000000e+00 9.264069264069264564e-01 9.604651162790698304e-01
6.363636363636363535e-01 3.913043478260869734e-01 8.411214953271027583e-02 1.384615384615384415e-01 5.072302041195888567e-01
9.472049689440993347e-01 8.629032258064516236e-01 1.000000000000000000e+00 9.264069264069264564e-01 9.604651162790698304e-01
9.472049689440993347e-01 8.629032258064516236e-01 1.000000000000000000e+00 9.264069264069264564e-01 9.604651162790698304e-01
9.587301587301587658e-01 8.916666666666667185e-01 1.000000000000000000e+00 9.427312775330397576e-01 9.687500000000000000e-01
9.472049689440993347e-01 8.629032258064516236e-01 1.000000000000000000e+00 9.264069264069264564e-01 9.604651162790698304e-01
9.472049689440993347e-01 8.629032258064516236e-01 1.000000000000000000e+00 9.264069264069264564e-01 9.604651162790698304e-01
9.472049689440993347e-01 8.629032258064516236e-01 1.000000000000000000e+00 9.264069264069264564e-01 9.604651162790698304e-01
7.813504823151125045e-01 8.095238095238095344e-01 4.766355140186915862e-01 6.000000000000000888e-01 7.089059923034634059e-01
9.472049689440993347e-01 8.629032258064516236e-01 1.000000000000000000e+00 9.264069264069264564e-01 9.604651162790698304e-01
9.501557632398753839e-01 8.699186991869918284e-01 1.000000000000000000e+00 9.304347826086956097e-01 9.626168224299065379e-01
9.472049689440993347e-01 8.629032258064516236e-01 1.000000000000000000e+00 9.264069264069264564e-01 9.604651162790698304e-01
9.050632911392405555e-01 8.811881188118811936e-01 8.317757009345794206e-01 8.557692307692306155e-01 8.871797164959978055e-01
6.591639871382636295e-01 5.172413793103448620e-01 1.401869158878504551e-01 2.205882352941176405e-01 5.357797324537291184e-01
9.472049689440993347e-01 8.629032258064516236e-01 1.000000000000000000e+00 9.264069264069264564e-01 9.604651162790698304e-01
9.158878504672897103e-01 8.508771929824561209e-01 9.065420560747663448e-01 8.778280542986425239e-01 9.135514018691589522e-01
9.561128526645767955e-01 8.842975206611570771e-01 1.000000000000000000e+00 9.385964912280702066e-01 9.669811320754717610e-01
