4.984227129337539530e-01 0.000000000000000000e+00 0.000000000000000000e+00 0.000000000000000000e+00 3.761904761904761862e-01
8.229813664596273837e-01 6.524390243902439268e-01 1.000000000000000000e+00 7.896678966789668630e-01 8.674418604651162878e-01
5.129870129870129913e-01 0.000000000000000000e+00 0.000000000000000000e+00 0.000000000000000000e+00 3.930348258706467535e-01
8.603896103896103709e-01 7.133333333333333748e-01 1.000000000000000000e+00 8.326848249027237747e-01 8.930348258706467535e-01
5.081967213114754189e-01 2.222222222222222307e-02 9.345794392523363789e-03 1.315789473684210627e-02 3.935617860851505778e-01
5.147540983606557763e-01 2.325581395348837177e-02 9.345794392523363789e-03 1.333333333333333245e-02 3.986122911356555498e-01
5.145631067961164984e-01 2.222222222222222307e-02 9.345794392523363789e-03 1.315789473684210627e-02 3.957620061071527306e-01
4.952978056426332043e-01 0.000000000000000000e+00 0.000000000000000000e+00 0.000000000000000000e+00 3.726415094339622369e-01
8.603896103896103709e-01 7.133333333333333748e-01 1.000000000000000000e+00 8.326848249027237747e-01 8.930348258706467535e-01
8.493589743589743390e-01 6.948051948051947591e-01 1.000000000000000000e+00 8.199233716475095024e-01 8.853658536585365946e-01
8.576051779935275343e-01 7.086092715231787631e-01 1.000000000000000000e+00 8.294573643410853014e-01 8.910891089108911034e-01
8.359621451104101153e-01 6.729559748427672572e-01 1.000000000000000000e+00 8.045112781954886216e-01 8.761904761904761862e-01
5.196078431372549433e-01 2.380952380952380820e-02 9.345794392523363789e-03 1.342281879194630670e-02 4.016578218193772032e-01
4.952978056426332043e-01 0.000000000000000000e+00 0.000000000000000000e+00 0.000000000000000000e+00 3.726415094339622369e-01
8.229813664596273837e-01 6.524390243902439268e-01 1.000000000000000000e+00 7.896678966789668630e-01 8.674418604651162878e-01
4.906832298136645787e-01 0.000000000000000000e+00 0.000000000000000000e+00 0.000000000000000000e+00 3.674418604651162878e-01
4.906832298136645787e-01 0.000000000000000000e+00 0.000000000000000000e+00 0.000000000000000000e+00 3.674418604651162878e-01
8.386075949367088889e-01 6.772151898734176667e-01 1.000000000000000000e+00 8.075471698113206864e-01 8.779904306220095433e-01
8.359621451104101153e-01 6.729559748427672572e-01 1.000000000000000000e+00 8.045112781954886216e-01 8.761904761904761862e-01
5.729166666666666297e-01 2.333333333333333370e-01 6.542056074766354479e-02 1.021897810218977964e-01 4.691743687716217748e-01
8.255451713395638436e-01 6.564417177914110280e-01 1.000000000000000000e+00 7.925925925925926263e-01 8.691588785046728827e-01
4.906832298136645787e-01 0.000000000000000000e+00 0.000000000000000000e+00 0.000000000000000000e+00 3.674418604651162878e-01
5.352564102564102422e-01 1.833333333333333204e-01 1.028037383177570069e-01 1.317365269461077959e-01 4.318896740369272957e-01
8.576051779935275343e-01 7.086092715231787631e-01 1.000000000000000000e+00 8.294573643410853014e-01 8.910891089108911034e-01
4.952978056426332043e-01 0.000000000000000000e+00 0.000000000000000000e+00 0.000000000000000000e+00 3.726415094339622369e-01
8.229813664596273837e-01 6.524390243902439268e-01 1.000000000000000000e+00 7.896678966789668630e-01 8.674418604651162878e-01
4.906832298136645787e-01 0.000000000000000000e+00 0.000000000000000000e+00 0.000000000000000000e+00 3.674418604651162878e-01
4.906832298136645787e-01 0.000000000000000000e+00 0.000000000000000000e+00 0.000000000000000000e+00 3.674418604651162878e-01
4.906832298136645787e-01 0.000000000000000000e+00 0.000000000000000000e+00 0.000000000000000000e+00 3.674418604651162878e-01
5.000000000000000000e-01 0.000000000000000000e+00 0.000000000000000000e+00 0.000000000000000000e+00 3.779904306220095433e-01
4.906832298136645787e-01 0.000000000000000000e+00 0.000000000000000000e+00 0.000000000000000000e+00 3.674418604651162878e-01
4.906832298136645787e-01 0.000000000000000000e+00 0.000000000000000000e+00 0.000000000000000000e+00 3.674418604651162878e-01
8.281250000000000000e-01 6.604938271604938738e-01 1.000000000000000000e+00 7.955390334572490785e-01 8.708920187793427470e-01
8.439490445859872958e-01 6.858974358974359031e-01 1.000000000000000000e+00 8.136882129277566156e-01 8.816425120772947155e-01
4.906832298136645787e-01 0.000000000000000000e+00 0.000000000000000000e+00 0.000000000000000000e+00 3.674418604651162878e-01
5.130718954248365549e-01 2.272727272727272790e-02 9.345794392523363789e-03 1.324503311258277971e-02 3.966326961912365334e-01
5.145631067961164984e-01 2.222222222222222307e-02 9.345794392523363789e-03 1.315789473684210627e-02 3.957620061071527306e-01
