8.660130718954248685e-01 7.229729729729730270e-01 1.000000000000000000e+00 8.392156862745098200e-01 8.969849246231156314e-01
6.114864864864865135e-01 4.259259259259259300e-01 2.149532710280373793e-01 2.857142857142856984e-01 5.254660535034366697e-01
8.359621451104101153e-01 6.729559748427672572e-01 1.000000000000000000e+00 8.045112781954886216e-01 8.761904761904761862e-01
4.906832298136645787e-01 0.000000000000000000e+00 0.000000000000000000e+00 0.000000000000000000e+00 3.674418604651162878e-01
5.047923322683706138e-01 0.000000000000000000e+00 0.000000000000000000e+00 0.000000000000000000e+00 3.834951456310679574e-01
5.384615384615384359e-01 8.108108108108108558e-02 2.803738317757009310e-02 4.166666666666666435e-02 4.254770249221183631e-01
4.906832298136645787e-01 0.000000000000000000e+00 0.000000000000000000e+00 0.000000000000000000e+00 3.674418604651162878e-01
5.129032258064516459e-01 2.173913043478260809e-02 9.345794392523363789e-03 1.307189542483659823e-02 3.938354587726162759e-01
5.423728813559322015e-01 6.250000000000000000e-02 1.869158878504672758e-02 2.877697841726618508e-02 4.295585603499701977e-01
4.906832298136645787e-01 0.000000000000000000e+00 0.000000000000000000e+00 0.000000000000000000e+00 3.674418604651162878e-01
4.906832298136645787e-01 0.000000000000000000e+00 0.000000000000000000e+00 0.000000000000000000e+00 3.674418604651162878e-01
5.645161290322581182e-01 2.878787878787879007e-01 1.775700934579439172e-01 2.196531791907514741e-01 4.730214999309423352e-01
8.412698412698412787e-01 6.815286624203821253e-01 1.000000000000000000e+00 8.106060606060605522e-01 8.798076923076922906e-01
5.145631067961164984e-01 2.222222222222222307e-02 9.345794392523363789e-03 1.315789473684210627e-02 3.957620061071527306e-01
4.906832298136645787e-01 0.000000000000000000e+00 0.000000000000000000e+00 0.000000000000000000e+00 3.674418604651162878e-01
8.631921824104235030e-01 7.181208053691274795e-01 1.000000000000000000e+00 8.359375000000000000e-01 8.950000000000000178e-01
8.774834437086093120e-01 7.430555555555555802e-01 1.000000000000000000e+00 8.525896414342629681e-01 9.051282051282051322e-01
4.906832298136645787e-01 0.000000000000000000e+00 0.000000000000000000e+00 0.000000000000000000e+00 3.674418604651162878e-01
8.745874587458746241e-01 7.379310344827586521e-01 1.000000000000000000e+00 8.492063492063492980e-01 9.030612244897959773e-01
5.145631067961164984e-01 2.222222222222222307e-02 9.345794392523363789e-03 1.315789473684210627e-02 3.957620061071527306e-01
6.250000000000000000e-01 4.888888888888888729e-01 2.056074766355140138e-01 2.894736842105263275e-01 5.392678267155470717e-01
7.909967845659163777e-01 6.544117647058823595e-01 8.317757009345794206e-01 7.325102880658436177e-01 8.006917720359172375e-01
6.881028938906752490e-01 5.490196078431373028e-01 5.233644859813083583e-01 5.358851674641149643e-01 6.489371449514385048e-01
5.015772870662460470e-01 1.886792452830188607e-02 9.345794392523363789e-03 1.249999999999999896e-02 3.808633733867378135e-01
5.145631067961164984e-01 2.222222222222222307e-02 9.345794392523363789e-03 1.315789473684210627e-02 3.957620061071527306e-01
4.906832298136645787e-01 0.000000000000000000e+00 0.000000000000000000e+00 0.000000000000000000e+00 3.674418604651162878e-01
4.906832298136645787e-01 0.000000000000000000e+00 0.000000000000000000e+00 0.000000000000000000e+00 3.674418604651162878e-01
8.012820512820513219e-01 6.618705035971222950e-01 8.598130841121495171e-01 7.479674796747967092e-01 8.152723957146114087e-01
4.952978056426332043e-01 0.000000000000000000e+00 0.000000000000000000e+00 0.000000000000000000e+00 3.726415094339622369e-01
8.359621451104101153e-01 6.729559748427672572e-01 1.000000000000000000e+00 8.045112781954886216e-01 8.761904761904761862e-01
4.906832298136645787e-01 0.000000000000000000e+00 0.000000000000000000e+00 0.000000000000000000e+00 3.674418604651162878e-01
8.412698412698412787e-01 6.815286624203821253e-01 1.000000000000000000e+00 8.106060606060605522e-01 8.798076923076922906e-01
5.897435897435897578e-01 3.561643835616438158e-01 2.429906542056074759e-01 2.888888888888888618e-01 5.068611807613403464e-01
5.196078431372549433e-01 6.521739130434782428e-02 2.803738317757009310e-02 3.921568627450980338e-02 4.059784905837598989e-01
8.520900321543408706e-01 6.993464052287581278e-01 1.000000000000000000e+00 8.230769230769230393e-01 8.872549019607843812e-01
8.439490445859872958e-01 6.858974358974359031e-01 1.000000000000000000e+00 8.136882129277566156e-01 8.816425120772947155e-01
6.020761245674740580e-01 4.000000000000000222e-01 1.495327102803738206e-01 2.176870748299319369e-01 5.088322892061210023e-01
