4.906832298136645787e-01 0.000000000000000000e+00 0.000000000000000000e+00 0.000000000000000000e+00 3.674418604651162878e-01
4.906832298136645787e-01 0.000000000000000000e+00 0.000000000000000000e+00 0.000000000000000000e+00 3.674418604651162878e-01
4.906832298136645787e-01 0.000000000000000000e+00 0.000000000000000000e+00 0.000000000000000000e+00 3.674418604651162878e-01
8.359621451104101153e-01 6.729559748427672572e-01 1.000000000000000000e+00 8.045112781954886216e-01 8.761904761904761862e-01
5.555555555555555802e-01 8.000000000000000167e-02 1.869158878504672758e-02 3.030303030303030040e-02 4.458098827903134165e-01
5.282392026578073274e-01 2.702702702702702853e-02 9.345794392523363789e-03 1.388888888888888638e-02 4.118893920416224486e-01
5.627118644067796716e-01 2.105263157894736725e-01 7.476635514018691031e-02 1.103448275862068950e-01 4.575959435275402942e-01
7.049180327868852514e-01 5.876288659793814650e-01 5.327102803738317238e-01 5.588235294117647189e-01 6.653450391768148675e-01
4.906832298136645787e-01 0.000000000000000000e+00 0.000000000000000000e+00 0.000000000000000000e+00 3.674418604651162878e-01
8.439490445859872958e-01 6.858974358974359031e-01 1.000000000000000000e+00 8.136882129277566156e-01 8.816425120772947155e-01
4.906832298136645787e-01 0.000000000000000000e+00 0.000000000000000000e+00 0.000000000000000000e+00 3.674418604651162878e-01
5.633333333333333526e-01 2.391304347826087029e-01 1.028037383177570069e-01 1.437908496732026031e-01 4.607282940293447870e-01
4.906832298136645787e-01 0.000000000000000000e+00 0.000000000000000000e+00 0.000000000000000000e+00 3.674418604651162878e-01
6.730769230769231282e-01 5.252525252525253041e-01 4.859813084112149517e-01 5.048543689320388328e-01 6.283565078641440982e-01
8.359621451104101153e-01 6.729559748427672572e-01 1.000000000000000000e+00 8.045112781954886216e-01 8.761904761904761862e-01
4.906832298136645787e-01 0.000000000000000000e+00 0.000000000000000000e+00 0.000000000000000000e+00 3.674418604651162878e-01
8.359621451104101153e-01 6.729559748427672572e-01 1.000000000000000000e+00 8.045112781954886216e-01 8.761904761904761862e-01
8.439490445859872958e-01 6.858974358974359031e-01 1.000000000000000000e+00 8.136882129277566156e-01 8.816425120772947155e-01
8.359621451104101153e-01 6.729559748427672572e-01 1.000000000000000000e+00 8.045112781954886216e-01 8.761904761904761862e-01
4.906832298136645787e-01 0.000000000000000000e+00 0.000000000000000000e+00 0.000000000000000000e+00 3.674418604651162878e-01
8.688524590163934080e-01 7.278911564625850650e-01 1.000000000000000000e+00 8.425196850393700254e-01 8.989898989898990056e-01
8.281250000000000000e-01 6.604938271604938738e-01 1.000000000000000000e+00 7.955390334572490785e-01 8.708920187793427470e-01
4.906832298136645787e-01 0.000000000000000000e+00 0.000000000000000000e+00 0.000000000000000000e+00 3.674418604651162878e-01
5.047923322683706138e-01 0.000000000000000000e+00 0.000000000000000000e+00 0.000000000000000000e+00 3.834951456310679574e-01
6.730769230769231282e-01 5.252525252525253041e-01 4.859813084112149517e-01 5.048543689320388328e-01 6.283565078641440982e-01
8.359621451104101153e-01 6.729559748427672572e-01 1.000000000000000000e+00 8.045112781954886216e-01 8.761904761904761862e-01
4.906832298136645787e-01 0.000000000000000000e+00 0.000000000000000000e+00 0.000000000000000000e+00 3.674418604651162878e-01
4.952978056426332043e-01 0.000000000000000000e+00 0.000000000000000000e+00 0.000000000000000000e+00 3.726415094339622369e-01
5.130718954248365549e-01 2.272727272727272790e-02 9.345794392523363789e-03 1.324503311258277971e-02 3.966326961912365334e-01
4.906832298136645787e-01 0.000000000000000000e+00 0.000000000000000000e+00 0.000000000000000000e+00 3.674418604651162878e-01
4.906832298136645787e-01 0.000000000000000000e+00 0.000000000000000000e+00 0.000000000000000000e+00 3.674418604651162878e-01
8.803986710963455087e-01 7.482517482517482277e-01 1.000000000000000000e+00 8.559999999999999831e-01 9.072164948453608213e-01
4.906832298136645787e-01 0.000000000000000000e+00 0.000000000000000000e+00 0.000000000000000000e+00 3.674418604651162878e-01
8.438538205980066209e-01 7.272727272727272929e-01 8.971962616822429792e-01 8.033472803347281310e-01 8.558146256864823664e-01
8.229813664596273837e-01 6.524390243902439268e-01 1.000000000000000000e+00 7.896678966789668630e-01 8.674418604651162878e-01
8.229813664596273837e-01 6.524390243902439268e-01 1.000000000000000000e+00 7.896678966789668630e-01 8.674418604651162878e-01
5.096153846153845812e-01 2.083333333333333218e-02 9.345794392523363789e-03 1.290322580645161289e-02 3.900387508547982218e-01
