8.964401294498381967e-01 7.697841726618704916e-01 1.000000000000000000e+00 8.699186991869918284e-01 9.207920792079207217e-01
5.943060498220640309e-01 1.818181818181818232e-01 1.869158878504672758e-02 3.389830508474575566e-02 4.834837254270061280e-01
8.849840255591053806e-01 7.482517482517482277e-01 1.000000000000000000e+00 8.559999999999999831e-01 9.126213592233008987e-01
5.279503105590062084e-01 0.000000000000000000e+00 0.000000000000000000e+00 0.000000000000000000e+00 3.953488372093023062e-01
5.647840531561462152e-01 3.846153846153846367e-02 9.345794392523363789e-03 1.503759398496240518e-02 4.402399075055399846e-01
5.690235690235689869e-01 4.347826086956521618e-02 9.345794392523363789e-03 1.538461538461538200e-02 4.467781603541563507e-01
5.279503105590062084e-01 0.000000000000000000e+00 0.000000000000000000e+00 0.000000000000000000e+00 3.953488372093023062e-01
5.643564356435643026e-01 3.703703703703703498e-02 9.345794392523363789e-03 1.492537313432835792e-02 4.383463665840167112e-01
5.618729096989966143e-01 3.846153846153846367e-02 9.345794392523363789e-03 1.503759398496240518e-02 4.395687305295949421e-01
5.592105263157894912e-01 3.448275862068965469e-02 9.345794392523363789e-03 1.470588235294117453e-02 4.336069073485459002e-01
5.279503105590062084e-01 0.000000000000000000e+00 0.000000000000000000e+00 0.000000000000000000e+00 3.953488372093023062e-01
5.522875816993464415e-01 5.882352941176470507e-02 1.869158878504672758e-02 2.836879432624113059e-02 4.289437843422720942e-01
9.022801302931595657e-01 7.810218978102190235e-01 1.000000000000000000e+00 8.770491803278688270e-01 9.249999999999999334e-01
5.416666666666666297e-01 0.000000000000000000e+00 0.000000000000000000e+00 0.000000000000000000e+00 4.121951219512195452e-01
5.279503105590062084e-01 0.000000000000000000e+00 0.000000000000000000e+00 0.000000000000000000e+00 3.953488372093023062e-01
9.052287581699346442e-01 7.867647058823529216e-01 1.000000000000000000e+00 8.806584362139917577e-01 9.271356783919598721e-01
9.141914191419141522e-01 8.045112781954887327e-01 1.000000000000000000e+00 8.916666666666667185e-01 9.336734693877550839e-01
5.279503105590062084e-01 0.000000000000000000e+00 0.000000000000000000e+00 0.000000000000000000e+00 3.953488372093023062e-01
8.964401294498381967e-01 7.697841726618704916e-01 1.000000000000000000e+00 8.699186991869918284e-01 9.207920792079207217e-01
5.592105263157894912e-01 3.448275862068965469e-02 9.345794392523363789e-03 1.470588235294117453e-02 4.336069073485459002e-01
5.973154362416107643e-01 3.142857142857142794e-01 1.028037383177570069e-01 1.549295774647887203e-01 4.885746440279883918e-01
5.656565656565656353e-01 7.692307692307692735e-02 1.869158878504672758e-02 3.007518796992481036e-02 4.461878996556812860e-01
5.942492012779552191e-01 3.076923076923077094e-01 1.495327102803738206e-01 2.012578616352201089e-01 4.873877143634878228e-01
5.606557377049180557e-01 9.090909090909091161e-02 2.803738317757009310e-02 4.285714285714285754e-02 4.382611158312093025e-01
5.416666666666666297e-01 0.000000000000000000e+00 0.000000000000000000e+00 0.000000000000000000e+00 4.121951219512195452e-01
5.279503105590062084e-01 0.000000000000000000e+00 0.000000000000000000e+00 0.000000000000000000e+00 3.953488372093023062e-01
5.448717948717948234e-01 0.000000000000000000e+00 0.000000000000000000e+00 0.000000000000000000e+00 4.146341463414633943e-01
7.305194805194805685e-01 6.363636363636363535e-01 5.233644859813083583e-01 5.743589743589743168e-01 6.820802529409030202e-01
5.466237942122186277e-01 0.000000000000000000e+00 0.000000000000000000e+00 0.000000000000000000e+00 4.166666666666666852e-01
8.821656050955414274e-01 7.430555555555555802e-01 1.000000000000000000e+00 8.525896414342629681e-01 9.106280193236714338e-01
5.279503105590062084e-01 0.000000000000000000e+00 0.000000000000000000e+00 0.000000000000000000e+00 3.953488372093023062e-01
9.022801302931595657e-01 7.810218978102190235e-01 1.000000000000000000e+00 8.770491803278688270e-01 9.249999999999999334e-01
5.752508361204012877e-01 8.333333333333332871e-02 1.869158878504672758e-02 3.053435114503816328e-02 4.520541277258566804e-01
5.685618729096989510e-01 1.071428571428571369e-01 2.803738317757009310e-02 4.444444444444444614e-02 4.489145249221183076e-01
8.738170347003154648e-01 7.278911564625850650e-01 1.000000000000000000e+00 8.425196850393700254e-01 9.047619047619047672e-01
8.821656050955414274e-01 7.430555555555555802e-01 1.000000000000000000e+00 8.525896414342629681e-01 9.106280193236714338e-01
5.704697986577180746e-01 1.111111111111111049e-01 2.803738317757009310e-02 4.477611940298507204e-02 4.511914664578949297e-01
