5.279503105590062084e-01 0.000000000000000000e+00 0.000000000000000000e+00 0.000000000000000000e+00 3.953488372093023062e-01
5.314465408805031377e-01 0.000000000000000000e+00 0.000000000000000000e+00 0.000000000000000000e+00 4.004739336492890711e-01
5.833333333333333703e-01 6.666666666666666574e-02 9.345794392523363789e-03 1.639344262295081706e-02 4.659988640470903443e-01
8.793650793650793496e-01 7.379310344827586521e-01 1.000000000000000000e+00 8.492063492063492980e-01 9.086538461538461453e-01
9.022801302931595657e-01 7.810218978102190235e-01 1.000000000000000000e+00 8.770491803278688270e-01 9.249999999999999334e-01
5.685618729096989510e-01 4.166666666666666435e-02 9.345794392523363789e-03 1.526717557251908164e-02 4.447770638629283124e-01
9.022801302931595657e-01 7.810218978102190235e-01 1.000000000000000000e+00 8.770491803278688270e-01 9.249999999999999334e-01
8.906752411575562522e-01 7.588652482269503396e-01 1.000000000000000000e+00 8.629032258064516236e-01 9.166666666666667407e-01
5.279503105590062084e-01 0.000000000000000000e+00 0.000000000000000000e+00 0.000000000000000000e+00 3.953488372093023062e-01
6.655629139072847256e-01 5.483870967741935054e-01 3.177570093457943723e-01 4.023668639053253893e-01 5.870836328780255631e-01
5.279503105590062084e-01 0.000000000000000000e+00 0.000000000000000000e+00 0.000000000000000000e+00 3.953488372093023062e-01
5.666666666666666519e-01 4.000000000000000083e-02 9.345794392523363789e-03 1.515151515151515020e-02 4.424967313931528201e-01
5.279503105590062084e-01 0.000000000000000000e+00 0.000000000000000000e+00 0.000000000000000000e+00 3.953488372093023062e-01
6.237942122186495020e-01 4.166666666666666852e-01 2.336448598130841103e-01 2.994011976047903922e-01 5.310381161810517892e-01
8.849840255591053806e-01 7.482517482517482277e-01 1.000000000000000000e+00 8.559999999999999831e-01 9.126213592233008987e-01
5.428571428571428159e-01 2.564102564102564014e-02 9.345794392523363789e-03 1.369863013698630061e-02 4.133267433501077726e-01
8.793650793650793496e-01 7.379310344827586521e-01 1.000000000000000000e+00 8.492063492063492980e-01 9.086538461538461453e-01
8.878205128205127750e-01 7.535211267605633756e-01 1.000000000000000000e+00 8.594377510040159818e-01 9.146341463414633388e-01
8.765822784810126667e-01 7.328767123287671659e-01 1.000000000000000000e+00 8.458498023715415037e-01 9.066985645933014482e-01
5.279503105590062084e-01 0.000000000000000000e+00 0.000000000000000000e+00 0.000000000000000000e+00 3.953488372093023062e-01
8.906752411575562522e-01 7.588652482269503396e-01 1.000000000000000000e+00 8.629032258064516236e-01 9.166666666666667407e-01
8.765822784810126667e-01 7.328767123287671659e-01 1.000000000000000000e+00 8.458498023715415037e-01 9.066985645933014482e-01
5.279503105590062084e-01 0.000000000000000000e+00 0.000000000000000000e+00 0.000000000000000000e+00 3.953488372093023062e-01
5.362776025236593025e-01 0.000000000000000000e+00 0.000000000000000000e+00 0.000000000000000000e+00 4.047619047619047672e-01
6.237942122186495020e-01 4.166666666666666852e-01 2.336448598130841103e-01 2.994011976047903922e-01 5.310381161810517892e-01
8.849840255591053806e-01 7.482517482517482277e-01 1.000000000000000000e+00 8.559999999999999831e-01 9.126213592233008987e-01
5.501618122977346426e-01 2.941176470588235253e-02 9.345794392523363789e-03 1.418439716312056530e-02 4.229897288794299826e-01
5.849673202614379397e-01 2.500000000000000000e-01 9.345794392523364136e-02 1.360544217687074675e-01 4.713520875405062815e-01
5.466237942122186277e-01 0.000000000000000000e+00 0.000000000000000000e+00 0.000000000000000000e+00 4.166666666666666852e-01
5.279503105590062084e-01 0.000000000000000000e+00 0.000000000000000000e+00 0.000000000000000000e+00 3.953488372093023062e-01
5.279503105590062084e-01 0.000000000000000000e+00 0.000000000000000000e+00 0.000000000000000000e+00 3.953488372093023062e-01
9.022801302931595657e-01 7.810218978102190235e-01 1.000000000000000000e+00 8.770491803278688270e-01 9.249999999999999334e-01
5.533980582524271608e-01 3.030303030303030387e-02 9.345794392523363789e-03 1.428571428571428353e-02 4.254649764041824045e-01
8.422818791946308226e-01 7.884615384615384359e-01 7.663551401869158619e-01 7.772511848341231433e-01 8.255859470568086556e-01
8.629283489096573057e-01 7.086092715231787631e-01 1.000000000000000000e+00 8.294573643410853014e-01 8.971962616822429792e-01
8.629283489096573057e-01 7.086092715231787631e-01 1.000000000000000000e+00 8.294573643410853014e-01 8.971962616822429792e-01
5.362776025236593025e-01 0.000000000000000000e+00 0.000000000000000000e+00 0.000000000000000000e+00 4.047619047619047672e-01
