5.487012987012986898e-01 2.941176470588235253e-02 9.345794392523363789e-03 1.418439716312056530e-02 4.225833449574556977e-01
8.656249999999999778e-01 7.133333333333333748e-01 1.000000000000000000e+00 8.326848249027237747e-01 8.990610328638497517e-01
6.242038216560509278e-01 4.126984126984126755e-01 2.429906542056074759e-01 3.058823529411764386e-01 5.321233464264751856e-01
7.152317880794701876e-01 6.478873239436619969e-01 4.299065420560747586e-01 5.168539325842695931e-01 6.508507069254733102e-01
5.279503105590062084e-01 0.000000000000000000e+00 0.000000000000000000e+00 0.000000000000000000e+00 3.953488372093023062e-01
5.709342560553632984e-01 9.523809523809523281e-02 1.869158878504672758e-02 3.124999999999999653e-02 4.571479921947211866e-01
5.279503105590062084e-01 0.000000000000000000e+00 0.000000000000000000e+00 0.000000000000000000e+00 3.953488372093023062e-01
5.472312703583062099e-01 0.000000000000000000e+00 0.000000000000000000e+00 0.000000000000000000e+00 4.199999999999999845e-01
8.598726114649681840e-01 7.299270072992700698e-01 9.345794392523364413e-01 8.196721311475408944e-01 8.779177389498397099e-01
8.793650793650793496e-01 7.379310344827586521e-01 1.000000000000000000e+00 8.492063492063492980e-01 9.086538461538461453e-01
8.964401294498381967e-01 7.697841726618704916e-01 1.000000000000000000e+00 8.699186991869918284e-01 9.207920792079207217e-01
8.878205128205127750e-01 7.535211267605633756e-01 1.000000000000000000e+00 8.594377510040159818e-01 9.146341463414633388e-01
7.412140575079871896e-01 6.326530612244898322e-01 5.794392523364485514e-01 6.048780487804878980e-01 7.023409853915251189e-01
5.498392282958198818e-01 5.405405405405405705e-02 1.869158878504672758e-02 2.777777777777777277e-02 4.235614806670331411e-01
8.656249999999999778e-01 7.133333333333333748e-01 1.000000000000000000e+00 8.326848249027237747e-01 8.990610328638497517e-01
5.279503105590062084e-01 0.000000000000000000e+00 0.000000000000000000e+00 0.000000000000000000e+00 3.953488372093023062e-01
5.279503105590062084e-01 0.000000000000000000e+00 0.000000000000000000e+00 0.000000000000000000e+00 3.953488372093023062e-01
8.765822784810126667e-01 7.328767123287671659e-01 1.000000000000000000e+00 8.458498023715415037e-01 9.066985645933014482e-01
8.821656050955414274e-01 7.430555555555555802e-01 1.000000000000000000e+00 8.525896414342629681e-01 9.106280193236714338e-01
9.022801302931595657e-01 7.810218978102190235e-01 1.000000000000000000e+00 8.770491803278688270e-01 9.249999999999999334e-01
8.793650793650793496e-01 7.379310344827586521e-01 1.000000000000000000e+00 8.492063492063492980e-01 9.086538461538461453e-01
5.279503105590062084e-01 0.000000000000000000e+00 0.000000000000000000e+00 0.000000000000000000e+00 3.953488372093023062e-01
5.466237942122186277e-01 0.000000000000000000e+00 0.000000000000000000e+00 0.000000000000000000e+00 4.166666666666666852e-01
8.166666666666666519e-01 7.600000000000000089e-01 7.102803738317756688e-01 7.342995169082127127e-01 7.929640211127790828e-01
5.498392282958198818e-01 5.405405405405405705e-02 1.869158878504672758e-02 2.777777777777777277e-02 4.235614806670331411e-01
8.656249999999999778e-01 7.133333333333333748e-01 1.000000000000000000e+00 8.326848249027237747e-01 8.990610328638497517e-01
5.279503105590062084e-01 0.000000000000000000e+00 0.000000000000000000e+00 0.000000000000000000e+00 3.953488372093023062e-01
5.279503105590062084e-01 0.000000000000000000e+00 0.000000000000000000e+00 0.000000000000000000e+00 3.953488372093023062e-01
5.279503105590062084e-01 0.000000000000000000e+00 0.000000000000000000e+00 0.000000000000000000e+00 3.953488372093023062e-01
5.833333333333333703e-01 6.666666666666666574e-02 9.345794392523363789e-03 1.639344262295081706e-02 4.659988640470903443e-01
5.279503105590062084e-01 0.000000000000000000e+00 0.000000000000000000e+00 0.000000000000000000e+00 3.953488372093023062e-01
5.719063545150501193e-01 4.347826086956521618e-02 9.345794392523363789e-03 1.538461538461538200e-02 4.473812305295949421e-01
8.765822784810126667e-01 7.328767123287671659e-01 1.000000000000000000e+00 8.458498023715415037e-01 9.066985645933014482e-01
8.765822784810126667e-01 7.328767123287671659e-01 1.000000000000000000e+00 8.458498023715415037e-01 9.066985645933014482e-01
5.685618729096989510e-01 4.166666666666666435e-02 9.345794392523363789e-03 1.526717557251908164e-02 4.447770638629283124e-01
5.431309904153354129e-01 0.000000000000000000e+00 0.000000000000000000e+00 0.000000000000000000e+00 4.126213592233009542e-01
5.480769230769231282e-01 2.777777777777777624e-02 9.345794392523363789e-03 1.398601398601398600e-02 4.193070435377250771e-01
