9.378881987577639689e-01 8.425196850393700254e-01 1.000000000000000000e+00 9.145299145299145005e-01 9.534883720930232842e-01
9.584664536741214214e-01 8.916666666666667185e-01 1.000000000000000000e+00 9.427312775330397576e-01 9.684466019417475868e-01
9.378881987577639689e-01 8.425196850393700254e-01 1.000000000000000000e+00 9.145299145299145005e-01 9.534883720930232842e-01
9.378881987577639689e-01 8.425196850393700254e-01 1.000000000000000000e+00 9.145299145299145005e-01 9.534883720930232842e-01
6.270627062706271015e-01 3.499999999999999778e-01 6.542056074766354479e-02 1.102362204724409295e-01 4.995470150677093213e-01
9.463722397476340698e-01 8.629032258064516236e-01 1.000000000000000000e+00 9.264069264069264564e-01 9.595238095238094456e-01
6.161290322580644796e-01 7.142857142857142461e-02 9.345794392523363789e-03 1.652892561983470773e-02 4.726531927627640739e-01
8.227848101265823333e-01 8.148148148148147696e-01 6.168224299065420135e-01 7.021276595744679883e-01 7.725260474891560980e-01
9.400630914826498818e-01 8.606557377049179891e-01 9.813084112149532690e-01 9.170305676855895483e-01 9.501780151312861911e-01
9.408099688473520184e-01 8.492063492063491870e-01 1.000000000000000000e+00 9.184549356223175032e-01 9.556074766355140415e-01
9.406250000000000444e-01 8.492063492063491870e-01 1.000000000000000000e+00 9.184549356223175032e-01 9.553990610328638722e-01
9.378881987577639689e-01 8.425196850393700254e-01 1.000000000000000000e+00 9.145299145299145005e-01 9.534883720930232842e-01
6.910828025477706582e-01 6.388888888888888395e-01 2.149532710280373793e-01 3.216783216783216104e-01 5.760756693304437404e-01
6.360655737704917767e-01 4.285714285714285476e-01 1.121495327102803724e-01 1.777777777777777846e-01 5.156707259510998620e-01
9.378881987577639689e-01 8.425196850393700254e-01 1.000000000000000000e+00 9.145299145299145005e-01 9.534883720930232842e-01
9.437499999999999778e-01 8.559999999999999831e-01 1.000000000000000000e+00 9.224137931034482873e-01 9.577464788732394929e-01
6.634304207119741115e-01 5.517241379310344751e-01 1.495327102803738206e-01 2.352941176470587925e-01 5.425881373184047174e-01
7.845659163987138696e-01 7.941176470588234837e-01 5.046728971962616273e-01 6.171428571428571042e-01 7.180227231079346906e-01
9.378881987577639689e-01 8.425196850393700254e-01 1.000000000000000000e+00 9.145299145299145005e-01 9.534883720930232842e-01
5.862068965517240882e-01 0.000000000000000000e+00 0.000000000000000000e+00 0.000000000000000000e+00 4.644808743169399068e-01
9.378881987577639689e-01 8.425196850393700254e-01 1.000000000000000000e+00 9.145299145299145005e-01 9.534883720930232842e-01
8.237179487179486781e-01 8.513513513513513153e-01 5.887850467289719170e-01 6.961325966850828717e-01 7.675632550718030078e-01
9.378881987577639689e-01 8.425196850393700254e-01 1.000000000000000000e+00 9.145299145299145005e-01 9.534883720930232842e-01
9.378881987577639689e-01 8.425196850393700254e-01 1.000000000000000000e+00 9.145299145299145005e-01 9.534883720930232842e-01
6.360655737704917767e-01 4.285714285714285476e-01 1.121495327102803724e-01 1.777777777777777846e-01 5.156707259510998620e-01
9.378881987577639689e-01 8.425196850393700254e-01 1.000000000000000000e+00 9.145299145299145005e-01 9.534883720930232842e-01
9.378881987577639689e-01 8.425196850393700254e-01 1.000000000000000000e+00 9.145299145299145005e-01 9.534883720930232842e-01
9.378881987577639689e-01 8.425196850393700254e-01 1.000000000000000000e+00 9.145299145299145005e-01 9.534883720930232842e-01
6.173285198555956699e-01 5.454545454545454142e-01 5.607476635514018620e-02 1.016949152542372808e-01 5.133315008246288613e-01
9.378881987577639689e-01 8.425196850393700254e-01 1.000000000000000000e+00 9.145299145299145005e-01 9.534883720930232842e-01
9.467084639498433152e-01 8.629032258064516236e-01 1.000000000000000000e+00 9.264069264069264564e-01 9.599056603773584717e-01
9.378881987577639689e-01 8.425196850393700254e-01 1.000000000000000000e+00 9.145299145299145005e-01 9.534883720930232842e-01
8.553054662379421247e-01 8.369565217391304879e-01 7.196261682242990343e-01 7.738693467336682508e-01 8.230483782297965956e-01
6.677115987460815472e-01 5.142857142857142350e-01 1.682242990654205517e-01 2.535211267605633201e-01 5.440178099100687614e-01
9.378881987577639689e-01 8.425196850393700254e-01 1.000000000000000000e+00 9.145299145299145005e-01 9.534883720930232842e-01
9.433962264150943522e-01 8.677685950413223104e-01 9.813084112149532690e-01 9.210526315789473450e-01 9.527395136643487250e-01
7.756410256410256610e-01 8.135593220338983578e-01 4.485981308411214896e-01 5.783132530120481674e-01 6.974697971278778219e-01
