6.050724637681159646e-01 4.285714285714285476e-01 5.607476635514018620e-02 9.917355371900825334e-02 5.043687441243156488e-01
9.467084639498433152e-01 8.629032258064516236e-01 1.000000000000000000e+00 9.264069264069264564e-01 9.599056603773584717e-01
9.378881987577639689e-01 8.425196850393700254e-01 1.000000000000000000e+00 9.145299145299145005e-01 9.534883720930232842e-01
6.538461538461538547e-01 4.871794871794871695e-01 1.775700934579439172e-01 2.602739726027397116e-01 5.400045589240939359e-01
6.354838709677419484e-01 3.928571428571428492e-01 1.028037383177570069e-01 1.629629629629629484e-01 5.095299479766124406e-01
8.777429467084639780e-01 8.333333333333333703e-01 7.943925233644859585e-01 8.133971291866028963e-01 8.571019220596014510e-01
5.882352941176470784e-01 3.913043478260869734e-01 8.411214953271027583e-02 1.384615384615384415e-01 4.996318323421127250e-01
7.022653721682847738e-01 6.530612244897958663e-01 2.990654205607476412e-01 4.102564102564102977e-01 6.074535023595818428e-01
9.408099688473520184e-01 8.492063492063491870e-01 1.000000000000000000e+00 9.184549356223175032e-01 9.556074766355140415e-01
9.408099688473520184e-01 8.492063492063491870e-01 1.000000000000000000e+00 9.184549356223175032e-01 9.556074766355140415e-01
6.319218241042344753e-01 3.846153846153846367e-01 9.345794392523364136e-02 1.503759398496240518e-01 5.067289719626169031e-01
9.408099688473520184e-01 8.492063492063491870e-01 1.000000000000000000e+00 9.184549356223175032e-01 9.556074766355140415e-01
9.496855345911949797e-01 8.699186991869918284e-01 1.000000000000000000e+00 9.304347826086956097e-01 9.620853080568720905e-01
8.949044585987261380e-01 8.627450980392157298e-01 8.224299065420560551e-01 8.421052631578946901e-01 8.773985281502552080e-01
9.378881987577639689e-01 8.425196850393700254e-01 1.000000000000000000e+00 9.145299145299145005e-01 9.534883720930232842e-01
6.423841059602648507e-01 4.814814814814814548e-01 1.214953271028037379e-01 1.940298507462686617e-01 5.248502276539659395e-01
7.092651757188498385e-01 6.739130434782608647e-01 2.897196261682242757e-01 4.052287581699345886e-01 6.084520460938208641e-01
6.719242902208202306e-01 5.454545454545454142e-01 1.682242990654205517e-01 2.571428571428571175e-01 5.483978638184245913e-01
9.378881987577639689e-01 8.425196850393700254e-01 1.000000000000000000e+00 9.145299145299145005e-01 9.534883720930232842e-01
7.307692307692307265e-01 7.254901960784313486e-01 3.457943925233644689e-01 4.683544303797468333e-01 6.387508547982675422e-01
9.378881987577639689e-01 8.425196850393700254e-01 1.000000000000000000e+00 9.145299145299145005e-01 9.534883720930232842e-01
6.633333333333333304e-01 5.789473684210526550e-01 2.056074766355140138e-01 3.034482758620689613e-01 5.613529611156844457e-01
9.467084639498433152e-01 8.629032258064516236e-01 1.000000000000000000e+00 9.264069264069264564e-01 9.599056603773584717e-01
9.437499999999999778e-01 8.559999999999999831e-01 1.000000000000000000e+00 9.224137931034482873e-01 9.577464788732394929e-01
8.949044585987261380e-01 8.627450980392157298e-01 8.224299065420560551e-01 8.421052631578946901e-01 8.773985281502552080e-01
9.378881987577639689e-01 8.425196850393700254e-01 1.000000000000000000e+00 9.145299145299145005e-01 9.534883720930232842e-01
6.254416961130742081e-01 5.263157894736841813e-01 9.345794392523364136e-02 1.587301587301587213e-01 5.211607901444350599e-01
6.592356687898088818e-01 5.000000000000000000e-01 1.588785046728971861e-01 2.411347517730496326e-01 5.383764504040814414e-01
5.639097744360902498e-01 0.000000000000000000e+00 0.000000000000000000e+00 0.000000000000000000e+00 4.716981132075471761e-01
6.308724832214764877e-01 4.285714285714285476e-01 8.411214953271027583e-02 1.406250000000000000e-01 5.106424622009101411e-01
6.548387096774193061e-01 5.000000000000000000e-01 1.588785046728971861e-01 2.411347517730496326e-01 5.375673311541825372e-01
9.467084639498433152e-01 8.629032258064516236e-01 1.000000000000000000e+00 9.264069264069264564e-01 9.599056603773584717e-01
8.965517241379310498e-01 8.425925925925925597e-01 8.504672897196261516e-01 8.465116279069766492e-01 8.851393052371715475e-01
9.378881987577639689e-01 8.425196850393700254e-01 1.000000000000000000e+00 9.145299145299145005e-01 9.534883720930232842e-01
9.378881987577639689e-01 8.425196850393700254e-01 1.000000000000000000e+00 9.145299145299145005e-01 9.534883720930232842e-01
8.616352201257861942e-01 8.315789473684210842e-01 7.383177570093457653e-01 7.821782178217822068e-01 8.312441865615449732e-01
9.408099688473520184e-01 8.492063492063491870e-01 1.000000000000000000e+00 9.184549356223175032e-01 9.556074766355140415e-01
