9.378881987577639689e-01 8.425196850393700254e-01 1.000000000000000000e+00 9.145299145299145005e-01 9.534883720930232842e-01
8.454258675078863972e-01 8.295454545454545858e-01 6.822429906542055722e-01 7.487179487179487225e-01 8.054072096128170877e-01
9.378881987577639689e-01 8.425196850393700254e-01 1.000000000000000000e+00 9.145299145299145005e-01 9.534883720930232842e-01
9.467084639498433152e-01 8.629032258064516236e-01 1.000000000000000000e+00 9.264069264069264564e-01 9.599056603773584717e-01
8.817891373801917121e-01 8.365384615384615641e-01 8.130841121495326895e-01 8.246445497630331412e-01 8.652799201524362660e-01
5.913621262458471639e-01 0.000000000000000000e+00 0.000000000000000000e+00 0.000000000000000000e+00 4.587628865979381243e-01
9.496855345911949797e-01 8.699186991869918284e-01 1.000000000000000000e+00 9.304347826086956097e-01 9.620853080568720905e-01
8.607594936708861111e-01 8.387096774193548709e-01 7.289719626168223998e-01 7.800000000000000266e-01 8.286008138442961801e-01
6.400000000000000133e-01 4.761904761904761640e-01 9.345794392523364136e-02 1.562500000000000000e-01 5.182315626361919669e-01
6.529968454258675559e-01 4.444444444444444198e-01 1.121495327102803724e-01 1.791044776119402882e-01 5.203604806408544947e-01
8.899371069182390181e-01 8.333333333333333703e-01 8.411214953271027861e-01 8.372093023255813282e-01 8.779067192275324949e-01
9.378881987577639689e-01 8.425196850393700254e-01 1.000000000000000000e+00 9.145299145299145005e-01 9.534883720930232842e-01
9.276315789473684736e-01 9.047619047619047672e-01 8.878504672897196137e-01 8.962264150943396457e-01 9.185445229849612536e-01
9.408099688473520184e-01 8.492063492063491870e-01 1.000000000000000000e+00 9.184549356223175032e-01 9.556074766355140415e-01
9.378881987577639689e-01 8.425196850393700254e-01 1.000000000000000000e+00 9.145299145299145005e-01 9.534883720930232842e-01
6.938110749185667503e-01 6.857142857142857206e-01 2.242990654205607448e-01 3.380281690140845008e-01 5.846495327102803063e-01
9.467084639498433152e-01 8.629032258064516236e-01 1.000000000000000000e+00 9.264069264069264564e-01 9.599056603773584717e-01
9.056603773584905870e-01 8.532110091743119185e-01 8.691588785046728827e-01 8.611111111111110494e-01 8.966647473092085319e-01
9.378881987577639689e-01 8.425196850393700254e-01 1.000000000000000000e+00 9.145299145299145005e-01 9.534883720930232842e-01
5.807560137457045135e-01 0.000000000000000000e+00 0.000000000000000000e+00 0.000000000000000000e+00 4.592391304347825942e-01
9.378881987577639689e-01 8.425196850393700254e-01 1.000000000000000000e+00 9.145299145299145005e-01 9.534883720930232842e-01
9.102564102564102422e-01 8.691588785046728827e-01 8.691588785046728827e-01 8.691588785046728827e-01 9.004330977889217769e-01
6.339869281045751315e-01 3.076923076923077094e-01 3.738317757009345516e-02 6.666666666666666574e-02 4.960785234584135783e-01
8.161290322580645462e-01 7.976190476190476719e-01 6.261682242990653791e-01 7.015706806282722141e-01 7.712121909672666753e-01
9.408099688473520184e-01 8.492063492063491870e-01 1.000000000000000000e+00 9.184549356223175032e-01 9.556074766355140415e-01
9.378881987577639689e-01 8.425196850393700254e-01 1.000000000000000000e+00 9.145299145299145005e-01 9.534883720930232842e-01
5.993150684931506378e-01 2.222222222222222099e-01 3.738317757009345516e-02 6.400000000000000133e-02 4.808537509472088911e-01
9.408099688473520184e-01 8.492063492063491870e-01 1.000000000000000000e+00 9.184549356223175032e-01 9.556074766355140415e-01
9.496855345911949797e-01 8.699186991869918284e-01 1.000000000000000000e+00 9.304347826086956097e-01 9.620853080568720905e-01
9.378881987577639689e-01 8.425196850393700254e-01 1.000000000000000000e+00 9.145299145299145005e-01 9.534883720930232842e-01
6.593059936908517438e-01 4.838709677419354982e-01 1.401869158878504551e-01 2.173913043478260809e-01 5.319982198486871150e-01
6.824324324324324564e-01 6.969696969696970168e-01 2.149532710280373793e-01 3.285714285714285698e-01 5.810216090589922500e-01
9.526813880126182577e-01 8.770491803278688270e-01 1.000000000000000000e+00 9.344978165938864212e-01 9.642857142857143016e-01
9.467084639498433152e-01 8.629032258064516236e-01 1.000000000000000000e+00 9.264069264069264564e-01 9.599056603773584717e-01
9.378881987577639689e-01 8.425196850393700254e-01 1.000000000000000000e+00 9.145299145299145005e-01 9.534883720930232842e-01
9.378881987577639689e-01 8.425196850393700254e-01 1.000000000000000000e+00 9.145299145299145005e-01 9.534883720930232842e-01
9.408099688473520184e-01 8.492063492063491870e-01 1.000000000000000000e+00 9.184549356223175032e-01 9.556074766355140415e-01
