5.766666666666666607e-01 4.545454545454545581e-02 9.345794392523363789e-03 1.550387596899224611e-02 4.502687521185414488e-01
5.652173913043477826e-01 4.000000000000000083e-02 9.345794392523363789e-03 1.515151515151515020e-02 4.421728971962616273e-01
6.178571428571428825e-01 5.000000000000000000e-01 9.345794392523363789e-03 1.834862385321100672e-02 5.017827237858569767e-01
9.029126213592233441e-01 7.810218978102190235e-01 1.000000000000000000e+00 8.770491803278688270e-01 9.257425742574256766e-01
9.238410596026490618e-01 8.230769230769230393e-01 1.000000000000000000e+00 9.029535864978902593e-01 9.410256410256410131e-01
6.953642384105960250e-01 6.229508196721311730e-01 3.551401869158878344e-01 4.523809523809523281e-01 6.185957344835849581e-01
8.913738019169329396e-01 7.588652482269503396e-01 1.000000000000000000e+00 8.629032258064516236e-01 9.174757281553397315e-01
7.346278317152103998e-01 6.470588235294117974e-01 5.140186915887849928e-01 5.729166666666667407e-01 6.827519200518182840e-01
5.761589403973509382e-01 1.111111111111111049e-01 2.803738317757009310e-02 4.477611940298507204e-02 4.524802300503234509e-01
9.207920792079208328e-01 8.167938931297710203e-01 1.000000000000000000e+00 8.991596638655461327e-01 9.387755102040815647e-01
5.451612903225806495e-01 0.000000000000000000e+00 0.000000000000000000e+00 0.000000000000000000e+00 4.162561576354679715e-01
6.156351791530945139e-01 3.777777777777777679e-01 1.588785046728971861e-01 2.236842105263157632e-01 5.094392523364486003e-01
5.580645161290322953e-01 3.125000000000000000e-02 9.345794392523363789e-03 1.438848920863309254e-02 4.283182173933060000e-01
7.713310580204778555e-01 7.702702702702702853e-01 5.327102803738317238e-01 6.298342541436463549e-01 7.206562154557331068e-01
8.913738019169329396e-01 7.588652482269503396e-01 1.000000000000000000e+00 8.629032258064516236e-01 9.174757281553397315e-01
5.965517241379310054e-01 8.333333333333332871e-02 9.345794392523363789e-03 1.680672268907562952e-02 4.746182523875184800e-01
8.913738019169329396e-01 7.588652482269503396e-01 1.000000000000000000e+00 8.629032258064516236e-01 9.174757281553397315e-01
9.029126213592233441e-01 7.810218978102190235e-01 1.000000000000000000e+00 8.770491803278688270e-01 9.257425742574256766e-01
5.602605863192182678e-01 3.333333333333333287e-02 9.345794392523363789e-03 1.459854014598539924e-02 4.321728971962616184e-01
5.824915824915825047e-01 5.263157894736841813e-02 9.345794392523363789e-03 1.587301587301587213e-02 4.573044761436301231e-01
9.147540983606556875e-01 8.045112781954887327e-01 1.000000000000000000e+00 8.916666666666667185e-01 9.343434343434343647e-01
8.942307692307692735e-01 7.642857142857142350e-01 1.000000000000000000e+00 8.663967611336031993e-01 9.195121951219511480e-01
5.460317460317459792e-01 0.000000000000000000e+00 0.000000000000000000e+00 0.000000000000000000e+00 4.134615384615384359e-01
5.676567656765676428e-01 3.846153846153846367e-02 9.345794392523363789e-03 1.503759398496240518e-02 4.408973869921800071e-01
7.713310580204778555e-01 7.702702702702702853e-01 5.327102803738317238e-01 6.298342541436463549e-01 7.206562154557331068e-01
8.913738019169329396e-01 7.588652482269503396e-01 1.000000000000000000e+00 8.629032258064516236e-01 9.174757281553397315e-01
5.767918088737201687e-01 9.523809523809523281e-02 1.869158878504672758e-02 3.124999999999999653e-02 4.582705255753190543e-01
6.153846153846154188e-01 3.750000000000000000e-01 1.121495327102803724e-01 1.726618705035971035e-01 5.039914330218068228e-01
5.870307167235494505e-01 6.250000000000000000e-02 9.345794392523363789e-03 1.626016260162601451e-02 4.643503165511003172e-01
5.522875816993464415e-01 0.000000000000000000e+00 0.000000000000000000e+00 0.000000000000000000e+00 4.246231155778894539e-01
6.172413793103448398e-01 4.000000000000000222e-01 7.476635514018691031e-02 1.259842519685039075e-01 5.045962923241918974e-01
6.416382252559726940e-01 5.263157894736841813e-01 1.869158878504672827e-01 2.758620689655172376e-01 5.450708471510400388e-01
5.657894736842105088e-01 3.703703703703703498e-02 9.345794392523363789e-03 1.492537313432835792e-02 4.386830494805256109e-01
8.316831683168316447e-01 7.545454545454545192e-01 7.757009345794392274e-01 7.649769585253456405e-01 8.189729162693114572e-01
8.829113924050633333e-01 7.430555555555555802e-01 1.000000000000000000e+00 8.525896414342629681e-01 9.114832535885166731e-01
8.801261829652996527e-01 7.379310344827586521e-01 1.000000000000000000e+00 8.492063492063492980e-01 9.095238095238095122e-01
6.040268456375839090e-01 2.962962962962962798e-01 7.476635514018691031e-02 1.194029850746268634e-01 4.876449576748055348e-01
