5.793103448275862544e-01 5.882352941176470507e-02 9.345794392523363789e-03 1.612903225806451221e-02 4.609570502017261151e-01
8.801261829652996527e-01 7.379310344827586521e-01 1.000000000000000000e+00 8.492063492063492980e-01 9.095238095238095122e-01
9.000000000000000222e-01 7.753623188405797118e-01 1.000000000000000000e+00 8.734693877551020780e-01 9.236453201970442617e-01
9.207920792079208328e-01 8.167938931297710203e-01 1.000000000000000000e+00 8.991596638655461327e-01 9.387755102040815647e-01
5.544871794871795156e-01 2.941176470588235253e-02 9.345794392523363789e-03 1.418439716312056530e-02 4.241850923182128308e-01
5.756578947368421462e-01 1.071428571428571369e-01 2.803738317757009310e-02 4.444444444444444614e-02 4.505669149390387762e-01
5.874125874125873947e-01 7.692307692307692735e-02 9.345794392523363789e-03 1.666666666666666644e-02 4.711533441236359088e-01
5.979381443298968923e-01 1.428571428571428492e-01 1.869158878504672758e-02 3.305785123966941547e-02 4.767370987403494742e-01
5.509554140127388422e-01 2.777777777777777624e-02 9.345794392523363789e-03 1.398601398601398600e-02 4.201318343943292732e-01
9.087947882736155947e-01 7.925925925925926263e-01 1.000000000000000000e+00 8.842975206611569661e-01 9.299999999999999378e-01
9.238410596026490618e-01 8.230769230769230393e-01 1.000000000000000000e+00 9.029535864978902593e-01 9.410256410256410131e-01
8.913738019169329396e-01 7.588652482269503396e-01 1.000000000000000000e+00 8.629032258064516236e-01 9.174757281553397315e-01
5.941558441558441039e-01 2.750000000000000222e-01 1.028037383177570069e-01 1.496598639455782309e-01 4.792625656762913855e-01
6.644067796610169108e-01 5.999999999999999778e-01 2.242990654205607448e-01 3.265306122448979886e-01 5.695963412209187338e-01
8.801261829652996527e-01 7.379310344827586521e-01 1.000000000000000000e+00 8.492063492063492980e-01 9.095238095238095122e-01
5.836177474402730603e-01 5.882352941176470507e-02 9.345794392523363789e-03 1.612903225806451221e-02 4.616621445080895669e-01
5.681063122923587505e-01 4.000000000000000083e-02 9.345794392523363789e-03 1.515151515151515020e-02 4.428172270931688970e-01
6.666666666666666297e-01 5.211267605633802535e-01 3.457943925233644689e-01 4.157303370786517016e-01 5.899703669933895611e-01
9.000000000000000222e-01 7.753623188405797118e-01 1.000000000000000000e+00 8.734693877551020780e-01 9.236453201970442617e-01
9.177631578947368363e-01 8.106060606060605522e-01 1.000000000000000000e+00 8.953974895397489586e-01 9.365482233502537834e-01
9.147540983606556875e-01 8.045112781954887327e-01 1.000000000000000000e+00 8.916666666666667185e-01 9.343434343434343647e-01
6.206896551724138122e-01 4.285714285714285476e-01 8.411214953271027583e-02 1.406250000000000000e-01 5.092691895204534136e-01
5.530546623794212469e-01 2.941176470588235253e-02 9.345794392523363789e-03 1.418439716312056530e-02 4.237905442550851665e-01
8.590604026845637398e-01 7.981651376146788879e-01 8.130841121495326895e-01 8.055555555555555802e-01 8.489504330381171249e-01
6.644067796610169108e-01 5.999999999999999778e-01 2.242990654205607448e-01 3.265306122448979886e-01 5.695963412209187338e-01
8.801261829652996527e-01 7.379310344827586521e-01 1.000000000000000000e+00 8.492063492063492980e-01 9.095238095238095122e-01
5.598705501618123082e-01 3.225806451612903136e-02 9.345794392523363789e-03 1.449275362318840250e-02 4.304154714536873594e-01
5.805369127516778471e-01 5.000000000000000278e-02 9.345794392523363789e-03 1.574803149606298844e-02 4.549346773009736999e-01
5.566343042071197900e-01 3.125000000000000000e-02 9.345794392523363789e-03 1.438848920863309254e-02 4.279402239289348819e-01
5.950704225352112520e-01 1.000000000000000056e-01 9.345794392523363789e-03 1.709401709401709227e-02 4.792491683827023174e-01
5.492063492063492536e-01 2.702702702702702853e-02 9.345794392523363789e-03 1.388888888888888638e-02 4.181344356578000632e-01
5.986159169550172576e-01 9.090909090909091161e-02 9.345794392523363789e-03 1.694915254237287783e-02 4.772003697237341413e-01
8.829113924050633333e-01 7.430555555555555802e-01 1.000000000000000000e+00 8.525896414342629681e-01 9.114832535885166731e-01
5.690789473684210176e-01 7.142857142857142461e-02 1.869158878504672758e-02 2.962962962962962382e-02 4.433559466767873491e-01
6.113074204946996604e-01 2.000000000000000111e-01 9.345794392523363789e-03 1.785714285714285615e-02 4.933092608326252737e-01
5.838926174496644750e-01 9.523809523809523281e-02 1.869158878504672758e-02 3.124999999999999653e-02 4.596075744972354382e-01
5.858585858585858563e-01 1.000000000000000056e-01 1.869158878504672758e-02 3.149606299212597688e-02 4.619773733398918059e-01
