8.156996587030717061e-01 8.271604938271605034e-01 6.261682242990653791e-01 7.127659574468084847e-01 7.754497035473820743e-01
5.972222222222222099e-01 1.538461538461538547e-01 1.869158878504672758e-02 3.333333333333333287e-02 4.789590540610316749e-01
9.117647058823529216e-01 7.985074626865671377e-01 1.000000000000000000e+00 8.879668049792530660e-01 9.321608040201004863e-01
5.780730897009966895e-01 8.333333333333332871e-02 1.869158878504672758e-02 3.053435114503816328e-02 4.526447634646882934e-01
5.602605863192182678e-01 3.333333333333333287e-02 9.345794392523363789e-03 1.459854014598539924e-02 4.321728971962616184e-01
5.723905723905723386e-01 4.545454545454545581e-02 9.345794392523363789e-03 1.550387596899224611e-02 4.494097393015247799e-01
6.122448979591836871e-01 3.478260869565217295e-01 7.476635514018691031e-02 1.230769230769230560e-01 4.972762256984357143e-01
6.027874564459930751e-01 1.111111111111111049e-01 9.345794392523363789e-03 1.724137931034482735e-02 4.824506749740394285e-01
5.771812080536913303e-01 4.761904761904761640e-02 9.345794392523363789e-03 1.562499999999999827e-02 4.523168762538532506e-01
7.466216216216216006e-01 7.352941176470588758e-01 4.672897196261682207e-01 5.714285714285713969e-01 6.860258121940364662e-01
5.440251572327043927e-01 2.500000000000000139e-02 9.345794392523363789e-03 1.360544217687074606e-02 4.122558355848872647e-01
5.548387096774193283e-01 3.030303030303030387e-02 9.345794392523363789e-03 1.428571428571428353e-02 4.258551632061138292e-01
9.000000000000000222e-01 7.753623188405797118e-01 1.000000000000000000e+00 8.734693877551020780e-01 9.236453201970442617e-01
5.460317460317459792e-01 0.000000000000000000e+00 0.000000000000000000e+00 0.000000000000000000e+00 4.134615384615384359e-01
5.474683544303797778e-01 2.631578947368420907e-02 9.345794392523363789e-03 1.379310344827586188e-02 4.161561507847783559e-01
8.857142857142856762e-01 7.482517482517482277e-01 1.000000000000000000e+00 8.559999999999999831e-01 9.134615384615384359e-01
9.058441558441558961e-01 7.867647058823529216e-01 1.000000000000000000e+00 8.806584362139917577e-01 9.278606965174129861e-01
5.492063492063492536e-01 2.702702702702702853e-02 9.345794392523363789e-03 1.388888888888888638e-02 4.181344356578000632e-01
9.087947882736155947e-01 7.925925925925926263e-01 1.000000000000000000e+00 8.842975206611569661e-01 9.299999999999999378e-01
5.629139072847682002e-01 3.703703703703703498e-02 9.345794392523363789e-03 1.492537313432835792e-02 4.380062305295949754e-01
5.906040268456376197e-01 2.580645161290322509e-01 7.476635514018691031e-02 1.159420289855072200e-01 4.771737534863238483e-01
5.704697986577180746e-01 4.347826086956521618e-02 9.345794392523363789e-03 1.538461538461538200e-02 4.470812741596124629e-01
8.051948051948052409e-01 7.238095238095237915e-01 7.102803738317756688e-01 7.169811320754716499e-01 7.830008834333008760e-01
6.946308724832215287e-01 6.481481481481481399e-01 3.271028037383177378e-01 4.347826086956521618e-01 6.138131819738709138e-01
5.460317460317459792e-01 0.000000000000000000e+00 0.000000000000000000e+00 0.000000000000000000e+00 4.134615384615384359e-01
5.474683544303797778e-01 2.631578947368420907e-02 9.345794392523363789e-03 1.379310344827586188e-02 4.161561507847783559e-01
5.762711864406779849e-01 9.090909090909091161e-02 1.869158878504672758e-02 3.100775193798449222e-02 4.561543050308212166e-01
7.119741100323624394e-01 6.071428571428570953e-01 4.766355140186915862e-01 5.340314136125653421e-01 6.566345886925141206e-01
5.341614906832298226e-01 0.000000000000000000e+00 0.000000000000000000e+00 0.000000000000000000e+00 4.000000000000000222e-01
8.829113924050633333e-01 7.430555555555555802e-01 1.000000000000000000e+00 8.525896414342629681e-01 9.114832535885166731e-01
5.676567656765676428e-01 3.846153846153846367e-02 9.345794392523363789e-03 1.503759398496240518e-02 4.408973869921800071e-01
9.000000000000000222e-01 7.753623188405797118e-01 1.000000000000000000e+00 8.734693877551020780e-01 9.236453201970442617e-01
5.709570957095709831e-01 7.407407407407406996e-02 1.869158878504672758e-02 2.985074626865671585e-02 4.455702841884417453e-01
6.423611111111111605e-01 5.833333333333333703e-01 1.308411214953270896e-01 2.137404580152671429e-01 5.377962513553983248e-01
8.971061093247588714e-01 7.697841726618704916e-01 1.000000000000000000e+00 8.699186991869918284e-01 9.215686274509804488e-01
8.857142857142856762e-01 7.482517482517482277e-01 1.000000000000000000e+00 8.559999999999999831e-01 9.134615384615384359e-01
5.986159169550172576e-01 2.631578947368420907e-01 4.672897196261682068e-02 7.936507936507936067e-02 4.849029475197699224e-01
