9.472049689440993347e-01 8.629032258064516236e-01 1.000000000000000000e+00 9.264069264069264564e-01 9.604651162790698304e-01
5.841924398625429893e-01 0.000000000000000000e+00 0.000000000000000000e+00 0.000000000000000000e+00 4.619565217391304324e-01
9.472049689440993347e-01 8.629032258064516236e-01 1.000000000000000000e+00 9.264069264069264564e-01 9.604651162790698304e-01
5.845070422535211252e-01 0.000000000000000000e+00 0.000000000000000000e+00 0.000000000000000000e+00 4.689265536723163930e-01
6.282894736842105088e-01 3.499999999999999778e-01 6.542056074766354479e-02 1.102362204724409295e-01 4.997153565159637156e-01
9.472049689440993347e-01 8.629032258064516236e-01 1.000000000000000000e+00 9.264069264069264564e-01 9.604651162790698304e-01
9.472049689440993347e-01 8.629032258064516236e-01 1.000000000000000000e+00 9.264069264069264564e-01 9.604651162790698304e-01
6.092715231788079500e-01 0.000000000000000000e+00 0.000000000000000000e+00 0.000000000000000000e+00 4.717948717948717841e-01
6.397306397306397052e-01 5.000000000000000000e-01 1.308411214953270896e-01 2.074074074074073737e-01 5.285784554845056604e-01
7.788161993769470159e-01 7.571428571428571175e-01 4.953271028037383172e-01 5.988700564971751739e-01 7.079439252336449107e-01
9.472049689440993347e-01 8.629032258064516236e-01 1.000000000000000000e+00 9.264069264069264564e-01 9.604651162790698304e-01
9.472049689440993347e-01 8.629032258064516236e-01 1.000000000000000000e+00 9.264069264069264564e-01 9.604651162790698304e-01
9.531250000000000000e-01 8.770491803278688270e-01 1.000000000000000000e+00 9.344978165938864212e-01 9.647887323943661331e-01
9.620253164556962222e-01 8.991596638655462437e-01 1.000000000000000000e+00 9.469026548672566657e-01 9.712918660287082062e-01
9.472049689440993347e-01 8.629032258064516236e-01 1.000000000000000000e+00 9.264069264069264564e-01 9.604651162790698304e-01
9.531250000000000000e-01 8.770491803278688270e-01 1.000000000000000000e+00 9.344978165938864212e-01 9.647887323943661331e-01
9.472049689440993347e-01 8.629032258064516236e-01 1.000000000000000000e+00 9.264069264069264564e-01 9.604651162790698304e-01
8.164556962025316666e-01 8.266666666666666607e-01 5.794392523364485514e-01 6.813186813186813406e-01 7.586191476993247029e-01
9.526813880126182577e-01 8.770491803278688270e-01 1.000000000000000000e+00 9.344978165938864212e-01 9.642857142857143016e-01
9.472049689440993347e-01 8.629032258064516236e-01 1.000000000000000000e+00 9.264069264069264564e-01 9.604651162790698304e-01
9.472049689440993347e-01 8.629032258064516236e-01 1.000000000000000000e+00 9.264069264069264564e-01 9.604651162790698304e-01
6.521739130434782705e-01 5.517241379310344751e-01 1.495327102803738206e-01 2.352941176470587925e-01 5.409121884735202945e-01
9.472049689440993347e-01 8.629032258064516236e-01 1.000000000000000000e+00 9.264069264069264564e-01 9.604651162790698304e-01
5.724381625441695709e-01 0.000000000000000000e+00 0.000000000000000000e+00 0.000000000000000000e+00 4.602272727272727071e-01
9.620253164556962222e-01 8.991596638655462437e-01 1.000000000000000000e+00 9.469026548672566657e-01 9.712918660287082062e-01
9.472049689440993347e-01 8.629032258064516236e-01 1.000000000000000000e+00 9.264069264069264564e-01 9.604651162790698304e-01
5.870307167235494505e-01 0.000000000000000000e+00 0.000000000000000000e+00 0.000000000000000000e+00 4.623655913978494403e-01
8.925081433224755223e-01 8.699999999999999956e-01 8.130841121495326895e-01 8.405797101449273834e-01 8.740420560747663714e-01
5.931034482758620330e-01 0.000000000000000000e+00 0.000000000000000000e+00 0.000000000000000000e+00 4.699453551912568527e-01
9.561128526645767955e-01 8.842975206611570771e-01 1.000000000000000000e+00 9.385964912280702066e-01 9.669811320754717610e-01
6.319218241042344753e-01 3.750000000000000000e-01 8.411214953271027583e-02 1.374045801526717347e-01 5.045560747663551115e-01
9.472049689440993347e-01 8.629032258064516236e-01 1.000000000000000000e+00 9.264069264069264564e-01 9.604651162790698304e-01
9.472049689440993347e-01 8.629032258064516236e-01 1.000000000000000000e+00 9.264069264069264564e-01 9.604651162790698304e-01
5.836298932384341720e-01 0.000000000000000000e+00 0.000000000000000000e+00 0.000000000000000000e+00 4.712643678160919336e-01
9.472049689440993347e-01 8.629032258064516236e-01 1.000000000000000000e+00 9.264069264069264564e-01 9.604651162790698304e-01
9.501557632398753839e-01 8.699186991869918284e-01 1.000000000000000000e+00 9.304347826086956097e-01 9.626168224299065379e-01
9.472049689440993347e-01 8.629032258064516236e-01 1.000000000000000000e+00 9.264069264069264564e-01 9.604651162790698304e-01
