5.563636363636363935e-01 0.000000000000000000e+00 0.000000000000000000e+00 0.000000000000000000e+00 4.553571428571428492e-01
9.501557632398753839e-01 8.699186991869918284e-01 1.000000000000000000e+00 9.304347826086956097e-01 9.626168224299065379e-01
7.684887459807073773e-01 7.777777777777777901e-01 4.579439252336448551e-01 5.764705882352940680e-01 6.946582371266263323e-01
9.531250000000000000e-01 8.770491803278688270e-01 1.000000000000000000e+00 9.344978165938864212e-01 9.647887323943661331e-01
8.309859154929577496e-01 8.831168831168830780e-01 6.355140186915887446e-01 7.391304347826086474e-01 7.923332805322351735e-01
6.245954692556634491e-01 1.538461538461538547e-01 1.869158878504672758e-02 3.333333333333333287e-02 4.821180716202461136e-01
9.591194968553459210e-01 8.916666666666667185e-01 1.000000000000000000e+00 9.427312775330397576e-01 9.691943127962086013e-01
7.702265372168284330e-01 8.214285714285713969e-01 4.299065420560747586e-01 5.644171779141103906e-01 6.902007957805125216e-01
5.464684014869888307e-01 0.000000000000000000e+00 0.000000000000000000e+00 0.000000000000000000e+00 4.537037037037037202e-01
9.472049689440993347e-01 8.629032258064516236e-01 1.000000000000000000e+00 9.264069264069264564e-01 9.604651162790698304e-01
6.655737704918033293e-01 5.925925925925925597e-01 1.495327102803738206e-01 2.388059701492537268e-01 5.469885773624091341e-01
9.501557632398753839e-01 8.699186991869918284e-01 1.000000000000000000e+00 9.304347826086956097e-01 9.626168224299065379e-01
9.472049689440993347e-01 8.629032258064516236e-01 1.000000000000000000e+00 9.264069264069264564e-01 9.604651162790698304e-01
5.870307167235494505e-01 0.000000000000000000e+00 0.000000000000000000e+00 0.000000000000000000e+00 4.623655913978494403e-01
9.472049689440993347e-01 8.629032258064516236e-01 1.000000000000000000e+00 9.264069264069264564e-01 9.604651162790698304e-01
5.965517241379310054e-01 0.000000000000000000e+00 0.000000000000000000e+00 0.000000000000000000e+00 4.726775956284153257e-01
7.405063291139240000e-01 7.551020408163264808e-01 3.457943925233644689e-01 4.743589743589743390e-01 6.441890622903904129e-01
9.531250000000000000e-01 8.770491803278688270e-01 1.000000000000000000e+00 9.344978165938864212e-01 9.647887323943661331e-01
9.472049689440993347e-01 8.629032258064516236e-01 1.000000000000000000e+00 9.264069264069264564e-01 9.604651162790698304e-01
6.858974358974359031e-01 6.451612903225806273e-01 1.869158878504672827e-01 2.898550724637680709e-01 5.666286756325507046e-01
6.279863481228669109e-01 3.333333333333333148e-01 1.869158878504672758e-02 3.539823008849556779e-02 4.985931062204803643e-01
6.167247386759582284e-01 4.210526315789473450e-01 7.476635514018691031e-02 1.269841269841269771e-01 5.068276220145379041e-01
7.563291139240506666e-01 7.678571428571429047e-01 4.018691588785046620e-01 5.276073619631902467e-01 6.698341009703527860e-01
9.099678456591639986e-01 8.558558558558558849e-01 8.878504672897196137e-01 8.715596330275229286e-01 9.047095473703501423e-01
5.870307167235494505e-01 0.000000000000000000e+00 0.000000000000000000e+00 0.000000000000000000e+00 4.623655913978494403e-01
9.472049689440993347e-01 8.629032258064516236e-01 1.000000000000000000e+00 9.264069264069264564e-01 9.604651162790698304e-01
5.999999999999999778e-01 0.000000000000000000e+00 0.000000000000000000e+00 0.000000000000000000e+00 4.707446808510638014e-01
5.338645418326692926e-01 0.000000000000000000e+00 0.000000000000000000e+00 0.000000000000000000e+00 4.652777777777777901e-01
9.561128526645767955e-01 8.842975206611570771e-01 1.000000000000000000e+00 9.385964912280702066e-01 9.669811320754717610e-01
9.554140127388535131e-01 8.842975206611570771e-01 1.000000000000000000e+00 9.385964912280702066e-01 9.661835748792271250e-01
6.333333333333333037e-01 4.210526315789473450e-01 7.476635514018691031e-02 1.269841269841269771e-01 5.088857682436686014e-01
9.472049689440993347e-01 8.629032258064516236e-01 1.000000000000000000e+00 9.264069264069264564e-01 9.604651162790698304e-01
5.212355212355211931e-01 0.000000000000000000e+00 0.000000000000000000e+00 0.000000000000000000e+00 4.440789473684210731e-01
9.561128526645767955e-01 8.842975206611570771e-01 1.000000000000000000e+00 9.385964912280702066e-01 9.669811320754717610e-01
9.472049689440993347e-01 8.629032258064516236e-01 1.000000000000000000e+00 9.264069264069264564e-01 9.604651162790698304e-01
9.472049689440993347e-01 8.629032258064516236e-01 1.000000000000000000e+00 9.264069264069264564e-01 9.604651162790698304e-01
6.611842105263158187e-01 5.666666666666666519e-01 1.588785046728971861e-01 2.481751824817517993e-01 5.464443284785805988e-01
