5.979381443298968923e-01 8.333333333333332871e-02 9.345794392523363789e-03 1.680672268907562952e-02 4.747815928484355186e-01
8.000000000000000444e-01 8.235294117647058432e-01 5.233644859813083583e-01 6.400000000000000133e-01 7.328360891445003800e-01
5.763888888888888395e-01 0.000000000000000000e+00 0.000000000000000000e+00 0.000000000000000000e+00 4.585635359116022047e-01
5.993265993265993741e-01 0.000000000000000000e+00 0.000000000000000000e+00 0.000000000000000000e+00 4.684210526315789602e-01
6.999999999999999556e-01 7.380952380952381375e-01 2.897196261682242757e-01 4.161073825503355805e-01 6.148051682753690184e-01
5.993265993265993741e-01 0.000000000000000000e+00 0.000000000000000000e+00 0.000000000000000000e+00 4.684210526315789602e-01
6.219931271477663337e-01 4.285714285714285476e-01 8.411214953271027583e-02 1.406250000000000000e-01 5.094473791141812535e-01
8.895899053627760455e-01 8.599999999999999867e-01 8.037383177570093240e-01 8.309178743961352920e-01 8.685358255451712806e-01
9.394904458598726249e-01 8.728813559322033955e-01 9.626168224299065379e-01 9.155555555555555669e-01 9.450765271569823156e-01
8.060200668896321252e-01 8.356164383561643927e-01 5.700934579439251859e-01 6.777777777777778123e-01 7.537967289719625930e-01
5.287356321839080664e-01 0.000000000000000000e+00 0.000000000000000000e+00 0.000000000000000000e+00 4.480519480519480346e-01
7.525083612040134318e-01 8.000000000000000444e-01 4.112149532710280275e-01 5.432098765432098464e-01 6.769616433021807822e-01
9.585987261146496907e-01 8.916666666666667185e-01 1.000000000000000000e+00 9.427312775330397576e-01 9.685990338164250923e-01
5.845070422535211252e-01 0.000000000000000000e+00 0.000000000000000000e+00 0.000000000000000000e+00 4.689265536723163930e-01
9.472049689440993347e-01 8.629032258064516236e-01 1.000000000000000000e+00 9.264069264069264564e-01 9.604651162790698304e-01
5.882352941176470784e-01 0.000000000000000000e+00 0.000000000000000000e+00 0.000000000000000000e+00 4.848484848484848619e-01
7.322580645161290702e-01 7.399999999999999911e-01 3.457943925233644689e-01 4.713375796178343458e-01 6.408774918281846533e-01
5.980392156862744946e-01 0.000000000000000000e+00 0.000000000000000000e+00 0.000000000000000000e+00 4.597989949748743643e-01
9.472049689440993347e-01 8.629032258064516236e-01 1.000000000000000000e+00 9.264069264069264564e-01 9.604651162790698304e-01
6.195286195286194841e-01 3.636363636363636465e-01 7.476635514018691031e-02 1.240310077519379689e-01 5.005410723069355639e-01
6.214511041009463943e-01 1.578947368421052544e-01 2.803738317757009310e-02 4.761904761904762334e-02 4.759234534935469219e-01
6.803797468354430000e-01 5.937500000000000000e-01 1.775700934579439172e-01 2.733812949640287981e-01 5.576845682600723997e-01
5.923344947735191823e-01 0.000000000000000000e+00 0.000000000000000000e+00 0.000000000000000000e+00 4.722222222222222099e-01
5.766423357664233196e-01 0.000000000000000000e+00 0.000000000000000000e+00 0.000000000000000000e+00 4.730538922155688719e-01
5.845070422535211252e-01 0.000000000000000000e+00 0.000000000000000000e+00 0.000000000000000000e+00 4.689265536723163930e-01
9.472049689440993347e-01 8.629032258064516236e-01 1.000000000000000000e+00 9.264069264069264564e-01 9.604651162790698304e-01
5.474452554744525523e-01 0.000000000000000000e+00 0.000000000000000000e+00 0.000000000000000000e+00 4.491017964071856161e-01
4.718614718614718706e-01 0.000000000000000000e+00 0.000000000000000000e+00 0.000000000000000000e+00 4.395161290322580627e-01
6.136363636363636465e-01 0.000000000000000000e+00 0.000000000000000000e+00 0.000000000000000000e+00 4.701492537313433084e-01
5.597014925373133831e-01 0.000000000000000000e+00 0.000000000000000000e+00 0.000000000000000000e+00 4.658385093167701774e-01
5.533596837944664282e-01 3.636363636363636465e-01 7.476635514018691031e-02 1.240310077519379689e-01 4.894379720906414377e-01
6.366666666666667140e-01 4.444444444444444198e-01 7.476635514018691031e-02 1.280000000000000027e-01 5.114764418187981443e-01
7.836990595611285082e-01 7.878787878787878451e-01 4.859813084112149517e-01 6.011560693641617714e-01 7.099717862810791535e-01
6.396103896103896291e-01 4.090909090909091161e-01 8.411214953271027583e-02 1.395348837209302306e-01 5.097177663086436272e-01
5.312500000000000000e-01 0.000000000000000000e+00 0.000000000000000000e+00 0.000000000000000000e+00 4.563758389261745041e-01
7.359735973597359981e-01 7.368421052631578538e-01 3.925233644859812965e-01 5.121951219512195230e-01 6.579963761205416262e-01
6.392405063291138889e-01 3.333333333333333148e-01 6.542056074766354479e-02 1.093749999999999861e-01 4.992174574073245386e-01
