8.322981366459627495e-01 6.645962732919254989e-01 1.000000000000000000e+00 7.985074626865671377e-01 8.744186046511628341e-01
5.048231511254018811e-01 2.040816326530612082e-02 9.345794392523363789e-03 1.282051282051282180e-02 3.870258383727321894e-01
8.322981366459627495e-01 6.645962732919254989e-01 1.000000000000000000e+00 7.985074626865671377e-01 8.744186046511628341e-01
5.000000000000000000e-01 0.000000000000000000e+00 0.000000000000000000e+00 0.000000000000000000e+00 3.744186046511627786e-01
5.000000000000000000e-01 0.000000000000000000e+00 0.000000000000000000e+00 0.000000000000000000e+00 3.744186046511627786e-01
5.000000000000000000e-01 0.000000000000000000e+00 0.000000000000000000e+00 0.000000000000000000e+00 3.744186046511627786e-01
5.000000000000000000e-01 0.000000000000000000e+00 0.000000000000000000e+00 0.000000000000000000e+00 3.744186046511627786e-01
5.096774193548386789e-01 2.127659574468085055e-02 9.345794392523363789e-03 1.298701298701298787e-02 3.913724045854242162e-01
5.031055900621117516e-01 1.818181818181818094e-02 9.345794392523363789e-03 1.234567901234567833e-02 3.790915018474244058e-01
5.000000000000000000e-01 0.000000000000000000e+00 0.000000000000000000e+00 0.000000000000000000e+00 3.744186046511627786e-01
5.000000000000000000e-01 0.000000000000000000e+00 0.000000000000000000e+00 0.000000000000000000e+00 3.744186046511627786e-01
5.000000000000000000e-01 0.000000000000000000e+00 0.000000000000000000e+00 0.000000000000000000e+00 3.744186046511627786e-01
8.401253918495298345e-01 6.772151898734176667e-01 1.000000000000000000e+00 8.075471698113206864e-01 8.797169811320755262e-01
8.401253918495298345e-01 6.772151898734176667e-01 1.000000000000000000e+00 8.075471698113206864e-01 8.797169811320755262e-01
5.000000000000000000e-01 0.000000000000000000e+00 0.000000000000000000e+00 0.000000000000000000e+00 3.744186046511627786e-01
8.401253918495298345e-01 6.772151898734176667e-01 1.000000000000000000e+00 8.075471698113206864e-01 8.797169811320755262e-01
5.142857142857142350e-01 5.769230769230769551e-02 2.803738317757009310e-02 3.773584905660377214e-02 3.962302300503234287e-01
5.000000000000000000e-01 0.000000000000000000e+00 0.000000000000000000e+00 0.000000000000000000e+00 3.744186046511627786e-01
7.645161290322580738e-01 6.349206349206348854e-01 7.476635514018691309e-01 6.866952789699569681e-01 7.605312830900972099e-01
5.062893081761006275e-01 1.923076923076923184e-02 9.345794392523363789e-03 1.257861635220125680e-02 3.838198166275412770e-01
5.341614906832298226e-01 1.692307692307692402e-01 1.028037383177570069e-01 1.279069767441860239e-01 4.258204738100412334e-01
5.062893081761006275e-01 0.000000000000000000e+00 0.000000000000000000e+00 0.000000000000000000e+00 3.815165876777251164e-01
5.031446540880503138e-01 0.000000000000000000e+00 0.000000000000000000e+00 0.000000000000000000e+00 3.791469194312796498e-01
5.000000000000000000e-01 0.000000000000000000e+00 0.000000000000000000e+00 0.000000000000000000e+00 3.744186046511627786e-01
8.401253918495298345e-01 6.772151898734176667e-01 1.000000000000000000e+00 8.075471698113206864e-01 8.797169811320755262e-01
5.000000000000000000e-01 0.000000000000000000e+00 0.000000000000000000e+00 0.000000000000000000e+00 3.744186046511627786e-01
5.000000000000000000e-01 0.000000000000000000e+00 0.000000000000000000e+00 0.000000000000000000e+00 3.744186046511627786e-01
5.000000000000000000e-01 0.000000000000000000e+00 0.000000000000000000e+00 0.000000000000000000e+00 3.744186046511627786e-01
5.000000000000000000e-01 0.000000000000000000e+00 0.000000000000000000e+00 0.000000000000000000e+00 3.744186046511627786e-01
8.535031847133758287e-01 6.993464052287581278e-01 1.000000000000000000e+00 8.230769230769230393e-01 8.888888888888888395e-01
5.000000000000000000e-01 0.000000000000000000e+00 0.000000000000000000e+00 0.000000000000000000e+00 3.744186046511627786e-01
5.000000000000000000e-01 0.000000000000000000e+00 0.000000000000000000e+00 0.000000000000000000e+00 3.744186046511627786e-01
6.025236593059937196e-01 3.797468354430380000e-01 2.803738317757009102e-01 3.225806451612903136e-01 5.235202492211837866e-01
5.161290322580645018e-01 6.122448979591836593e-02 2.803738317757009310e-02 3.846153846153846367e-02 4.007181989779476372e-01
5.078864353312302349e-01 0.000000000000000000e+00 0.000000000000000000e+00 0.000000000000000000e+00 3.833333333333333037e-01
8.535031847133758287e-01 6.993464052287581278e-01 1.000000000000000000e+00 8.230769230769230393e-01 8.888888888888888395e-01
8.401253918495298345e-01 6.772151898734176667e-01 1.000000000000000000e+00 8.075471698113206864e-01 8.797169811320755262e-01
