5.000000000000000000e-01 0.000000000000000000e+00 0.000000000000000000e+00 0.000000000000000000e+00 3.744186046511627786e-01
8.322981366459627495e-01 6.645962732919254989e-01 1.000000000000000000e+00 7.985074626865671377e-01 8.744186046511628341e-01
5.974842767295597268e-01 3.703703703703703498e-01 2.803738317757009102e-01 3.191489361702127825e-01 5.193338353191301326e-01
5.442176870748299811e-01 9.090909090909091161e-02 2.803738317757009310e-02 4.285714285714285754e-02 4.338047878454694972e-01
5.000000000000000000e-01 0.000000000000000000e+00 0.000000000000000000e+00 0.000000000000000000e+00 3.744186046511627786e-01
5.031446540880503138e-01 0.000000000000000000e+00 0.000000000000000000e+00 0.000000000000000000e+00 3.791469194312796498e-01
5.000000000000000000e-01 0.000000000000000000e+00 0.000000000000000000e+00 0.000000000000000000e+00 3.744186046511627786e-01
5.000000000000000000e-01 0.000000000000000000e+00 0.000000000000000000e+00 0.000000000000000000e+00 3.744186046511627786e-01
8.322981366459627495e-01 6.645962732919254989e-01 1.000000000000000000e+00 7.985074626865671377e-01 8.744186046511628341e-01
7.124600638977636180e-01 5.779816513761467656e-01 5.887850467289719170e-01 5.833333333333333703e-01 6.827420379275928042e-01
8.193548387096774022e-01 6.783216783216783341e-01 9.065420560747663448e-01 7.760000000000000231e-01 8.399705354265457613e-01
8.617363344051447438e-01 7.133333333333333748e-01 1.000000000000000000e+00 8.326848249027237747e-01 8.946078431372548323e-01
5.078864353312302349e-01 0.000000000000000000e+00 0.000000000000000000e+00 0.000000000000000000e+00 3.833333333333333037e-01
5.000000000000000000e-01 0.000000000000000000e+00 0.000000000000000000e+00 0.000000000000000000e+00 3.744186046511627786e-01
8.454258675078863972e-01 6.858974358974359031e-01 1.000000000000000000e+00 8.136882129277566156e-01 8.833333333333333037e-01
5.000000000000000000e-01 0.000000000000000000e+00 0.000000000000000000e+00 0.000000000000000000e+00 3.744186046511627786e-01
5.000000000000000000e-01 0.000000000000000000e+00 0.000000000000000000e+00 0.000000000000000000e+00 3.744186046511627786e-01
8.535031847133758287e-01 6.993464052287581278e-01 1.000000000000000000e+00 8.230769230769230393e-01 8.888888888888888395e-01
8.401253918495298345e-01 6.772151898734176667e-01 1.000000000000000000e+00 8.075471698113206864e-01 8.797169811320755262e-01
8.322981366459627495e-01 6.645962732919254989e-01 1.000000000000000000e+00 7.985074626865671377e-01 8.744186046511628341e-01
8.461538461538461453e-01 7.006802721088435382e-01 9.626168224299065379e-01 8.110236220472439861e-01 8.739913380442215773e-01
5.000000000000000000e-01 0.000000000000000000e+00 0.000000000000000000e+00 0.000000000000000000e+00 3.744186046511627786e-01
5.000000000000000000e-01 0.000000000000000000e+00 0.000000000000000000e+00 0.000000000000000000e+00 3.744186046511627786e-01
5.000000000000000000e-01 0.000000000000000000e+00 0.000000000000000000e+00 0.000000000000000000e+00 3.744186046511627786e-01
5.000000000000000000e-01 0.000000000000000000e+00 0.000000000000000000e+00 0.000000000000000000e+00 3.744186046511627786e-01
8.454258675078863972e-01 6.858974358974359031e-01 1.000000000000000000e+00 8.136882129277566156e-01 8.833333333333333037e-01
5.000000000000000000e-01 0.000000000000000000e+00 0.000000000000000000e+00 0.000000000000000000e+00 3.744186046511627786e-01
5.000000000000000000e-01 0.000000000000000000e+00 0.000000000000000000e+00 0.000000000000000000e+00 3.744186046511627786e-01
5.000000000000000000e-01 0.000000000000000000e+00 0.000000000000000000e+00 0.000000000000000000e+00 3.744186046511627786e-01
5.078864353312302349e-01 0.000000000000000000e+00 0.000000000000000000e+00 0.000000000000000000e+00 3.833333333333333037e-01
5.000000000000000000e-01 0.000000000000000000e+00 0.000000000000000000e+00 0.000000000000000000e+00 3.744186046511627786e-01
5.000000000000000000e-01 0.000000000000000000e+00 0.000000000000000000e+00 0.000000000000000000e+00 3.744186046511627786e-01
8.322981366459627495e-01 6.645962732919254989e-01 1.000000000000000000e+00 7.985074626865671377e-01 8.744186046511628341e-01
8.535031847133758287e-01 6.993464052287581278e-01 1.000000000000000000e+00 8.230769230769230393e-01 8.888888888888888395e-01
5.000000000000000000e-01 0.000000000000000000e+00 0.000000000000000000e+00 0.000000000000000000e+00 3.744186046511627786e-01
5.096774193548386789e-01 2.127659574468085055e-02 9.345794392523363789e-03 1.298701298701298787e-02 3.913724045854242162e-01
5.000000000000000000e-01 0.000000000000000000e+00 0.000000000000000000e+00 0.000000000000000000e+00 3.744186046511627786e-01
