5.000000000000000000e-01 0.000000000000000000e+00 0.000000000000000000e+00 0.000000000000000000e+00 3.744186046511627786e-01
5.000000000000000000e-01 0.000000000000000000e+00 0.000000000000000000e+00 0.000000000000000000e+00 3.744186046511627786e-01
5.000000000000000000e-01 0.000000000000000000e+00 0.000000000000000000e+00 0.000000000000000000e+00 3.744186046511627786e-01
8.535031847133758287e-01 6.993464052287581278e-01 1.000000000000000000e+00 8.230769230769230393e-01 8.888888888888888395e-01
7.924528301886792914e-01 6.433566433566433318e-01 8.598130841121495171e-01 7.359999999999998765e-01 8.090534614873544639e-01
5.096774193548386789e-01 2.127659574468085055e-02 9.345794392523363789e-03 1.298701298701298787e-02 3.913724045854242162e-01
8.348909657320872091e-01 6.687499999999999556e-01 1.000000000000000000e+00 8.014981273408239293e-01 8.761682242990654901e-01
8.241042345276873293e-01 7.022900763358778109e-01 8.598130841121495171e-01 7.731092436974790205e-01 8.324065420560747830e-01
5.000000000000000000e-01 0.000000000000000000e+00 0.000000000000000000e+00 0.000000000000000000e+00 3.744186046511627786e-01
8.535031847133758287e-01 6.993464052287581278e-01 1.000000000000000000e+00 8.230769230769230393e-01 8.888888888888888395e-01
5.000000000000000000e-01 0.000000000000000000e+00 0.000000000000000000e+00 0.000000000000000000e+00 3.744186046511627786e-01
8.322981366459627495e-01 6.645962732919254989e-01 1.000000000000000000e+00 7.985074626865671377e-01 8.744186046511628341e-01
5.000000000000000000e-01 0.000000000000000000e+00 0.000000000000000000e+00 0.000000000000000000e+00 3.744186046511627786e-01
5.000000000000000000e-01 0.000000000000000000e+00 0.000000000000000000e+00 0.000000000000000000e+00 3.744186046511627786e-01
8.322981366459627495e-01 6.645962732919254989e-01 1.000000000000000000e+00 7.985074626865671377e-01 8.744186046511628341e-01
5.000000000000000000e-01 0.000000000000000000e+00 0.000000000000000000e+00 0.000000000000000000e+00 3.744186046511627786e-01
8.322981366459627495e-01 6.645962732919254989e-01 1.000000000000000000e+00 7.985074626865671377e-01 8.744186046511628341e-01
8.535031847133758287e-01 6.993464052287581278e-01 1.000000000000000000e+00 8.230769230769230393e-01 8.888888888888888395e-01
8.401253918495298345e-01 6.772151898734176667e-01 1.000000000000000000e+00 8.075471698113206864e-01 8.797169811320755262e-01
5.000000000000000000e-01 0.000000000000000000e+00 0.000000000000000000e+00 0.000000000000000000e+00 3.744186046511627786e-01
5.031446540880503138e-01 0.000000000000000000e+00 0.000000000000000000e+00 0.000000000000000000e+00 3.791469194312796498e-01
8.454258675078863972e-01 6.858974358974359031e-01 1.000000000000000000e+00 8.136882129277566156e-01 8.833333333333333037e-01
5.000000000000000000e-01 0.000000000000000000e+00 0.000000000000000000e+00 0.000000000000000000e+00 3.744186046511627786e-01
5.000000000000000000e-01 0.000000000000000000e+00 0.000000000000000000e+00 0.000000000000000000e+00 3.744186046511627786e-01
5.000000000000000000e-01 0.000000000000000000e+00 0.000000000000000000e+00 0.000000000000000000e+00 3.744186046511627786e-01
8.322981366459627495e-01 6.645962732919254989e-01 1.000000000000000000e+00 7.985074626865671377e-01 8.744186046511628341e-01
5.000000000000000000e-01 0.000000000000000000e+00 0.000000000000000000e+00 0.000000000000000000e+00 3.744186046511627786e-01
5.000000000000000000e-01 0.000000000000000000e+00 0.000000000000000000e+00 0.000000000000000000e+00 3.744186046511627786e-01
5.096774193548386789e-01 2.127659574468085055e-02 9.345794392523363789e-03 1.298701298701298787e-02 3.913724045854242162e-01
5.000000000000000000e-01 0.000000000000000000e+00 0.000000000000000000e+00 0.000000000000000000e+00 3.744186046511627786e-01
5.000000000000000000e-01 0.000000000000000000e+00 0.000000000000000000e+00 0.000000000000000000e+00 3.744186046511627786e-01
8.322981366459627495e-01 6.645962732919254989e-01 1.000000000000000000e+00 7.985074626865671377e-01 8.744186046511628341e-01
5.000000000000000000e-01 0.000000000000000000e+00 0.000000000000000000e+00 0.000000000000000000e+00 3.744186046511627786e-01
6.489028213166144754e-01 4.742268041237113207e-01 4.299065420560747586e-01 4.509803921568627527e-01 5.946702521601129332e-01
8.322981366459627495e-01 6.645962732919254989e-01 1.000000000000000000e+00 7.985074626865671377e-01 8.744186046511628341e-01
8.322981366459627495e-01 6.645962732919254989e-01 1.000000000000000000e+00 7.985074626865671377e-01 8.744186046511628341e-01
6.894409937888198447e-01 5.304347826086956985e-01 5.700934579439251859e-01 5.495495495495494875e-01 6.594653336231254270e-01
