5.641025641025640969e-01 0.000000000000000000e+00 0.000000000000000000e+00 0.000000000000000000e+00 4.292682926829268220e-01
8.874999999999999556e-01 7.482517482517482277e-01 1.000000000000000000e+00 8.559999999999999831e-01 9.154929577464788748e-01
6.270627062706271015e-01 4.117647058823529216e-01 1.308411214953270896e-01 1.985815602836878968e-01 5.144001525843981959e-01
8.145695364238411118e-01 7.741935483870967527e-01 6.728971962616822067e-01 7.200000000000000844e-01 7.826024442846872820e-01
5.531249999999999778e-01 2.631578947368420907e-02 9.345794392523363789e-03 1.379310344827586188e-02 4.178184371023648813e-01
5.728155339805824919e-01 3.703703703703703498e-02 9.345794392523363789e-03 1.492537313432835792e-02 4.403164615526972692e-01
5.500000000000000444e-01 2.564102564102564014e-02 9.345794392523363789e-03 1.369863013698630061e-02 4.154710192619893161e-01
5.677419354838709742e-01 0.000000000000000000e+00 0.000000000000000000e+00 0.000000000000000000e+00 4.334975369458128336e-01
9.250814332247556671e-01 8.230769230769230393e-01 1.000000000000000000e+00 9.029535864978902593e-01 9.425000000000000044e-01
8.393442622950819665e-01 7.685185185185184897e-01 7.757009345794392274e-01 7.720930232558138595e-01 8.247191541584063534e-01
5.967741935483871218e-01 2.352941176470588203e-01 7.476635514018691031e-02 1.134751773049645224e-01 4.733437687030983554e-01
6.938110749185667503e-01 6.031746031746031411e-01 3.551401869158878344e-01 4.470588235294117863e-01 6.150700934579439449e-01
7.859424920127795477e-01 6.999999999999999556e-01 6.542056074766354756e-01 6.763285024154588321e-01 7.542872697577351904e-01
5.723472668810289932e-01 3.571428571428571230e-02 9.345794392523363789e-03 1.481481481481481191e-02 4.384964266080264017e-01
9.073482428115016152e-01 7.867647058823529216e-01 1.000000000000000000e+00 8.806584362139917577e-01 9.296116504854369245e-01
5.496894409937888026e-01 0.000000000000000000e+00 0.000000000000000000e+00 0.000000000000000000e+00 4.116279069767441734e-01
5.496894409937888026e-01 0.000000000000000000e+00 0.000000000000000000e+00 0.000000000000000000e+00 4.116279069767441734e-01
9.044585987261146709e-01 7.810218978102190235e-01 1.000000000000000000e+00 8.770491803278688270e-01 9.275362318840579823e-01
9.015873015873016039e-01 7.753623188405797118e-01 1.000000000000000000e+00 8.734693877551020780e-01 9.254807692307691624e-01
9.250814332247556671e-01 8.230769230769230393e-01 1.000000000000000000e+00 9.029535864978902593e-01 9.425000000000000044e-01
6.501650165016501504e-01 5.121951219512195230e-01 1.962616822429906482e-01 2.837837837837837718e-01 5.471104329582300307e-01
5.496894409937888026e-01 0.000000000000000000e+00 0.000000000000000000e+00 0.000000000000000000e+00 4.116279069767441734e-01
5.496894409937888026e-01 0.000000000000000000e+00 0.000000000000000000e+00 0.000000000000000000e+00 4.116279069767441734e-01
5.482866043613706664e-01 0.000000000000000000e+00 0.000000000000000000e+00 0.000000000000000000e+00 4.112149532710280275e-01
5.723472668810289932e-01 3.571428571428571230e-02 9.345794392523363789e-03 1.481481481481481191e-02 4.384964266080264017e-01
9.073482428115016152e-01 7.867647058823529216e-01 1.000000000000000000e+00 8.806584362139917577e-01 9.296116504854369245e-01
5.496894409937888026e-01 0.000000000000000000e+00 0.000000000000000000e+00 0.000000000000000000e+00 4.116279069767441734e-01
5.496894409937888026e-01 0.000000000000000000e+00 0.000000000000000000e+00 0.000000000000000000e+00 4.116279069767441734e-01
5.496894409937888026e-01 0.000000000000000000e+00 0.000000000000000000e+00 0.000000000000000000e+00 4.116279069767441734e-01
5.813953488372093359e-01 4.761904761904761640e-02 9.345794392523363789e-03 1.562499999999999827e-02 4.531265054436843243e-01
5.482866043613706664e-01 0.000000000000000000e+00 0.000000000000000000e+00 0.000000000000000000e+00 4.112149532710280275e-01
5.496894409937888026e-01 0.000000000000000000e+00 0.000000000000000000e+00 0.000000000000000000e+00 4.116279069767441734e-01
9.131832797427652526e-01 7.985074626865671377e-01 1.000000000000000000e+00 8.879668049792530660e-01 9.338235294117647189e-01
9.530201342281878762e-01 8.842975206611570771e-01 1.000000000000000000e+00 9.385964912280702066e-01 9.633507853403141530e-01
5.496894409937888026e-01 0.000000000000000000e+00 0.000000000000000000e+00 0.000000000000000000e+00 4.116279069767441734e-01
5.496894409937888026e-01 0.000000000000000000e+00 0.000000000000000000e+00 0.000000000000000000e+00 4.116279069767441734e-01
5.705128205128204844e-01 3.448275862068965469e-02 9.345794392523363789e-03 1.470588235294117453e-02 4.363802142694323538e-01
