9.250814332247556671e-01 8.230769230769230393e-01 1.000000000000000000e+00 9.029535864978902593e-01 9.425000000000000044e-01
5.659163987138263741e-01 3.333333333333333287e-02 9.345794392523363789e-03 1.459854014598539924e-02 4.335944658237126381e-01
8.958990536277602335e-01 7.642857142857142350e-01 1.000000000000000000e+00 8.663967611336031993e-01 9.214285714285714857e-01
5.496894409937888026e-01 0.000000000000000000e+00 0.000000000000000000e+00 0.000000000000000000e+00 4.116279069767441734e-01
5.695792880258899737e-01 6.666666666666666574e-02 1.869158878504672758e-02 2.919708029197079849e-02 4.400388636994540525e-01
5.819397993311036243e-01 5.000000000000000278e-02 9.345794392523363789e-03 1.574803149606298844e-02 4.551937305295949421e-01
5.496894409937888026e-01 0.000000000000000000e+00 0.000000000000000000e+00 0.000000000000000000e+00 4.116279069767441734e-01
5.728155339805824919e-01 3.703703703703703498e-02 9.345794392523363789e-03 1.492537313432835792e-02 4.403164615526972692e-01
5.819397993311036243e-01 5.000000000000000278e-02 9.345794392523363789e-03 1.574803149606298844e-02 4.551937305295949421e-01
5.654952076677316475e-01 3.225806451612903136e-02 9.345794392523363789e-03 1.449275362318840250e-02 4.318573632156791353e-01
5.496894409937888026e-01 0.000000000000000000e+00 0.000000000000000000e+00 0.000000000000000000e+00 4.116279069767441734e-01
5.531249999999999778e-01 2.631578947368420907e-02 9.345794392523363789e-03 1.379310344827586188e-02 4.178184371023648813e-01
8.902821316614419889e-01 7.535211267605633756e-01 1.000000000000000000e+00 8.594377510040159818e-01 9.174528301886791803e-01
8.902821316614419889e-01 7.535211267605633756e-01 1.000000000000000000e+00 8.594377510040159818e-01 9.174528301886791803e-01
5.496894409937888026e-01 0.000000000000000000e+00 0.000000000000000000e+00 0.000000000000000000e+00 4.116279069767441734e-01
9.250814332247556671e-01 8.230769230769230393e-01 1.000000000000000000e+00 9.029535864978902593e-01 9.425000000000000044e-01
5.654952076677316475e-01 3.225806451612903136e-02 9.345794392523363789e-03 1.449275362318840250e-02 4.318573632156791353e-01
5.496894409937888026e-01 0.000000000000000000e+00 0.000000000000000000e+00 0.000000000000000000e+00 4.116279069767441734e-01
8.863636363636363535e-01 8.000000000000000444e-01 8.971962616822429792e-01 8.458149779735684159e-01 8.888966383038080510e-01
5.841584158415841221e-01 4.761904761904761640e-02 9.345794392523363789e-03 1.562499999999999827e-02 4.536524890329963200e-01
5.496894409937888026e-01 0.000000000000000000e+00 0.000000000000000000e+00 0.000000000000000000e+00 4.116279069767441734e-01
5.874587458745874624e-01 9.090909090909091161e-02 1.869158878504672758e-02 3.100775193798449222e-02 4.583253862292580583e-01
5.641025641025640969e-01 0.000000000000000000e+00 0.000000000000000000e+00 0.000000000000000000e+00 4.292682926829268220e-01
5.691318327974276281e-01 3.448275862068965469e-02 9.345794392523363789e-03 1.470588235294117453e-02 4.360454462158694922e-01
8.902821316614419889e-01 7.535211267605633756e-01 1.000000000000000000e+00 8.594377510040159818e-01 9.174528301886791803e-01
5.496894409937888026e-01 0.000000000000000000e+00 0.000000000000000000e+00 0.000000000000000000e+00 4.116279069767441734e-01
5.500000000000000444e-01 2.564102564102564014e-02 9.345794392523363789e-03 1.369863013698630061e-02 4.154710192619893161e-01
5.496894409937888026e-01 0.000000000000000000e+00 0.000000000000000000e+00 0.000000000000000000e+00 4.116279069767441734e-01
5.496894409937888026e-01 0.000000000000000000e+00 0.000000000000000000e+00 0.000000000000000000e+00 4.116279069767441734e-01
6.050955414012738620e-01 3.023255813953488191e-01 1.214953271028037379e-01 1.733333333333333393e-01 4.882838954354598027e-01
5.496894409937888026e-01 0.000000000000000000e+00 0.000000000000000000e+00 0.000000000000000000e+00 4.116279069767441734e-01
5.566037735849056478e-01 2.777777777777777624e-02 9.345794392523363789e-03 1.398601398601398600e-02 4.217345085706691865e-01
5.822368421052631637e-01 8.333333333333332871e-02 1.869158878504672758e-02 3.053435114503816328e-02 4.535082309407467149e-01
5.755627009646302472e-01 9.677419354838709409e-02 2.803738317757009310e-02 4.347826086956521618e-02 4.453912406083928577e-01
8.562300319488818090e-01 7.540983606557376540e-01 8.598130841121495171e-01 8.034934497816592636e-01 8.570910080754923221e-01
8.598726114649681840e-01 7.560975609756097615e-01 8.691588785046728827e-01 8.086956521739130377e-01 8.621156711363944236e-01
8.902821316614419889e-01 7.535211267605633756e-01 1.000000000000000000e+00 8.594377510040159818e-01 9.174528301886791803e-01
