5.496894409937888026e-01 0.000000000000000000e+00 0.000000000000000000e+00 0.000000000000000000e+00 4.116279069767441734e-01
5.569620253164556667e-01 2.857142857142857054e-02 9.345794392523363789e-03 1.408450704225351971e-02 4.233331842776013598e-01
5.785953177257524560e-01 4.761904761904761640e-02 9.345794392523363789e-03 1.562499999999999827e-02 4.525895638629283124e-01
9.073482428115016152e-01 7.867647058823529216e-01 1.000000000000000000e+00 8.806584362139917577e-01 9.296116504854369245e-01
8.888888888888888395e-01 8.067226890756302726e-01 8.971962616822429792e-01 8.495575221238937935e-01 8.908091861175034820e-01
5.785953177257524560e-01 4.761904761904761640e-02 9.345794392523363789e-03 1.562499999999999827e-02 4.525895638629283124e-01
9.250814332247556671e-01 8.230769230769230393e-01 1.000000000000000000e+00 9.029535864978902593e-01 9.425000000000000044e-01
9.015873015873016039e-01 7.753623188405797118e-01 1.000000000000000000e+00 8.734693877551020780e-01 9.254807692307691624e-01
5.496894409937888026e-01 0.000000000000000000e+00 0.000000000000000000e+00 0.000000000000000000e+00 4.116279069767441734e-01
6.401273885350318160e-01 4.444444444444444198e-01 2.242990654205607448e-01 2.981366459627329268e-01 5.396857645943383686e-01
5.496894409937888026e-01 0.000000000000000000e+00 0.000000000000000000e+00 0.000000000000000000e+00 4.116279069767441734e-01
9.250814332247556671e-01 8.230769230769230393e-01 1.000000000000000000e+00 9.029535864978902593e-01 9.425000000000000044e-01
5.496894409937888026e-01 0.000000000000000000e+00 0.000000000000000000e+00 0.000000000000000000e+00 4.116279069767441734e-01
6.132075471698112956e-01 3.518518518518518601e-01 1.775700934579439172e-01 2.360248447204968680e-01 5.058466581033794762e-01
9.044585987261146709e-01 7.810218978102190235e-01 1.000000000000000000e+00 8.770491803278688270e-01 9.275362318840579823e-01
5.566037735849056478e-01 2.777777777777777624e-02 9.345794392523363789e-03 1.398601398601398600e-02 4.217345085706691865e-01
9.044585987261146709e-01 7.810218978102190235e-01 1.000000000000000000e+00 8.770491803278688270e-01 9.275362318840579823e-01
9.044585987261146709e-01 7.810218978102190235e-01 1.000000000000000000e+00 8.770491803278688270e-01 9.275362318840579823e-01
9.015873015873016039e-01 7.753623188405797118e-01 1.000000000000000000e+00 8.734693877551020780e-01 9.254807692307691624e-01
5.482866043613706664e-01 0.000000000000000000e+00 0.000000000000000000e+00 0.000000000000000000e+00 4.112149532710280275e-01
5.755627009646302472e-01 9.677419354838709409e-02 2.803738317757009310e-02 4.347826086956521618e-02 4.453912406083928577e-01
9.190938511326860461e-01 8.106060606060605522e-01 1.000000000000000000e+00 8.953974895397489586e-01 9.381188118811880639e-01
5.496894409937888026e-01 0.000000000000000000e+00 0.000000000000000000e+00 0.000000000000000000e+00 4.116279069767441734e-01
5.775577557755775526e-01 4.347826086956521618e-02 9.345794392523363789e-03 1.538461538461538200e-02 4.485504482166697837e-01
6.132075471698112956e-01 3.518518518518518601e-01 1.775700934579439172e-01 2.360248447204968680e-01 5.058466581033794762e-01
9.044585987261146709e-01 7.810218978102190235e-01 1.000000000000000000e+00 8.770491803278688270e-01 9.275362318840579823e-01
5.496894409937888026e-01 0.000000000000000000e+00 0.000000000000000000e+00 0.000000000000000000e+00 4.116279069767441734e-01
5.792880258899676393e-01 1.034482758620689641e-01 2.803738317757009310e-02 4.411764705882353227e-02 4.496622559452206347e-01
5.496894409937888026e-01 0.000000000000000000e+00 0.000000000000000000e+00 0.000000000000000000e+00 4.116279069767441734e-01
5.496894409937888026e-01 0.000000000000000000e+00 0.000000000000000000e+00 0.000000000000000000e+00 4.116279069767441734e-01
5.496894409937888026e-01 0.000000000000000000e+00 0.000000000000000000e+00 0.000000000000000000e+00 4.116279069767441734e-01
9.250814332247556671e-01 8.230769230769230393e-01 1.000000000000000000e+00 9.029535864978902593e-01 9.425000000000000044e-01
5.635179153094462823e-01 3.448275862068965469e-02 9.345794392523363789e-03 1.470588235294117453e-02 4.346728971962616206e-01
6.153846153846154188e-01 3.333333333333333148e-01 7.476635514018691031e-02 1.221374045801526531e-01 4.957165109034267769e-01
8.847352024922118252e-01 7.430555555555555802e-01 1.000000000000000000e+00 8.525896414342629681e-01 9.135514018691589522e-01
8.987341772151898889e-01 7.697841726618704916e-01 1.000000000000000000e+00 8.699186991869918284e-01 9.234449760765549575e-01
8.305647840531561465e-01 7.916666666666666297e-01 7.102803738317756688e-01 7.487684729064038036e-01 8.035937951633106424e-01
