8.562091503267973414e-01 8.987341772151898889e-01 6.635514018691588412e-01 7.634408602150538625e-01 8.116751984220166305e-01
9.503105590062111974e-01 8.699186991869918284e-01 1.000000000000000000e+00 9.304347826086956097e-01 9.627906976744186052e-01
9.591194968553459210e-01 8.916666666666667185e-01 1.000000000000000000e+00 9.427312775330397576e-01 9.691943127962086013e-01
9.503105590062111974e-01 8.699186991869918284e-01 1.000000000000000000e+00 9.304347826086956097e-01 9.627906976744186052e-01
8.476821192052980125e-01 8.961038961038960693e-01 6.448598130841121101e-01 7.500000000000000000e-01 8.019170860292356151e-01
9.532710280373831724e-01 8.770491803278688270e-01 1.000000000000000000e+00 9.344978165938864212e-01 9.649532710280374070e-01
6.205787781350482479e-01 1.333333333333333315e-01 1.869158878504672758e-02 3.278688524590163411e-02 4.774830492944841520e-01
6.233333333333332948e-01 2.500000000000000000e-01 2.803738317757009310e-02 5.042016806722689204e-02 4.907026294126192179e-01
6.116838487972509064e-01 1.250000000000000000e-01 9.345794392523363789e-03 1.739130434782608717e-02 4.856511580658268157e-01
9.745222929936305789e-01 9.304347826086956097e-01 1.000000000000000000e+00 9.639639639639638879e-01 9.806763285024154841e-01
9.260450160771703798e-01 9.038461538461538547e-01 8.785046728971962482e-01 8.909952606635070937e-01 9.147425325270294172e-01
9.592476489028213260e-01 8.916666666666667185e-01 1.000000000000000000e+00 9.427312775330397576e-01 9.693396226415094130e-01
9.503105590062111974e-01 8.699186991869918284e-01 1.000000000000000000e+00 9.304347826086956097e-01 9.627906976744186052e-01
7.942122186495176317e-01 8.208955223880597396e-01 5.140186915887849928e-01 6.321839080459770166e-01 7.275975810885101369e-01
9.503105590062111974e-01 8.699186991869918284e-01 1.000000000000000000e+00 9.304347826086956097e-01 9.627906976744186052e-01
5.836177474402730603e-01 0.000000000000000000e+00 0.000000000000000000e+00 0.000000000000000000e+00 4.596774193548386900e-01
9.503105590062111974e-01 8.699186991869918284e-01 1.000000000000000000e+00 9.304347826086956097e-01 9.627906976744186052e-01
9.503105590062111974e-01 8.699186991869918284e-01 1.000000000000000000e+00 9.304347826086956097e-01 9.627906976744186052e-01
9.503105590062111974e-01 8.699186991869918284e-01 1.000000000000000000e+00 9.304347826086956097e-01 9.627906976744186052e-01
7.916666666666666297e-01 8.088235294117647189e-01 5.140186915887849928e-01 6.285714285714285587e-01 7.253020287212217365e-01
8.387096774193548709e-01 8.701298701298700866e-01 6.261682242990653791e-01 7.282608695652172948e-01 7.884535702776114263e-01
5.772357723577236088e-01 6.153846153846154188e-01 7.476635514018691031e-02 1.333333333333333315e-01 5.193975660593020960e-01
9.744408945686900969e-01 9.304347826086956097e-01 1.000000000000000000e+00 9.639639639639638879e-01 9.805825242718446688e-01
9.592476489028213260e-01 8.916666666666667185e-01 1.000000000000000000e+00 9.427312775330397576e-01 9.693396226415094130e-01
7.942122186495176317e-01 8.208955223880597396e-01 5.140186915887849928e-01 6.321839080459770166e-01 7.275975810885101369e-01
9.503105590062111974e-01 8.699186991869918284e-01 1.000000000000000000e+00 9.304347826086956097e-01 9.627906976744186052e-01
6.085526315789473450e-01 0.000000000000000000e+00 0.000000000000000000e+00 0.000000000000000000e+00 4.695431472081218471e-01
5.615384615384615419e-01 0.000000000000000000e+00 0.000000000000000000e+00 0.000000000000000000e+00 4.771241830065359735e-01
9.562500000000000444e-01 8.842975206611570771e-01 1.000000000000000000e+00 9.385964912280702066e-01 9.671361502347417538e-01
9.615384615384615641e-01 8.991596638655462437e-01 1.000000000000000000e+00 9.469026548672566657e-01 9.707317073170731447e-01
7.096774193548387455e-01 7.428571428571428825e-01 2.429906542056074759e-01 3.661971830985915055e-01 5.993278394180746593e-01
9.503105590062111974e-01 8.699186991869918284e-01 1.000000000000000000e+00 9.304347826086956097e-01 9.627906976744186052e-01
5.305343511450382188e-01 0.000000000000000000e+00 0.000000000000000000e+00 0.000000000000000000e+00 4.483870967741935276e-01
9.503105590062111974e-01 8.699186991869918284e-01 1.000000000000000000e+00 9.304347826086956097e-01 9.627906976744186052e-01
9.503105590062111974e-01 8.699186991869918284e-01 1.000000000000000000e+00 9.304347826086956097e-01 9.627906976744186052e-01
9.503105590062111974e-01 8.699186991869918284e-01 1.000000000000000000e+00 9.304347826086956097e-01 9.627906976744186052e-01
6.433566433566433318e-01 6.190476190476190688e-01 1.214953271028037379e-01 2.031250000000000000e-01 5.384012948363180451e-01
