9.503105590062111974e-01 8.699186991869918284e-01 1.000000000000000000e+00 9.304347826086956097e-01 9.627906976744186052e-01
6.064981949458483346e-01 4.545454545454545303e-01 9.345794392523364136e-02 1.550387596899225062e-01 5.114348543155580185e-01
9.503105590062111974e-01 8.699186991869918284e-01 1.000000000000000000e+00 9.304347826086956097e-01 9.627906976744186052e-01
6.296296296296296502e-01 4.210526315789473450e-01 7.476635514018691031e-02 1.269841269841269771e-01 5.084358091490408516e-01
7.670807453416148558e-01 7.500000000000000000e-01 4.485981308411214896e-01 5.614035087719297934e-01 6.870897630949793777e-01
9.503105590062111974e-01 8.699186991869918284e-01 1.000000000000000000e+00 9.304347826086956097e-01 9.627906976744186052e-01
9.503105590062111974e-01 8.699186991869918284e-01 1.000000000000000000e+00 9.304347826086956097e-01 9.627906976744186052e-01
6.059602649006622377e-01 0.000000000000000000e+00 0.000000000000000000e+00 0.000000000000000000e+00 4.692307692307692291e-01
9.503105590062111974e-01 8.699186991869918284e-01 1.000000000000000000e+00 9.304347826086956097e-01 9.627906976744186052e-01
9.499999999999999556e-01 8.699186991869918284e-01 1.000000000000000000e+00 9.304347826086956097e-01 9.624413145539906234e-01
9.503105590062111974e-01 8.699186991869918284e-01 1.000000000000000000e+00 9.304347826086956097e-01 9.627906976744186052e-01
9.503105590062111974e-01 8.699186991869918284e-01 1.000000000000000000e+00 9.304347826086956097e-01 9.627906976744186052e-01
7.731629392971246517e-01 8.103448275862068506e-01 4.392523364485981241e-01 5.696969696969697017e-01 6.929271390980854539e-01
6.111111111111111605e-01 0.000000000000000000e+00 0.000000000000000000e+00 0.000000000000000000e+00 4.698492462311557594e-01
9.503105590062111974e-01 8.699186991869918284e-01 1.000000000000000000e+00 9.304347826086956097e-01 9.627906976744186052e-01
9.562500000000000444e-01 8.842975206611570771e-01 1.000000000000000000e+00 9.385964912280702066e-01 9.671361502347417538e-01
7.507788161993769194e-01 7.368421052631578538e-01 3.925233644859812965e-01 5.121951219512195230e-01 6.612149532710280830e-01
8.808777429467085085e-01 8.631578947368421240e-01 7.663551401869158619e-01 8.118811881188119361e-01 8.525171927349672885e-01
9.562500000000000444e-01 8.842975206611570771e-01 1.000000000000000000e+00 9.385964912280702066e-01 9.671361502347417538e-01
9.503105590062111974e-01 8.699186991869918284e-01 1.000000000000000000e+00 9.304347826086956097e-01 9.627906976744186052e-01
9.503105590062111974e-01 8.699186991869918284e-01 1.000000000000000000e+00 9.304347826086956097e-01 9.627906976744186052e-01
8.012820512820513219e-01 8.169014084507042472e-01 5.420560747663550893e-01 6.516853932584268927e-01 7.393207203100067293e-01
9.503105590062111974e-01 8.699186991869918284e-01 1.000000000000000000e+00 9.304347826086956097e-01 9.627906976744186052e-01
6.655518394648829439e-01 6.521739130434782705e-01 1.401869158878504551e-01 2.307692307692307265e-01 5.492601246105919266e-01
6.111111111111111605e-01 0.000000000000000000e+00 0.000000000000000000e+00 0.000000000000000000e+00 4.698492462311557594e-01
9.503105590062111974e-01 8.699186991869918284e-01 1.000000000000000000e+00 9.304347826086956097e-01 9.627906976744186052e-01
8.378378378378378288e-01 8.831168831168830780e-01 6.355140186915887446e-01 7.391304347826086474e-01 7.939474855362705918e-01
9.562500000000000444e-01 8.842975206611570771e-01 1.000000000000000000e+00 9.385964912280702066e-01 9.671361502347417538e-01
5.684210526315789380e-01 0.000000000000000000e+00 0.000000000000000000e+00 0.000000000000000000e+00 4.550561797752809001e-01
9.503105590062111974e-01 8.699186991869918284e-01 1.000000000000000000e+00 9.304347826086956097e-01 9.627906976744186052e-01
8.090614886731392064e-01 8.529411764705882026e-01 5.420560747663550893e-01 6.628571428571428115e-01 7.462755621356527147e-01
9.503105590062111974e-01 8.699186991869918284e-01 1.000000000000000000e+00 9.304347826086956097e-01 9.627906976744186052e-01
9.503105590062111974e-01 8.699186991869918284e-01 1.000000000000000000e+00 9.304347826086956097e-01 9.627906976744186052e-01
5.419847328244274953e-01 0.000000000000000000e+00 0.000000000000000000e+00 0.000000000000000000e+00 4.580645161290322620e-01
9.503105590062111974e-01 8.699186991869918284e-01 1.000000000000000000e+00 9.304347826086956097e-01 9.627906976744186052e-01
9.503105590062111974e-01 8.699186991869918284e-01 1.000000000000000000e+00 9.304347826086956097e-01 9.627906976744186052e-01
9.503105590062111974e-01 8.699186991869918284e-01 1.000000000000000000e+00 9.304347826086956097e-01 9.627906976744186052e-01
