9.276729559748427834e-01 8.818181818181818343e-01 9.065420560747663448e-01 8.940092165898616550e-01 9.224653408335917737e-01
9.503105590062111974e-01 8.699186991869918284e-01 1.000000000000000000e+00 9.304347826086956097e-01 9.627906976744186052e-01
5.351562500000000000e-01 0.000000000000000000e+00 0.000000000000000000e+00 0.000000000000000000e+00 4.597315436241610764e-01
9.558359621451104626e-01 8.842975206611570771e-01 1.000000000000000000e+00 9.385964912280702066e-01 9.666666666666666741e-01
9.705882352941176405e-01 9.224137931034482873e-01 1.000000000000000000e+00 9.596412556053811604e-01 9.773869346733669028e-01
9.555555555555556024e-01 8.842975206611570771e-01 1.000000000000000000e+00 9.385964912280702066e-01 9.663461538461538547e-01
6.414473684210526550e-01 4.444444444444444198e-01 7.476635514018691031e-02 1.280000000000000027e-01 5.120024669101950199e-01
9.585987261146496907e-01 8.916666666666667185e-01 1.000000000000000000e+00 9.427312775330397576e-01 9.685990338164250923e-01
9.562500000000000444e-01 8.842975206611570771e-01 1.000000000000000000e+00 9.385964912280702066e-01 9.671361502347417538e-01
9.562500000000000444e-01 8.842975206611570771e-01 1.000000000000000000e+00 9.385964912280702066e-01 9.671361502347417538e-01
5.979729729729730270e-01 0.000000000000000000e+00 0.000000000000000000e+00 0.000000000000000000e+00 4.682539682539682557e-01
9.647435897435897578e-01 9.067796610169491789e-01 1.000000000000000000e+00 9.511111111111111294e-01 9.731707317073170493e-01
9.592476489028213260e-01 8.916666666666667185e-01 1.000000000000000000e+00 9.427312775330397576e-01 9.693396226415094130e-01
5.688405797101449002e-01 0.000000000000000000e+00 0.000000000000000000e+00 0.000000000000000000e+00 4.644970414201183284e-01
9.503105590062111974e-01 8.699186991869918284e-01 1.000000000000000000e+00 9.304347826086956097e-01 9.627906976744186052e-01
8.921568627450980893e-01 9.111111111111110938e-01 7.663551401869158619e-01 8.324873096446701037e-01 8.630770675808950854e-01
7.380191693290735211e-01 7.551020408163264808e-01 3.457943925233644689e-01 4.743589743589743390e-01 6.437709826694492099e-01
6.045751633986927720e-01 0.000000000000000000e+00 0.000000000000000000e+00 0.000000000000000000e+00 4.648241206030150896e-01
9.503105590062111974e-01 8.699186991869918284e-01 1.000000000000000000e+00 9.304347826086956097e-01 9.627906976744186052e-01
5.899280575539568305e-01 0.000000000000000000e+00 0.000000000000000000e+00 0.000000000000000000e+00 4.795321637426900319e-01
6.442307692307692735e-01 4.090909090909091161e-01 8.411214953271027583e-02 1.395348837209302306e-01 5.103487576931843295e-01
9.592476489028213260e-01 8.916666666666667185e-01 1.000000000000000000e+00 9.427312775330397576e-01 9.693396226415094130e-01
5.965517241379310054e-01 0.000000000000000000e+00 0.000000000000000000e+00 0.000000000000000000e+00 4.726775956284153257e-01
9.532710280373831724e-01 8.770491803278688270e-01 1.000000000000000000e+00 9.344978165938864212e-01 9.649532710280374070e-01
5.688405797101449002e-01 0.000000000000000000e+00 0.000000000000000000e+00 0.000000000000000000e+00 4.644970414201183284e-01
9.503105590062111974e-01 8.699186991869918284e-01 1.000000000000000000e+00 9.304347826086956097e-01 9.627906976744186052e-01
7.110389610389610260e-01 7.249999999999999778e-01 2.710280373831775447e-01 3.945578231292516391e-01 6.081508346119868236e-01
6.770833333333333703e-01 7.058823529411765163e-01 2.242990654205607448e-01 3.404255319148936088e-01 5.845252233180151524e-01
9.265175718849840703e-01 8.888888888888888395e-01 8.971962616822429792e-01 8.930232558139534760e-01 9.194719172488885484e-01
7.849829351535836386e-01 8.235294117647058432e-01 5.233644859813083583e-01 6.400000000000000133e-01 7.294241784745252311e-01
6.574394463667819766e-01 6.428571428571429047e-01 1.682242990654205517e-01 2.666666666666666630e-01 5.566396220601828038e-01
9.554140127388535131e-01 9.115044247787610354e-01 9.626168224299065379e-01 9.363636363636363980e-01 9.571538218429725964e-01
9.503105590062111974e-01 8.699186991869918284e-01 1.000000000000000000e+00 9.304347826086956097e-01 9.627906976744186052e-01
7.444794952681388356e-01 7.407407407407406996e-01 3.738317757009345654e-01 4.968944099378881374e-01 6.535825545171339845e-01
6.091205211726384849e-01 0.000000000000000000e+00 0.000000000000000000e+00 0.000000000000000000e+00 4.675000000000000266e-01
9.558359621451104626e-01 8.842975206611570771e-01 1.000000000000000000e+00 9.385964912280702066e-01 9.666666666666666741e-01
9.621451104100946505e-01 8.991596638655462437e-01 1.000000000000000000e+00 9.469026548672566657e-01 9.714285714285714191e-01
