5.618729096989966143e-01 1.842105263157894635e-01 6.542056074766354479e-02 9.655172413793101927e-02 4.519811137071650387e-01
8.662420382165605393e-01 7.181208053691274795e-01 1.000000000000000000e+00 8.359375000000000000e-01 8.985507246376811530e-01
5.809859154929577496e-01 7.142857142857142461e-02 9.345794392523363789e-03 1.652892561983470773e-02 4.679497333544537230e-01
5.855263157894736725e-01 2.978723404255319007e-01 1.308411214953270896e-01 1.818181818181817955e-01 4.816642155699986105e-01
5.124223602484472284e-01 0.000000000000000000e+00 0.000000000000000000e+00 0.000000000000000000e+00 3.837209302325581550e-01
5.635738831615120237e-01 8.333333333333332871e-02 1.869158878504672758e-02 3.053435114503816328e-02 4.495631856968712037e-01
5.567010309278350721e-01 4.166666666666666435e-02 9.345794392523363789e-03 1.526717557251908164e-02 4.421728971962616273e-01
5.463576158940397498e-01 3.125000000000000000e-02 9.345794392523363789e-03 1.438848920863309254e-02 4.251857177090821449e-01
8.888888888888888395e-01 7.588652482269503396e-01 1.000000000000000000e+00 8.629032258064516236e-01 9.145728643216081144e-01
6.013289036544851029e-01 3.673469387755102233e-01 1.682242990654205517e-01 2.307692307692307820e-01 5.042152423162155062e-01
6.973684210526315264e-01 5.949367088607594445e-01 4.392523364485981241e-01 5.053763440860213896e-01 6.384078941126238860e-01
7.508196721311475308e-01 6.597938144329896781e-01 5.981308411214952825e-01 6.274509803921567430e-01 7.157320872274144374e-01
5.562700964630225009e-01 1.702127659574468044e-01 7.476635514018691031e-02 1.038961038961039030e-01 4.417949422759758216e-01
6.546052631578946901e-01 5.151515151515151381e-01 3.177570093457943723e-01 3.930635838150288719e-01 5.776602305612219546e-01
8.774193548387096975e-01 7.379310344827586521e-01 1.000000000000000000e+00 8.492063492063492980e-01 9.064039408866995107e-01
5.525423728813558810e-01 6.896551724137930939e-02 1.869158878504672758e-02 2.941176470588234906e-02 4.375372837542255144e-01
5.704467353951889752e-01 5.000000000000000278e-02 9.345794392523363789e-03 1.574803149606298844e-02 4.530424624136529244e-01
5.254777070063694211e-01 0.000000000000000000e+00 0.000000000000000000e+00 0.000000000000000000e+00 3.985507246376811530e-01
8.690095846645367050e-01 7.229729729729730270e-01 1.000000000000000000e+00 8.392156862745098200e-01 9.004854368932038167e-01
8.918032786885246033e-01 7.642857142857142350e-01 1.000000000000000000e+00 8.663967611336031993e-01 9.166666666666667407e-01
6.531986531986532230e-01 5.344827586206896131e-01 2.897196261682242757e-01 3.757575757575756792e-01 5.738071815051647429e-01
5.890410958904109817e-01 2.903225806451613100e-01 8.411214953271027583e-02 1.304347826086956486e-01 4.825966153068956266e-01
5.555555555555555802e-01 6.896551724137930939e-02 1.869158878504672758e-02 2.941176470588234906e-02 4.382931628135759983e-01
6.185567010309278579e-01 4.411764705882352811e-01 1.401869158878504551e-01 2.127659574468084847e-01 5.184630231613164275e-01
6.546052631578946901e-01 5.151515151515151381e-01 3.177570093457943723e-01 3.930635838150288719e-01 5.776602305612219546e-01
8.774193548387096975e-01 7.379310344827586521e-01 1.000000000000000000e+00 8.492063492063492980e-01 9.064039408866995107e-01
5.326797385620914982e-01 2.631578947368420907e-02 9.345794392523363789e-03 1.379310344827586188e-02 4.117080730756585982e-01
5.513698630136986134e-01 3.846153846153846367e-02 9.345794392523363789e-03 1.503759398496240518e-02 4.371053296286940837e-01
5.377049180327868605e-01 2.777777777777777624e-02 9.345794392523363789e-03 1.398601398601398600e-02 4.162890588124232294e-01
5.503355704697986406e-01 3.448275862068965469e-02 9.345794392523363789e-03 1.470588235294117453e-02 4.313744678768899332e-01
5.389610389610389740e-01 2.702702702702702853e-02 9.345794392523363789e-03 1.388888888888888638e-02 4.151206583902914971e-01
5.586206896551724199e-01 4.347826086956521618e-02 9.345794392523363789e-03 1.538461538461538200e-02 4.445636075787752772e-01
8.662420382165605393e-01 7.181208053691274795e-01 1.000000000000000000e+00 8.359375000000000000e-01 8.985507246376811530e-01
5.665529010238907759e-01 4.545454545454545581e-02 9.345794392523363789e-03 1.550387596899224611e-02 4.482212842930358154e-01
5.907473309608540779e-01 1.000000000000000056e-01 9.345794392523363789e-03 1.709401709401709227e-02 4.788108282307443897e-01
5.500000000000000444e-01 3.333333333333333287e-02 9.345794392523363789e-03 1.459854014598539924e-02 4.295433635175051612e-01
5.669014084507042472e-01 1.000000000000000056e-01 1.869158878504672758e-02 3.149606299212597688e-02 4.584983367654047459e-01
