5.540540540540540571e-01 3.703703703703703498e-02 9.345794392523363789e-03 1.492537313432835792e-02 4.358898284131928480e-01
5.433333333333333348e-01 3.125000000000000000e-02 9.345794392523363789e-03 1.438848920863309254e-02 4.243620163672460754e-01
5.783972125435540290e-01 6.250000000000000000e-02 9.345794392523363789e-03 1.626016260162601451e-02 4.630062305295949421e-01
8.859934853420194933e-01 7.535211267605633756e-01 1.000000000000000000e+00 8.594377510040159818e-01 9.124999999999999778e-01
8.947368421052631637e-01 7.697841726618704916e-01 1.000000000000000000e+00 8.699186991869918284e-01 9.187817258883248517e-01
5.830388692579505650e-01 7.692307692307692735e-02 9.345794392523363789e-03 1.666666666666666644e-02 4.705819881053525666e-01
8.888888888888888395e-01 7.588652482269503396e-01 1.000000000000000000e+00 8.629032258064516236e-01 9.145728643216081144e-01
7.051282051282051766e-01 5.789473684210526550e-01 5.140186915887849928e-01 5.445544554455444830e-01 6.594483701846364232e-01
5.503355704697986406e-01 9.090909090909091161e-02 2.803738317757009310e-02 4.285714285714285754e-02 4.354846601751724000e-01
7.806451612903225756e-01 6.695652173913043681e-01 7.196261682242990343e-01 6.936936936936938247e-01 7.662170249988490278e-01
5.324675324675324228e-01 0.000000000000000000e+00 0.000000000000000000e+00 0.000000000000000000e+00 4.079601990049751548e-01
8.888888888888888395e-01 7.588652482269503396e-01 1.000000000000000000e+00 8.629032258064516236e-01 9.145728643216081144e-01
5.409836065573770947e-01 2.857142857142857054e-02 9.345794392523363789e-03 1.408450704225351971e-02 4.188143113376757709e-01
6.262626262626262985e-01 4.600000000000000200e-01 2.149532710280373793e-01 2.929936305732484536e-01 5.364240039350712808e-01
8.947368421052631637e-01 7.697841726618704916e-01 1.000000000000000000e+00 8.699186991869918284e-01 9.187817258883248517e-01
5.547945205479452024e-01 4.000000000000000083e-02 9.345794392523363789e-03 1.515151515151515020e-02 4.398080323313967588e-01
8.662420382165605393e-01 7.181208053691274795e-01 1.000000000000000000e+00 8.359375000000000000e-01 8.985507246376811530e-01
9.066666666666666208e-01 7.925925925925926263e-01 1.000000000000000000e+00 8.842975206611569661e-01 9.274611398963731324e-01
5.586206896551724199e-01 4.347826086956521618e-02 9.345794392523363789e-03 1.538461538461538200e-02 4.445636075787752772e-01
5.491525423728813582e-01 3.571428571428571230e-02 9.345794392523363789e-03 1.481481481481481191e-02 4.328643865579637762e-01
5.714285714285713969e-01 6.666666666666666574e-02 9.345794392523363789e-03 1.639344262295081706e-02 4.642104694505969076e-01
8.745980707395498710e-01 7.328767123287671659e-01 1.000000000000000000e+00 8.458498023715415037e-01 9.044117647058823595e-01
5.239616613418530688e-01 0.000000000000000000e+00 0.000000000000000000e+00 0.000000000000000000e+00 3.980582524271844558e-01
5.307443365695793114e-01 2.500000000000000139e-02 9.345794392523363789e-03 1.360544217687074606e-02 4.081382437309151179e-01
6.262626262626262985e-01 4.600000000000000200e-01 2.149532710280373793e-01 2.929936305732484536e-01 5.364240039350712808e-01
8.947368421052631637e-01 7.697841726618704916e-01 1.000000000000000000e+00 8.699186991869918284e-01 9.187817258883248517e-01
5.415282392026578018e-01 5.714285714285714107e-02 1.869158878504672758e-02 2.816901408450703942e-02 4.242942480007707573e-01
5.886287625418060721e-01 2.999999999999999889e-01 1.121495327102803724e-01 1.632653061224489943e-01 4.831580996884735080e-01
5.460526315789473450e-01 3.030303030303030387e-02 9.345794392523363789e-03 1.428571428571428353e-02 4.234546230845864789e-01
5.256410256410256610e-01 0.000000000000000000e+00 0.000000000000000000e+00 0.000000000000000000e+00 4.000000000000000222e-01
5.830508474576271416e-01 2.500000000000000000e-01 7.476635514018691031e-02 1.151079136690647403e-01 4.735533903360509278e-01
8.947368421052631637e-01 7.697841726618704916e-01 1.000000000000000000e+00 8.699186991869918284e-01 9.187817258883248517e-01
5.239616613418530688e-01 2.272727272727272790e-02 9.345794392523363789e-03 1.324503311258277971e-02 4.003039651574267221e-01
6.220735785953177555e-01 4.400000000000000022e-01 2.056074766355140138e-01 2.802547770700636875e-01 5.298870716510903911e-01
8.607594936708861111e-01 7.086092715231787631e-01 1.000000000000000000e+00 8.294573643410853014e-01 8.947368421052631637e-01
8.634920634920635329e-01 7.133333333333333748e-01 1.000000000000000000e+00 8.326848249027237747e-01 8.966346153846154188e-01
8.316831683168316447e-01 7.372881355932203729e-01 8.130841121495326895e-01 7.733333333333334281e-01 8.274604234217051157e-01
