8.802588996763753837e-01 7.430555555555555802e-01 1.000000000000000000e+00 8.525896414342629681e-01 9.084158415841584455e-01
5.789473684210526550e-01 1.176470588235294101e-01 1.869158878504672758e-02 3.225806451612902442e-02 4.672109629318492163e-01
8.888888888888888395e-01 7.588652482269503396e-01 1.000000000000000000e+00 8.629032258064516236e-01 9.145728643216081144e-01
5.290322580645161477e-01 2.439024390243902524e-02 9.345794392523363789e-03 1.351351351351351079e-02 4.061507297085769075e-01
5.433333333333333348e-01 3.125000000000000000e-02 9.345794392523363789e-03 1.438848920863309254e-02 4.243620163672460754e-01
5.239616613418530688e-01 2.272727272727272790e-02 9.345794392523363789e-03 1.324503311258277971e-02 4.003039651574267221e-01
5.789473684210526550e-01 6.666666666666666574e-02 9.345794392523363789e-03 1.639344262295081706e-02 4.653470544996324287e-01
5.532646048109965964e-01 4.000000000000000083e-02 9.345794392523363789e-03 1.515151515151515020e-02 4.394555058919137891e-01
5.514950166112956298e-01 3.333333333333333287e-02 9.345794392523363789e-03 1.459854014598539924e-02 4.299306291550245018e-01
6.028368794326240954e-01 3.809523809523809312e-01 7.476635514018691031e-02 1.249999999999999861e-01 5.002403204272363180e-01
5.442622950819672178e-01 5.555555555555555247e-02 1.869158878504672758e-02 2.797202797202797200e-02 4.234872085339375092e-01
5.124223602484472284e-01 0.000000000000000000e+00 0.000000000000000000e+00 0.000000000000000000e+00 3.837209302325581550e-01
8.662420382165605393e-01 7.181208053691274795e-01 1.000000000000000000e+00 8.359375000000000000e-01 8.985507246376811530e-01
8.662420382165605393e-01 7.181208053691274795e-01 1.000000000000000000e+00 8.359375000000000000e-01 8.985507246376811530e-01
5.256410256410256610e-01 0.000000000000000000e+00 0.000000000000000000e+00 0.000000000000000000e+00 4.000000000000000222e-01
8.859934853420194933e-01 7.535211267605633756e-01 1.000000000000000000e+00 8.594377510040159818e-01 9.124999999999999778e-01
5.457627118644067243e-01 3.448275862068965469e-02 9.345794392523363789e-03 1.470588235294117453e-02 4.302048120898786521e-01
5.269841269841269993e-01 2.272727272727272790e-02 9.345794392523363789e-03 1.324503311258277971e-02 4.013075125808770460e-01
6.925566343042071082e-01 5.697674418604651292e-01 4.579439252336448551e-01 5.077720207253886286e-01 6.373878042009808453e-01
5.521885521885522286e-01 3.571428571428571230e-02 9.345794392523363789e-03 1.481481481481481191e-02 4.336202656173142600e-01
5.290322580645161477e-01 2.439024390243902524e-02 9.345794392523363789e-03 1.351351351351351079e-02 4.061507297085769075e-01
5.521885521885522286e-01 3.571428571428571230e-02 9.345794392523363789e-03 1.481481481481481191e-02 4.336202656173142600e-01
5.540540540540540571e-01 3.703703703703703498e-02 9.345794392523363789e-03 1.492537313432835792e-02 4.358898284131928480e-01
5.567010309278350721e-01 7.692307692307692735e-02 1.869158878504672758e-02 3.007518796992481036e-02 4.441284030881755274e-01
8.662420382165605393e-01 7.181208053691274795e-01 1.000000000000000000e+00 8.359375000000000000e-01 8.985507246376811530e-01
5.256410256410256610e-01 0.000000000000000000e+00 0.000000000000000000e+00 0.000000000000000000e+00 4.000000000000000222e-01
5.836177474402730603e-01 2.580645161290322509e-01 7.476635514018691031e-02 1.159420289855072200e-01 4.755552205808461497e-01
5.445544554455445940e-01 5.714285714285714107e-02 1.869158878504672758e-02 2.816901408450703942e-02 4.251621209231356002e-01
5.124223602484472284e-01 0.000000000000000000e+00 0.000000000000000000e+00 0.000000000000000000e+00 3.837209302325581550e-01
7.974276527331189968e-01 6.803278688524589946e-01 7.757009345794392274e-01 7.248908296943231688e-01 7.922622319956019732e-01
5.377049180327868605e-01 2.777777777777777624e-02 9.345794392523363789e-03 1.398601398601398600e-02 4.162890588124232294e-01
5.342019543973941520e-01 2.631578947368420907e-02 9.345794392523363789e-03 1.379310344827586188e-02 4.121728971962616006e-01
5.303514376996805169e-01 6.521739130434782428e-02 2.803738317757009310e-02 3.921568627450980338e-02 4.096497595499500322e-01
6.193771626297578381e-01 4.516129032258064391e-01 1.308411214953270896e-01 2.028985507246376663e-01 5.187172640443667992e-01
6.105610561056105112e-01 3.921568627450980338e-01 1.869158878504672827e-01 2.531645569620253333e-01 5.143763112721724262e-01
8.745980707395498710e-01 7.328767123287671659e-01 1.000000000000000000e+00 8.458498023715415037e-01 9.044117647058823595e-01
8.662420382165605393e-01 7.181208053691274795e-01 1.000000000000000000e+00 8.359375000000000000e-01 8.985507246376811530e-01
